53.130001
53.27
54.439999
54.810001
54.830002
55.43
55.049999
55.799999
55.93
56.16
56.700001
56.639999
56.32
56.869999
56.27
56.23
56.16
56.700001
56.830002
55.77
55.849998
56.130001
56.080002
58.66
59.23
59.299999
59.509998
60.369999
60.34
60.73
60.810001
60.400002
60.099998
60.630001
60.150002
59.209999
58.990002
59.279999
59.380001
59.209999
59.509998
60.549999
60.330002
59.790001
60.610001
59.77
59.240002
58.880001
59.400002
58.799999
59.310001
59.130001
59.77
59.220001
59.630001
59.860001
59.799999
60.73
61.189999
61.52
61.549999
61.209999
61.380001
60.98
61.369999
61.5
60.540001
59.720001
59.91
60.080002
59.790001
59.939999
60.200001
60.369999
60.130001
60.869999
60.139999
59.68
58.57
59.330002
59.619999
59.380001
62.139999
60.860001
61.25
61.740002
62.959999
62.77
62.68
62.900002
63.459999
63.490002
63.900002
64.720001
64.379997
64.290001
64.709999
65.139999
65.019997
66.110001
66.139999
65.440002
65.68
65.959999
66.080002
66.169998
66.089996
65.919998
65.779999
64.730003
64.110001
64.389999
63.98
64.199997
64.870003
65.150002
65.830002
65.699997
66.360001
66.559998
66.599998
66.620003
67.540001
66.989998
66.910004
66.120003
66.440002
66.879997
67.25
67.019997
67.32
67.389999
67.709999
67.970001
67.489998
68.029999
68.019997
68.129997
68.370003
68.220001
68.25
68.110001
67.470001
66.809998
67.129997
67.459999
67.309998
68.739998
68.790001
69.959999
69.910004
68.690002
69.360001
69.309998
70.589996
68.690002
69.239998
68.690002
66.239998
65.830002
65.889999
66.709999
67.379997
67.0
67.059998
66.68
66.510002
67.610001
67.660004
67.75
67.400002
67.519997
67.349998
67.25
67.300003
67.449997
66.970001
67.599998
69.32
68.800003
69.900002
70.050003
71.769997
70.790001
70.800003
71.730003
71.230003
72.059998
72.190002
73.07
73.480003
73.440002
73.580002
73.860001
74.82
74.529999
72.989998
73.43
72.830002
71.25
68.220001
68.449997
68.059998
65.050003
66.980003
68.43
68.339996
69.699997
72.019997
71.970001
71.080002
71.25
70.68
70.699997
70.580002
69.0
68.589996
67.379997
67.510002
67.550003
68.110001
69.699997
69.849998
71.129997
70.709999
70.68
69.919998
70.18
69.900002
69.339996
69.849998
69.400002
67.470001
66.059998
68.199997
67.0
66.400002
66.900002
64.43
65.419998
65.449997
65.68
63.650002
65.190002
66.639999
66.080002
67.199997
67.209999
68.169998
68.440002
69.550003
67.970001
decrease
