45.220001
45.150002
46.439999
46.610001
46.400002
43.98
42.619999
42.080002
43.869999
43.919998
43.91
44.509998
44.939999
47.080002
47.299999
46.540001
45.830002
46.68
46.939999
44.919998
44.650002
45.220001
46.209999
46.66
46.77
48.02
48.740002
47.959999
48.41
49.049999
49.52
49.740002
49.740002
50.860001
51.43
50.27
49.48
49.450001
49.389999
49.110001
48.790001
49.66
48.029999
48.43
48.970001
48.630001
48.779999
48.5
49.25
49.619999
50.32
50.389999
51.259998
52.049999
53.029999
52.66
51.610001
53.799999
53.810001
54.220001
53.869999
53.150002
52.610001
52.34
51.91
51.279999
50.610001
51.009998
50.0
50.490002
50.439999
51.060001
50.450001
50.549999
50.799999
50.580002
50.0
49.400002
48.549999
48.349998
48.810001
48.52
48.41
46.029999
45.549999
45.709999
45.41
43.970001
42.919998
45.25
44.950001
44.560001
44.32
44.740002
45.310001
43.919998
44.310001
43.84
43.599998
45.860001
46.290001
47.0
46.189999
46.0
45.310001
44.380001
45.419998
46.290001
47.060001
47.700001
47.580002
46.849998
47.490002
47.490002
47.73
50.509998
50.73
50.560001
51.299999
50.599998
53.029999
52.830002
52.650002
52.700001
52.27
52.07
52.029999
51.509998
51.93
50.98
51.950001
51.02
48.610001
47.560001
47.25
46.82
47.84
47.360001
47.450001
47.509998
46.459999
46.369999
45.77
45.82
45.740002
45.810001
47.189999
47.68
47.389999
47.689999
48.650002
48.66
48.560001
48.419998
49.220001
49.25
50.490002
49.0
49.93
49.470001
49.610001
50.880001
51.02
51.299999
50.470001
50.09
50.209999
51.060001
51.490002
51.439999
51.919998
52.790001
52.59
52.849998
52.400002
52.459999
52.029999
52.990002
52.34
52.669998
52.650002
52.130001
52.080002
53.779999
56.419998
58.470001
57.98
58.16
58.34
58.060001
58.099998
58.290001
54.790001
53.049999
53.07
52.68
52.59
54.32
53.880001
52.099998
49.759998
51.18
51.400002
48.599998
48.360001
50.09
50.869999
51.07
51.669998
51.580002
51.720001
52.779999
52.98
53.389999
55.0
54.259998
54.25
53.48
53.18
53.189999
53.57
54.110001
54.790001
56.07
56.5
56.23
55.279999
55.169998
55.400002
54.619999
55.32
54.09
52.310001
51.009998
51.860001
50.900002
50.849998
51.959999
49.779999
51.470001
52.040001
52.139999
50.290001
49.82
47.459999
45.400002
46.57
45.869999
46.400002
45.75
47.759998
46.880001
decrease
