146.559998
146.839996
147.100006
145.669998
145.779999
143.190002
142.139999
140.529999
142.550003
142.820007
144.809998
144.979996
146.970001
146.119995
146.160004
145.949997
145.020004
145.850006
145.25
144.559998
148.509995
151.470001
147.369995
140.660004
133.020004
131.970001
134.160004
132.990005
133.630005
137.100006
137.800003
135.570007
131.300003
130.619995
125.919998
128.360001
130.949997
131.630005
130.589996
131.149994
130.160004
129.600006
123.580002
120.110001
120.699997
119.739998
121.790001
121.959999
116.709999
116.050003
116.589996
118.410004
105.209999
103.160004
101.93
101.169998
100.25
100.940002
103.220001
102.040001
101.739998
100.300003
100.870003
103.230003
105.269997
103.169998
105.290001
106.699997
110.339996
110.209999
112.010002
114.050003
114.480003
110.529999
111.010002
109.489998
109.389999
109.18
106.129997
107.339996
109.32
87.080002
91.510002
92.849998
93.260002
95.190002
95.800003
93.540001
93.099998
95.800003
94.660004
95.120003
96.809998
97.900002
98.059998
96.730003
95.610001
93.529999
94.029999
94.400002
97.260002
100.099998
100.019997
99.510002
98.580002
94.849998
94.75
93.68
95.589996
97.940002
97.589996
99.330002
99.5
99.199997
99.360001
98.980003
94.93
94.330002
94.290001
91.120003
91.839996
89.400002
86.559998
85.510002
86.010002
88.089996
87.809998
86.919998
86.779999
85.910004
84.25
83.309998
85.650002
81.93
82.0
81.739998
80.75
81.690002
81.800003
80.709999
79.379997
79.410004
80.449997
81.220001
82.279999
95.720001
91.580002
90.5
89.269997
91.43
88.93
89.620003
89.230003
89.870003
92.839996
99.949997
101.0
99.279999
104.019997
101.150002
97.5
97.610001
100.309998
100.849998
103.029999
102.5
100.199997
100.699997
102.709999
99.730003
98.589996
100.129997
100.550003
101.959999
99.769997
99.709999
99.690002
106.089996
107.050003
111.0
112.18
111.389999
110.489998
110.589996
112.949997
115.940002
113.900002
115.349998
115.529999
117.019997
118.029999
119.099998
120.989998
120.919998
123.639999
122.889999
119.269997
116.989998
117.290001
113.93
109.860001
112.199997
109.93
109.629997
109.139999
109.480003
106.220001
109.019997
108.779999
107.57
105.349998
114.0
110.489998
116.32
114.849998
109.800003
114.25
117.510002
116.07
116.360001
118.589996
116.769997
115.75
118.860001
118.410004
119.0
117.059998
117.099998
116.629997
115.870003
114.25
115.239998
111.709999
110.839996
114.769997
115.010002
115.980003
118.550003
111.93
111.910004
114.480003
116.389999
111.910004
110.349998
112.139999
110.93
110.57
106.610001
106.449997
108.199997
107.389999
105.18
decrease
