142.440002
142.270004
143.639999
144.529999
143.679993
143.789993
143.649994
146.580002
147.509995
147.059998
146.529999
148.960007
153.009995
153.990005
153.259995
153.949997
156.100006
155.699997
155.470001
150.25
152.539993
153.059998
153.990005
153.800003
153.339996
153.869995
153.610001
153.669998
152.759995
153.179993
155.449997
153.929993
154.449997
155.369995
154.990005
148.979996
145.419998
146.589996
145.160004
144.289993
142.270004
146.339996
145.009995
145.869995
145.630005
146.279999
145.820007
143.729996
145.830002
143.679993
144.020004
143.5
144.089996
142.729996
144.179993
145.059998
145.529999
145.740005
147.770004
149.039993
149.559998
150.080002
151.020004
150.339996
150.270004
152.089996
152.740005
153.460007
150.559998
149.5
148.729996
150.050003
157.139999
155.570007
156.389999
158.809998
160.080002
161.059998
155.320007
157.479996
159.850006
161.600006
160.949997
157.860001
157.5
157.210007
159.779999
159.979996
159.270004
159.860001
161.470001
162.910004
163.350006
164.0
164.050003
162.080002
161.910004
161.259995
158.630005
161.5
160.860001
159.649994
158.279999
159.880005
158.669998
158.729996
156.070007
153.389999
151.889999
150.550003
153.139999
154.229996
153.279999
154.119995
153.809998
154.479996
153.479996
155.389999
155.300003
155.839996
155.899994
156.550003
156.0
156.990005
159.880005
160.470001
159.759995
155.979996
156.25
156.169998
157.100006
156.410004
157.410004
163.050003
166.720001
169.039993
166.889999
168.110001
172.5
174.25
174.809998
176.240005
175.880005
174.669998
173.970001
171.339996
169.080002
171.100006
170.149994
169.979996
173.139999
174.960007
174.970001
174.089996
173.070007
169.479996
171.850006
171.050003
169.800003
169.639999
169.009995
169.320007
169.369995
172.669998
171.699997
172.270004
172.220001
173.970001
176.419998
174.539993
174.350006
175.009995
175.009995
170.570007
170.600006
171.080002
169.229996
172.259995
172.229996
173.029999
175.0
174.350006
174.330002
174.289993
175.279999
177.089996
176.190002
179.100006
179.259995
178.460007
177.0
177.039993
174.220001
171.110001
171.509995
167.960007
166.970001
167.429993
167.779999
160.5
156.490005
163.029999
159.539993
155.149994
156.410004
162.710007
164.339996
167.369995
172.990005
172.429993
171.850006
171.070007
172.5
175.5
178.970001
178.389999
178.119995
175.0
176.210007
176.820007
176.669998
175.029999
176.940002
179.979996
181.720001
179.970001
178.440002
178.649994
178.020004
175.300003
175.240005
171.270004
168.850006
164.940002
172.770004
168.339996
166.479996
167.779999
166.679993
168.389999
171.610001
172.800003
168.380005
170.050003
173.25
172.440002
174.139999
174.729996
175.820007
178.240005
177.839996
172.800003
decrease
