63.779999
63.82
64.660004
65.099998
65.040001
66.07
65.940002
66.480003
66.629997
66.739998
67.230003
66.989998
66.209999
66.169998
65.980003
65.300003
66.059998
66.669998
66.849998
65.370003
65.629997
65.580002
65.440002
65.839996
65.93
66.32
66.059998
66.019997
66.019997
66.709999
67.25
67.510002
67.870003
68.75
68.760002
69.669998
69.529999
69.669998
70.519997
70.599998
71.050003
71.339996
71.220001
71.339996
73.18
72.639999
72.739998
72.389999
72.919998
72.480003
72.510002
72.419998
72.480003
71.730003
72.029999
71.830002
71.839996
71.879997
72.629997
73.110001
72.699997
72.230003
72.769997
74.010002
74.629997
73.910004
72.519997
72.589996
71.730003
70.440002
69.910004
70.379997
70.709999
70.989998
70.989998
71.220001
71.470001
72.019997
70.440002
70.629997
70.82
70.339996
70.419998
69.849998
69.959999
70.699997
71.75
71.519997
72.110001
72.480003
73.32
73.889999
73.919998
75.300003
75.419998
75.25
77.050003
81.779999
85.339996
87.0
87.75
88.470001
89.220001
87.370003
85.32
86.370003
87.410004
87.410004
87.480003
86.57
85.349998
84.75
88.959999
88.860001
90.389999
89.699997
89.900002
90.18
90.489998
90.779999
91.169998
92.379997
91.419998
90.669998
91.040001
92.169998
96.040001
96.480003
96.099998
94.510002
91.690002
91.769997
89.559998
91.93
90.959999
90.25
92.440002
91.019997
92.309998
92.959999
93.959999
95.709999
95.889999
95.43
95.120003
94.75
93.760002
94.470001
93.610001
93.599998
94.68
94.470001
94.720001
95.419998
95.419998
95.82
96.919998
96.32
95.220001
95.410004
94.400002
94.239998
95.949997
96.470001
96.300003
97.349998
96.300003
97.449997
98.190002
97.919998
97.410004
97.910004
98.209999
97.75
98.089996
97.790001
96.709999
98.410004
99.949997
99.379997
101.110001
99.489998
100.239998
99.690002
99.269997
100.339996
102.489998
104.360001
103.809998
104.639999
106.489998
105.379997
105.510002
108.300003
123.209999
122.309998
115.879997
112.220001
116.339996
115.169998
109.510002
111.199997
113.620003
108.480003
111.300003
111.93
111.860001
113.080002
114.900002
118.599998
117.980003
117.910004
117.559998
118.75
121.540001
118.260002
115.830002
113.839996
115.040001
115.660004
114.559998
114.720001
117.010002
119.290001
118.300003
119.75
118.940002
114.93
113.709999
112.029999
112.650002
112.449997
98.099998
97.459999
95.279999
92.010002
94.269997
94.650002
91.459999
90.589996
92.940002
92.209999
89.779999
90.480003
93.620003
93.639999
92.120003
91.830002
92.599998
93.589996
94.32
93.010002
decrease
