82.370003
81.260002
80.940002
81.489998
81.25
82.120003
82.050003
82.489998
82.660004
82.669998
86.529999
85.889999
86.589996
87.540001
88.139999
88.860001
88.75
89.919998
89.120003
86.279999
86.690002
89.160004
89.480003
89.190002
89.970001
91.110001
91.0
91.029999
91.769997
93.139999
93.580002
93.32
91.690002
91.93
91.57
92.099998
92.360001
93.0
93.900002
94.43
92.529999
93.75
93.25
95.620003
96.370003
95.82
95.989998
95.529999
96.379997
95.760002
94.529999
94.699997
95.220001
92.510002
93.910004
92.489998
92.18
93.209999
92.860001
92.959999
92.709999
91.370003
91.169998
91.949997
91.620003
93.129997
94.650002
94.209999
92.779999
93.970001
93.82
92.980003
91.269997
81.709999
80.830002
80.580002
80.330002
79.800003
78.879997
80.019997
80.080002
80.0
80.029999
79.940002
78.599998
78.040001
79.230003
78.139999
78.400002
78.099998
78.660004
78.559998
78.330002
80.25
80.239998
79.690002
80.720001
82.559998
82.5
84.389999
83.900002
84.32
80.690002
81.599998
80.669998
79.279999
79.5
80.379997
81.050003
80.980003
82.0
82.43
80.989998
82.75
83.300003
82.879997
82.739998
84.120003
80.480003
78.349998
79.550003
80.32
80.800003
79.440002
79.0
79.949997
80.489998
82.199997
83.209999
82.529999
81.849998
82.220001
78.769997
76.379997
76.93
76.949997
76.620003
73.230003
74.800003
74.860001
74.910004
75.010002
75.269997
75.0
75.400002
75.400002
77.529999
80.309998
78.839996
77.459999
79.459999
81.400002
81.230003
81.120003
83.150002
84.660004
84.82
84.949997
87.419998
85.889999
85.989998
85.93
86.699997
86.769997
87.82
88.480003
89.309998
93.169998
92.400002
93.790001
93.739998
92.989998
92.459999
93.25
92.599998
92.589996
91.82
94.040001
94.389999
94.18
95.32
96.900002
97.519997
97.209999
98.139999
99.0
99.550003
101.300003
100.860001
100.059998
102.660004
102.809998
104.620003
104.370003
105.480003
105.089996
102.459999
99.669998
99.290001
96.019997
91.900002
91.540001
94.220001
91.550003
89.190002
89.449997
97.769997
96.400002
97.599998
99.400002
99.940002
98.57
97.120003
98.419998
100.580002
97.639999
95.160004
93.300003
93.959999
94.900002
94.699997
95.599998
96.239998
99.0
100.290001
100.599998
98.580002
97.360001
96.610001
93.0
89.190002
89.5
85.0
84.029999
84.949997
84.010002
85.110001
86.209999
82.669998
83.93
86.25
87.379997
85.410004
86.790001
88.910004
89.089996
88.190002
86.82
88.769997
91.040001
92.75
91.690002
decrease
