43.98
43.529999
44.130001
43.759998
43.799999
43.650002
43.639999
43.48
43.599998
43.720001
44.59
44.639999
44.68
44.669998
44.5
43.860001
43.959999
44.040001
43.689999
43.080002
42.98
43.16
43.73
43.68
43.529999
43.950001
44.709999
45.0
45.66
46.099998
46.5
46.619999
46.360001
46.560001
46.720001
47.290001
47.169998
47.459999
47.639999
48.119999
48.209999
48.889999
48.77
48.57
49.27
49.080002
48.91
48.669998
48.48
48.73
48.610001
48.709999
49.0
47.939999
48.439999
48.23
48.150002
48.43
48.080002
48.91
48.759998
48.740002
49.43
50.849998
50.84
50.799999
50.830002
50.400002
50.110001
49.610001
49.18
49.150002
49.23
49.16
49.259998
49.299999
48.880001
48.77
48.060001
48.540001
49.080002
48.82
49.810001
49.290001
48.740002
48.880001
49.709999
49.639999
49.380001
49.349998
50.259998
50.150002
50.110001
50.939999
51.18
51.029999
51.189999
51.490002
52.02
52.450001
52.25
52.0
51.689999
51.759998
52.080002
51.41
51.889999
51.43
52.509998
52.610001
52.849998
52.150002
53.639999
53.360001
53.68
53.75
54.34
54.919998
55.0
54.66
55.400002
54.439999
54.709999
54.650002
54.630001
55.060001
55.77
56.0
56.32
56.080002
55.380001
55.490002
55.48
55.369999
54.290001
54.23
54.0
54.369999
55.470001
55.009998
55.16
55.25
55.450001
54.799999
55.299999
55.009998
54.830002
55.540001
55.560001
55.290001
56.119999
55.799999
56.130001
56.150002
56.02
55.580002
56.369999
55.98
54.709999
54.790001
54.66
54.689999
54.639999
54.939999
55.700001
55.060001
54.73
55.5
56.400002
56.799999
57.02
56.93
56.93
57.0
57.470001
57.459999
57.07
58.790001
58.919998
58.82
58.990002
58.82
58.919998
58.830002
58.950001
58.84
58.439999
58.990002
59.07
59.310001
59.57
59.23
61.720001
63.220001
63.419998
63.310001
62.439999
62.16
62.18
61.689999
58.73
58.860001
58.669998
56.27
57.169998
57.41
57.639999
58.279999
59.5
60.169998
59.119999
58.990002
58.990002
59.709999
60.529999
60.549999
60.330002
58.790001
59.459999
60.369999
60.880001
61.290001
61.869999
63.599998
63.619999
63.200001
62.860001
62.59
63.18
62.259998
62.650002
62.419998
60.93
59.5
61.07
60.279999
59.23
59.919998
58.209999
59.0
59.459999
59.860001
57.57
58.220001
59.139999
58.450001
58.830002
58.490002
59.27
59.799999
59.52
59.880001
decrease
