119.209999
119.230003
119.360001
118.690002
118.980003
120.489998
121.300003
121.25
120.68
120.300003
120.82
121.519997
121.110001
121.07
121.199997
120.800003
120.959999
122.25
123.139999
120.440002
120.400002
120.980003
122.709999
122.150002
121.949997
123.099998
122.889999
123.769997
124.470001
125.290001
125.739998
126.580002
126.330002
126.550003
126.169998
125.82
126.300003
127.07
127.25
127.029999
127.559998
127.769997
126.529999
127.110001
122.080002
122.739998
122.339996
122.190002
123.739998
122.989998
123.68
123.93
124.050003
122.940002
124.209999
124.059998
123.849998
125.470001
125.730003
126.699997
126.419998
127.370003
127.779999
128.539993
128.850006
128.009995
128.949997
129.509995
128.160004
128.399994
128.820007
129.860001
128.619995
130.020004
130.199997
129.679993
129.130005
129.619995
128.240005
128.199997
129.690002
129.380005
130.029999
127.589996
127.440002
128.169998
129.309998
128.360001
128.669998
129.389999
129.240005
129.660004
129.789993
130.759995
130.100006
129.770004
131.119995
134.240005
133.720001
136.229996
136.220001
134.779999
134.860001
135.350006
136.940002
136.710007
138.009995
136.660004
137.899994
138.160004
136.839996
136.639999
136.320007
135.070007
135.440002
134.25
135.160004
136.220001
136.25
136.990005
137.520004
136.910004
139.199997
139.199997
139.089996
138.649994
137.419998
138.619995
139.490005
139.330002
138.910004
141.160004
141.970001
143.279999
143.289993
142.360001
142.960007
143.429993
144.039993
143.929993
143.5
144.889999
143.830002
143.889999
143.919998
144.960007
144.259995
147.039993
145.449997
146.570007
148.009995
147.110001
147.630005
147.5
148.039993
146.949997
148.009995
146.570007
147.149994
147.669998
148.270004
148.600006
150.529999
150.690002
152.100006
151.419998
151.210007
152.660004
151.720001
152.220001
151.75
154.199997
153.889999
152.990005
153.320007
153.570007
153.089996
153.839996
154.550003
156.380005
157.669998
158.929993
159.460007
158.899994
159.110001
160.110001
157.960007
160.210007
160.940002
161.75
161.429993
160.880005
160.600006
160.789993
162.550003
161.190002
159.699997
160.699997
160.460007
156.899994
151.830002
154.690002
155.149994
150.509995
153.839996
154.949997
156.839996
159.789993
161.059998
162.660004
161.440002
160.460007
160.320007
162.949997
164.740005
162.550003
161.009995
156.149994
157.5
158.850006
158.029999
158.550003
158.5
161.509995
161.690002
162.490005
161.0
162.860001
160.889999
160.619995
162.880005
162.029999
150.229996
147.350006
152.850006
148.860001
147.410004
153.5
147.979996
148.789993
149.970001
151.570007
147.380005
148.25
152.050003
148.399994
150.089996
150.130005
151.419998
154.240005
155.520004
154.589996
decrease
