131.419998
131.520004
132.889999
133.490005
132.789993
133.380005
133.740005
135.110001
135.0
134.850006
134.610001
134.839996
135.119995
135.600006
136.149994
136.289993
136.839996
137.600006
138.029999
134.330002
134.539993
136.429993
138.860001
139.520004
141.119995
142.850006
141.889999
142.410004
141.860001
141.380005
143.479996
143.589996
143.029999
143.619995
142.630005
138.050003
137.25
139.089996
138.25
137.520004
137.839996
140.350006
140.910004
144.240005
143.690002
145.410004
144.960007
142.539993
143.809998
141.240005
141.440002
138.410004
141.210007
140.75
142.220001
143.339996
142.929993
145.910004
145.050003
146.160004
146.399994
147.889999
148.919998
149.940002
149.520004
149.529999
148.210007
149.779999
146.199997
146.729996
146.490005
147.360001
147.130005
147.789993
147.710007
148.440002
147.809998
148.350006
144.919998
146.470001
149.160004
150.360001
151.800003
148.229996
147.970001
149.259995
152.25
151.100006
150.809998
151.449997
151.789993
152.139999
153.669998
155.160004
155.059998
154.279999
153.759995
155.470001
155.339996
156.869995
156.309998
156.240005
154.949997
154.490005
155.770004
156.600006
149.960007
149.300003
148.5
144.570007
145.399994
146.429993
146.830002
149.179993
147.940002
148.600006
147.949997
150.25
151.119995
151.5
152.149994
153.649994
153.610001
153.929993
150.460007
150.380005
153.0
171.729996
175.639999
172.160004
171.580002
171.830002
173.75
177.330002
176.029999
175.160004
176.25
180.940002
182.300003
180.800003
180.880005
184.059998
181.919998
181.720001
181.850006
181.320007
180.080002
182.300003
182.240005
182.339996
184.149994
182.899994
184.460007
185.0
185.399994
176.850006
181.470001
179.520004
168.440002
167.539993
173.520004
174.610001
173.570007
174.309998
172.539993
176.830002
175.0
177.509995
176.740005
174.970001
174.25
174.559998
175.0
174.440002
175.360001
175.550003
175.240005
177.699997
181.039993
183.220001
185.339996
185.039993
186.699997
187.110001
188.919998
195.050003
192.460007
196.490005
196.199997
195.729996
197.839996
200.089996
197.779999
197.509995
201.300003
198.229996
196.899994
199.759995
199.380005
195.639999
190.270004
194.470001
192.339996
185.160004
187.990005
192.149994
193.479996
197.130005
202.970001
201.559998
202.979996
202.089996
202.610001
209.740005
212.149994
208.820007
209.130005
206.029999
209.789993
211.160004
212.009995
216.860001
216.399994
221.110001
220.940002
219.759995
218.440002
218.869995
225.550003
222.179993
229.75
226.850006
220.520004
215.020004
228.910004
213.800003
212.539993
216.080002
212.279999
215.929993
225.050003
223.539993
218.610001
219.169998
224.529999
223.630005
226.960007
224.059998
226.520004
231.160004
231.100006
227.619995
decrease
