78.660004
77.629997
79.220001
79.349998
77.980003
77.849998
76.199997
76.220001
75.510002
75.599998
75.660004
75.790001
76.379997
78.5
79.029999
78.440002
78.629997
80.209999
81.050003
78.419998
80.480003
81.239998
82.089996
81.959999
82.120003
82.339996
82.809998
84.800003
85.760002
82.209999
80.910004
78.75
80.099998
80.830002
82.440002
78.599998
79.739998
81.230003
80.940002
79.75
80.040001
80.370003
79.199997
79.980003
81.32
81.550003
80.57
78.139999
79.199997
77.739998
77.800003
76.110001
77.739998
77.330002
78.470001
78.730003
79.860001
80.370003
80.269997
81.550003
81.089996
81.139999
80.370003
80.849998
78.959999
78.75
79.519997
80.720001
79.550003
79.239998
79.010002
78.949997
78.82
77.940002
77.779999
78.870003
78.970001
77.980003
76.830002
78.040001
79.900002
79.959999
80.059998
77.559998
77.739998
77.699997
79.169998
79.07
79.269997
78.970001
79.440002
79.550003
83.720001
83.669998
84.379997
83.0
82.510002
81.099998
80.440002
82.220001
82.150002
82.059998
82.339996
83.839996
85.169998
85.239998
83.690002
84.239998
84.919998
83.879997
83.910004
84.919998
85.639999
86.169998
85.82
85.900002
87.0
87.889999
87.870003
87.709999
87.989998
88.57
88.830002
89.059998
88.830002
88.940002
89.0
88.800003
88.93
88.769997
90.290001
89.860001
90.559998
91.209999
91.32
91.300003
90.989998
90.790001
91.809998
92.279999
91.900002
92.0
89.699997
89.589996
90.029999
90.440002
89.160004
90.480003
90.419998
93.07
90.190002
88.650002
89.150002
87.449997
87.07
85.660004
86.110001
85.400002
84.790001
84.830002
85.410004
86.110001
85.519997
85.800003
85.480003
85.18
85.440002
86.690002
88.089996
87.949997
88.650002
88.650002
88.849998
88.629997
89.099998
89.379997
89.029999
90.279999
91.400002
91.300003
91.669998
91.830002
91.639999
90.110001
91.190002
92.019997
93.099998
95.57
97.239998
96.139999
96.650002
96.470001
95.339996
91.980003
93.839996
93.779999
91.550003
91.879997
91.650002
89.110001
85.400002
88.540001
85.349998
82.68
83.93
85.050003
84.339996
85.129997
85.400002
86.089996
88.410004
88.410004
88.559998
90.370003
92.360001
92.260002
90.150002
88.309998
89.529999
91.139999
91.93
92.739998
92.720001
94.730003
95.529999
94.660004
94.089996
93.940002
94.150002
93.5
92.709999
92.800003
90.540001
87.699997
93.110001
91.050003
89.910004
91.129997
88.75
89.519997
91.239998
90.940002
88.309998
87.989998
90.029999
90.800003
93.019997
92.779999
93.139999
95.169998
94.57
89.849998
decrease
