44.900002
44.810001
45.380001
45.580002
45.27
45.779999
45.75
45.73
41.669998
41.310001
42.400002
42.43
42.959999
42.360001
42.290001
42.029999
41.959999
42.139999
41.900002
41.52
41.310001
41.5
41.5
43.040001
42.549999
42.619999
42.450001
42.110001
41.580002
41.82
42.220001
41.939999
41.950001
41.91
42.009998
42.02
42.43
42.360001
42.049999
42.360001
42.560001
42.439999
41.48
41.25
41.029999
41.16
41.299999
41.0
41.139999
40.630001
41.380001
41.459999
41.799999
41.099998
41.240002
40.810001
40.290001
40.900002
41.380001
41.48
41.599998
41.18
41.279999
41.419998
41.259998
41.380001
41.959999
41.709999
41.779999
41.779999
42.18
43.299999
42.490002
42.619999
42.59
42.439999
42.240002
42.490002
42.119999
41.259998
41.950001
42.049999
42.150002
41.669998
41.27
41.560001
41.720001
41.77
41.080002
41.75
41.77
41.740002
41.860001
41.32
42.200001
41.939999
42.400002
42.59
42.369999
42.790001
43.209999
43.290001
43.450001
43.84
44.09
43.889999
43.32
43.290001
43.380001
43.57
43.52
43.049999
42.75
42.509998
42.619999
42.720001
43.029999
43.349998
43.0
42.610001
43.009998
43.290001
43.439999
44.0
43.700001
43.669998
43.310001
43.310001
43.490002
43.57
43.73
43.439999
43.009998
43.07
42.810001
40.869999
40.619999
40.16
39.779999
39.27
39.540001
39.799999
39.599998
39.93
39.740002
39.790001
38.959999
39.189999
39.419998
39.200001
39.34
39.240002
39.139999
39.07
39.09
39.77
39.880001
40.830002
41.200001
40.84
41.220001
41.310001
41.509998
41.900002
41.77
40.049999
39.57
40.560001
40.220001
40.130001
39.869999
40.09
40.189999
40.259998
40.240002
40.27
40.080002
40.09
39.779999
40.450001
40.18
40.09
40.220001
39.91
40.560001
40.5
40.779999
40.91
40.48
40.959999
42.75
42.610001
42.84
42.889999
43.59
43.110001
42.48
42.950001
42.459999
41.43
40.599998
42.0
42.189999
41.349998
41.490002
41.27
41.34
41.82
43.200001
43.130001
42.57
42.119999
41.759998
42.57
42.169998
41.639999
41.52
41.25
42.200001
42.720001
43.119999
43.029999
43.290001
43.299999
44.529999
44.240002
43.77
43.259998
43.5
43.060001
42.970001
42.619999
41.939999
42.049999
42.830002
42.869999
42.799999
43.369999
42.27
43.119999
43.900002
44.43
44.330002
44.220001
44.139999
44.130001
45.299999
45.200001
45.470001
45.689999
45.650002
45.790001
decrease
