103.040001
102.690002
104.139999
105.010002
104.860001
105.160004
104.489998
103.970001
104.010002
97.510002
99.099998
99.290001
96.699997
97.080002
96.629997
96.459999
97.169998
98.449997
98.32
97.300003
98.349998
98.620003
99.449997
99.529999
99.980003
101.160004
101.349998
101.529999
102.370003
103.349998
100.980003
101.099998
101.199997
100.940002
100.769997
100.110001
101.540001
101.870003
101.25
102.169998
103.489998
104.110001
102.480003
102.5
101.910004
101.410004
102.209999
101.5
102.68
101.459999
102.459999
102.419998
104.07
103.440002
105.139999
103.660004
101.839996
102.5
101.629997
101.349998
101.699997
101.309998
102.75
103.339996
104.580002
103.540001
103.18
105.980003
115.629997
117.379997
118.910004
116.779999
115.25
111.769997
111.389999
112.169998
108.510002
109.660004
108.900002
108.809998
109.690002
111.580002
111.099998
104.68
104.410004
102.889999
103.720001
103.459999
104.589996
104.589996
104.760002
105.120003
105.93
106.470001
107.349998
106.43
108.050003
108.919998
108.410004
107.5
107.919998
107.199997
106.790001
106.779999
106.550003
107.480003
106.830002
106.790001
108.160004
108.82
108.269997
109.639999
109.019997
109.32
109.32
110.709999
111.400002
113.57
113.480003
113.57
114.110001
113.089996
113.589996
113.860001
114.580002
113.720001
113.93
114.620003
115.93
117.010002
116.459999
116.339996
117.300003
118.25
116.980003
116.260002
115.400002
114.339996
112.239998
111.330002
112.75
112.589996
111.970001
111.089996
111.529999
112.080002
110.660004
111.029999
111.059998
110.529999
110.559998
110.209999
110.019997
110.139999
111.220001
113.330002
114.459999
113.75
114.809998
115.68
115.919998
115.879997
116.019997
117.82
117.050003
117.019997
116.459999
118.190002
118.639999
118.339996
117.860001
117.400002
116.879997
117.57
117.260002
117.309998
117.190002
115.989998
117.25
118.370003
118.300003
117.940002
118.760002
117.650002
117.18
118.470001
119.389999
122.050003
120.900002
121.440002
122.769997
122.099998
120.860001
120.629997
122.330002
120.760002
120.809998
123.629997
120.419998
118.57
114.07
112.949997
113.559998
108.25
111.43
111.650002
111.82
112.709999
115.510002
116.18
115.410004
116.099998
115.43
117.650002
117.900002
116.470001
115.32
113.790001
113.599998
115.660004
115.410004
115.18
116.959999
118.830002
117.529999
117.389999
116.099998
116.480003
117.160004
114.480003
115.559998
116.360001
113.139999
109.199997
114.059998
112.260002
111.760002
113.480003
113.300003
114.040001
116.720001
117.510002
113.699997
114.440002
115.910004
115.580002
115.260002
115.269997
116.910004
117.889999
118.610001
117.75
decrease
