260.619995
259.51001
260.869995
263.01001
262.329987
260.540009
249.630005
253.479996
255.899994
254.270004
253.679993
255.490005
257.359985
260.209991
258.559998
251.100006
243.470001
244.850006
245.059998
238.190002
234.660004
235.169998
238.270004
236.210007
237.710007
245.619995
244.039993
242.149994
241.130005
241.649994
237.839996
236.509995
240.259995
238.240005
242.009995
241.360001
244.389999
246.289993
243.309998
250.039993
254.899994
257.410004
258.100006
258.940002
259.670013
261.25
260.910004
259.959991
262.600006
258.119995
256.690002
258.230011
259.279999
254.330002
256.170013
256.040009
259.320007
260.269989
264.570007
264.140015
262.070007
262.0
263.529999
238.619995
236.539993
240.149994
242.070007
238.759995
240.710007
241.050003
241.429993
239.869995
240.440002
239.990005
239.270004
238.970001
235.449997
232.440002
222.210007
222.639999
222.410004
226.449997
228.619995
223.020004
221.270004
221.149994
222.880005
220.830002
222.899994
222.020004
223.679993
223.639999
225.089996
225.5
225.179993
219.5
220.380005
216.050003
214.320007
219.190002
221.610001
222.460007
218.869995
216.0
217.089996
215.050003
210.429993
215.809998
216.759995
217.389999
218.929993
219.860001
220.610001
221.550003
223.699997
225.75
225.710007
226.699997
226.220001
226.220001
226.589996
224.800003
220.139999
230.860001
228.770004
226.940002
228.380005
232.800003
239.369995
239.330002
239.800003
235.820007
232.589996
231.830002
224.470001
223.729996
226.199997
226.240005
225.589996
230.690002
229.720001
229.610001
227.910004
225.449997
224.199997
226.169998
224.589996
225.330002
224.350006
224.669998
223.839996
221.809998
222.020004
221.449997
225.610001
233.210007
239.270004
234.029999
238.169998
232.5
229.860001
232.449997
233.050003
234.279999
238.339996
234.0
236.289993
239.809998
247.220001
244.850006
247.149994
249.779999
251.990005
250.639999
250.419998
251.350006
253.479996
255.330002
260.070007
264.049988
264.76001
263.299988
267.959991
272.089996
273.619995
276.369995
258.070007
258.26001
255.940002
261.820007
261.850006
260.779999
259.48999
252.850006
261.850006
256.51001
254.589996
256.660004
257.109985
249.910004
238.779999
241.470001
246.75
240.600006
240.669998
248.289993
246.259995
250.050003
240.649994
244.679993
244.570007
239.589996
238.820007
242.089996
245.660004
242.389999
240.960007
235.350006
232.720001
231.770004
235.089996
235.380005
236.169998
239.190002
238.059998
232.630005
230.330002
228.240005
229.089996
229.850006
227.679993
226.779999
220.369995
215.009995
222.25
219.119995
221.899994
212.860001
208.0
206.199997
207.470001
209.929993
205.75
206.320007
210.449997
205.869995
207.949997
205.979996
210.550003
211.580002
213.610001
211.660004
decrease
