88.410004
88.580002
90.139999
90.32
90.230003
90.629997
90.07
91.980003
93.449997
93.349998
93.25
93.239998
93.389999
94.739998
95.870003
95.410004
95.389999
96.629997
98.029999
93.970001
95.830002
109.910004
113.360001
112.970001
112.480003
113.889999
113.029999
113.160004
111.769997
113.029999
112.910004
110.879997
111.449997
111.169998
111.120003
105.949997
107.440002
107.550003
106.199997
105.580002
104.879997
106.160004
104.93
105.690002
106.779999
107.75
106.120003
102.919998
104.279999
101.389999
100.82
99.360001
102.599998
102.050003
103.32
103.739998
104.300003
106.68
107.07
108.739998
106.940002
107.699997
110.25
109.910004
109.75
110.809998
112.260002
114.080002
111.519997
111.5
110.790001
111.379997
109.129997
107.879997
108.389999
109.82
108.349998
107.449997
104.980003
108.010002
108.900002
109.800003
110.489998
107.889999
108.559998
109.75
111.010002
110.650002
110.610001
114.970001
111.480003
111.269997
113.290001
114.459999
113.709999
113.769997
113.790001
114.050003
114.440002
116.480003
116.160004
116.18
115.470001
114.129997
113.839996
113.080002
112.730003
112.290001
111.779999
109.82
110.610001
111.959999
111.449997
112.260002
112.470001
113.629997
114.050003
116.540001
116.959999
117.139999
117.050003
118.57
118.989998
119.629997
119.199997
118.720001
118.540001
119.290001
120.809998
118.989998
119.290001
119.940002
121.349998
123.580002
123.910004
124.959999
124.779999
124.720001
124.849998
123.82
123.400002
123.839996
122.400002
123.110001
124.639999
123.870003
124.019997
127.0
127.489998
126.279999
127.709999
127.769997
129.5
130.240005
129.949997
109.339996
109.699997
107.059998
107.949997
106.589996
106.919998
109.610001
107.160004
106.830002
106.330002
106.019997
106.25
108.400002
107.480003
105.389999
105.029999
104.43
103.889999
103.800003
104.580002
105.07
104.830002
107.120003
109.379997
112.07
110.839996
111.419998
112.110001
111.470001
113.260002
115.910004
111.980003
113.0
112.550003
115.290001
117.43
118.730003
116.900002
116.870003
117.779999
116.379997
115.019997
115.620003
115.57
111.639999
109.18
112.620003
110.540001
104.809998
105.940002
108.379997
109.790001
109.919998
113.519997
112.949997
114.269997
112.370003
112.389999
115.029999
116.919998
116.120003
117.470001
114.739998
116.279999
118.870003
119.870003
137.699997
137.289993
139.360001
138.369995
136.0
136.190002
136.720001
135.75
134.309998
134.600006
135.539993
131.410004
128.020004
134.220001
128.309998
124.550003
125.580002
122.75
124.839996
127.5
128.020004
125.75
127.57
131.729996
130.940002
132.169998
129.169998
129.720001
132.580002
133.869995
132.330002
decrease
