54.540001
55.09
55.43
55.080002
55.16
55.029999
54.689999
54.27
54.25
54.240002
54.810001
54.779999
54.630001
54.209999
54.450001
54.450001
54.93
55.169998
54.66
54.43
55.299999
55.599998
56.419998
56.459999
56.139999
56.049999
56.150002
56.459999
56.75
56.799999
57.169998
56.880001
56.82
56.889999
56.349998
56.290001
56.130001
56.290001
56.41
56.48
57.080002
56.790001
57.09
56.470001
56.27
55.939999
56.43
55.889999
55.330002
54.700001
54.669998
54.130001
53.860001
53.75
54.139999
53.950001
53.810001
54.400002
54.09
54.43
54.889999
55.360001
55.66
56.139999
56.529999
55.919998
55.799999
56.34
56.27
56.16
56.099998
56.529999
56.73
57.0
57.5
57.939999
58.43
58.080002
58.540001
57.950001
58.450001
58.830002
59.139999
58.91
59.209999
59.259998
59.91
60.25
60.259998
60.369999
60.57
60.419998
60.299999
59.990002
59.799999
59.860001
59.470001
59.880001
60.09
60.91
59.450001
58.889999
59.560001
59.810001
59.25
59.25
58.740002
58.810001
58.509998
59.380001
59.139999
57.919998
58.360001
57.84
58.389999
57.93
58.549999
58.84
58.779999
59.150002
59.860001
59.779999
60.34
60.41
60.639999
60.950001
61.009998
61.560001
61.560001
61.720001
61.73
61.099998
61.380001
61.799999
61.830002
61.990002
61.799999
62.32
62.189999
62.119999
62.869999
62.66
62.82
62.48
63.389999
64.540001
64.050003
63.639999
63.299999
63.16
63.16
62.919998
62.98
63.389999
63.849998
63.68
63.959999
63.75
63.09
62.48
62.709999
62.669998
63.189999
63.66
61.360001
61.25
60.830002
60.939999
60.41
59.490002
58.689999
58.369999
58.689999
58.299999
58.700001
59.150002
58.990002
58.389999
58.09
57.43
57.389999
58.07
57.32
56.48
56.150002
55.52
55.459999
55.790001
55.389999
55.16
55.299999
56.07
55.740002
56.740002
56.919998
55.880001
56.09
56.630001
55.209999
54.889999
54.150002
53.0
53.189999
52.59
55.419998
55.07
55.25
54.68
56.259998
56.32
55.080002
54.400002
54.59
56.349998
55.75
54.889999
54.299999
53.959999
54.029999
55.119999
53.939999
53.580002
53.860001
53.990002
54.41
54.09
54.630001
54.77
55.490002
55.200001
55.130001
54.900002
54.919998
54.009998
54.849998
55.880001
55.939999
56.630001
56.689999
57.139999
56.810001
57.439999
57.130001
56.959999
56.200001
56.009998
55.330002
55.509998
56.360001
56.889999
56.560001
56.849998
decrease
