67.440002
67.860001
67.970001
67.860001
67.690002
68.099998
67.830002
67.470001
68.010002
67.900002
68.019997
68.410004
67.730003
67.309998
67.410004
67.550003
68.059998
68.559998
67.860001
68.150002
68.309998
68.720001
69.419998
69.589996
70.199997
70.800003
70.870003
71.209999
71.779999
72.209999
72.669998
72.400002
72.129997
72.620003
71.949997
71.860001
71.410004
71.650002
71.959999
72.139999
72.419998
72.059998
72.559998
72.400002
71.790001
71.550003
71.870003
70.720001
70.150002
69.599998
69.470001
69.0
68.82
69.019997
69.150002
68.889999
68.839996
68.989998
68.279999
68.169998
68.550003
68.360001
68.650002
68.699997
69.980003
69.190002
68.839996
69.449997
70.669998
70.43
70.540001
70.620003
70.93
71.199997
70.879997
71.389999
71.349998
70.959999
71.360001
70.559998
71.050003
71.519997
72.019997
72.0
72.160004
72.669998
72.809998
73.309998
73.389999
73.57
74.099998
73.940002
73.75
73.629997
73.540001
74.089996
73.300003
73.830002
74.190002
74.550003
73.110001
72.589996
72.900002
73.029999
72.269997
71.980003
71.68
71.449997
70.57
71.040001
71.190002
70.309998
70.5
70.239998
70.43
70.290001
71.519997
71.489998
71.529999
71.739998
72.389999
72.760002
73.339996
73.160004
73.120003
73.199997
73.010002
73.830002
73.980003
73.919998
73.970001
73.580002
73.760002
74.019997
74.169998
74.410004
74.010002
73.720001
74.080002
73.730003
75.190002
75.519997
75.489998
74.779999
76.129997
77.389999
76.589996
76.760002
76.379997
76.440002
76.769997
76.589996
76.470001
76.739998
77.019997
77.139999
77.629997
77.239998
77.389999
76.269997
76.730003
76.610001
76.93
77.080002
76.019997
76.510002
76.290001
76.540001
75.5
74.510002
74.5
73.739998
73.650002
72.989998
73.239998
73.650002
73.57
72.410004
71.800003
70.949997
70.800003
71.419998
70.580002
69.5
68.730003
67.459999
67.5
68.25
67.800003
67.760002
68.129997
68.769997
68.480003
69.699997
68.75
67.900002
68.349998
68.779999
67.839996
67.75
66.480003
64.910004
64.449997
63.380001
64.720001
64.800003
65.580002
65.300003
66.68
67.260002
66.370003
65.580002
65.68
67.370003
66.970001
65.949997
65.580002
65.620003
65.18
66.489998
65.5
64.919998
65.300003
65.650002
65.870003
66.040001
66.589996
66.989998
67.809998
67.449997
67.449997
66.910004
67.360001
66.389999
67.309998
68.43
68.660004
68.589996
68.279999
68.449997
68.669998
68.940002
68.529999
68.709999
67.870003
67.790001
66.639999
67.339996
68.269997
68.860001
68.730003
68.519997
decrease
