11.42
11.38
11.59
11.62
11.45
11.29
11.31
11.31
11.3
11.19
11.09
11.32
11.31
11.34
11.57
11.47
11.33
11.4
11.32
11.33
11.18
11.2
11.36
11.37
11.75
11.78
11.79
11.7
11.68
11.95
11.91
11.71
11.91
11.57
11.56
11.72
11.75
11.93
11.91
11.92
11.92
11.91
11.9
11.67
11.57
11.56
11.68
11.5
11.33
11.16
11.11
11.01
10.87
10.68
10.76
10.94
10.93
11.1
11.02
11.03
11.12
11.24
11.32
11.37
11.42
11.32
11.24
11.16
11.1
10.98
11.18
11.2
11.05
11.12
11.08
11.1
11.38
11.25
11.38
11.1
11.11
11.1
11.18
11.01
11.07
11.23
11.35
11.35
11.4
11.43
11.19
11.17
11.06
11.04
11.12
11.09
11.11
11.15
11.21
11.39
11.24
11.23
11.26
11.35
11.27
11.33
11.28
11.13
11.11
11.21
11.16
11.13
11.08
11.02
11.09
11.19
11.28
11.29
11.19
11.2
11.25
11.27
11.22
11.25
11.27
11.19
11.13
11.29
11.13
11.13
10.99
10.9
10.86
10.78
10.74
10.63
10.57
10.79
10.49
10.35
10.51
10.51
10.3
10.23
10.82
10.84
10.87
10.77
10.61
10.6
10.63
10.68
10.69
10.74
10.57
10.61
10.58
10.67
10.77
10.72
10.83
10.7
10.76
10.86
10.72
10.65
10.63
10.8
10.95
10.65
10.58
10.62
10.71
10.64
10.67
10.76
10.83
10.88
10.87
10.83
10.87
10.87
10.76
10.78
10.96
11.04
10.68
10.72
11.53
11.75
11.38
11.42
11.16
11.49
11.72
11.81
11.61
11.56
11.51
11.12
10.6
10.58
10.48
10.06
10.2
10.27
10.32
10.27
10.52
10.45
10.4
10.23
10.3
10.49
10.45
11.22
10.87
10.96
10.86
10.98
10.93
10.8
10.84
10.85
10.74
10.67
10.7
10.69
10.84
10.77
10.71
10.8
10.82
10.72
10.84
10.95
11.23
11.37
11.37
11.5
11.39
11.5
11.42
11.39
11.43
11.42
11.29
11.34
11.57
11.74
11.75
11.75
decrease
