131.929993
131.179993
132.600006
133.830002
133.990005
133.979996
135.070007
136.779999
138.910004
138.949997
140.089996
140.770004
141.559998
142.399994
143.039993
144.389999
142.899994
142.210007
141.860001
139.059998
140.229996
141.360001
141.0
141.889999
143.940002
145.229996
145.570007
145.550003
144.860001
147.649994
147.729996
148.0
148.0
149.580002
149.309998
149.789993
147.850006
148.770004
150.130005
149.300003
150.589996
151.729996
151.600006
152.100006
152.979996
152.100006
151.190002
151.190002
151.940002
151.779999
151.830002
152.399994
153.330002
152.330002
153.880005
154.039993
154.039993
154.600006
155.039993
155.270004
155.0
153.309998
154.240005
155.729996
156.309998
156.080002
156.25
155.690002
153.899994
155.289993
154.309998
154.539993
154.740005
158.539993
156.789993
156.990005
156.270004
155.580002
152.419998
152.149994
155.669998
155.759995
155.899994
155.809998
154.449997
154.740005
156.660004
156.589996
156.149994
156.100006
156.529999
156.419998
156.899994
157.699997
158.190002
158.259995
158.759995
160.25
162.830002
163.210007
162.830002
162.300003
162.779999
162.679993
161.0
156.039993
155.029999
153.389999
153.570007
151.979996
153.460007
154.210007
157.300003
159.009995
160.440002
163.009995
163.210007
161.289993
161.279999
158.229996
156.100006
156.300003
154.490005
153.059998
151.440002
155.899994
157.429993
157.639999
160.839996
161.470001
160.080002
160.119995
178.600006
173.119995
171.229996
170.029999
171.800003
172.320007
176.990005
176.949997
176.830002
175.440002
172.529999
175.119995
173.020004
171.830002
171.0
174.759995
173.199997
174.940002
176.449997
176.240005
176.460007
176.089996
178.839996
179.570007
180.179993
181.309998
178.699997
178.690002
178.899994
178.830002
182.729996
181.570007
181.330002
179.110001
178.490005
179.699997
177.339996
178.800003
179.550003
180.729996
179.960007
180.419998
180.850006
181.229996
180.389999
180.690002
181.800003
183.369995
185.809998
184.649994
183.600006
183.479996
184.210007
184.199997
184.639999
185.100006
185.490005
187.800003
189.339996
189.309998
190.139999
191.869995
193.100006
193.740005
187.889999
186.820007
187.389999
185.0
180.949997
182.009995
181.490005
178.0
176.389999
177.380005
178.520004
176.770004
177.169998
178.509995
178.029999
175.770004
175.059998
175.550003
175.75
176.270004
177.059998
176.449997
177.529999
178.460007
178.229996
178.639999
176.25
177.380005
177.070007
177.440002
176.619995
174.589996
173.910004
172.059998
171.630005
170.009995
169.449997
168.110001
170.75
168.360001
169.429993
169.0
168.110001
168.759995
170.389999
170.710007
170.380005
171.520004
173.869995
171.270004
173.279999
172.929993
175.889999
177.289993
177.529999
176.429993
increase
