37.084999
36.994999
37.325001
37.505001
37.400002
37.525002
37.439999
37.220001
37.509998
37.380001
37.195
37.174999
37.165001
36.93
37.215
36.98
36.715
36.865002
36.869999
36.810001
36.860001
36.935001
36.950001
37.064999
36.915001
37.355
37.419998
37.57
37.689999
37.965
37.965
37.880001
37.395
37.465
37.599998
39.0
38.810001
38.950001
39.049999
38.900002
39.189999
39.630001
39.355
38.985001
38.66
38.799999
38.755001
38.884998
39.154999
38.799999
38.84
39.209999
39.150002
38.764999
38.990002
38.825001
38.82
38.825001
38.950001
38.935001
38.875
38.935001
38.945
38.84
38.785
38.810001
39.029999
38.674999
38.560001
39.689999
39.875
40.445
40.580002
40.485001
40.580002
40.549999
40.619999
40.884998
40.41
40.375
40.625
40.630001
40.41
39.915001
39.919998
39.855
40.084999
40.029999
40.195
40.455002
40.400002
40.855
41.029999
41.275002
41.450001
40.759998
40.84
40.275002
40.59
41.235001
41.119999
41.02
41.055
41.404999
41.575001
41.82
41.959999
41.814999
41.970001
42.130001
41.77
41.889999
41.150002
40.695
40.985001
41.115002
41.060001
41.244999
41.134998
41.290001
41.810001
41.939999
41.970001
42.005001
42.09
41.880001
41.880001
42.224998
41.924999
42.16
42.279999
42.035
41.814999
41.970001
41.915001
41.945
42.145
42.205002
41.990002
42.285
41.904999
41.994999
42.040001
41.720001
42.200001
42.134998
42.220001
42.154999
41.924999
42.34
42.540001
42.525002
42.5
42.720001
43.134998
43.595001
43.82
43.799999
44.07
43.919998
43.805
43.970001
44.080002
44.240002
44.380001
44.244999
44.209999
44.630001
44.145
43.990002
43.68
43.555
43.605
43.82
43.855
44.115002
43.889999
43.985001
44.115002
44.57
44.865002
44.98
45.0
45.369999
45.845001
42.470001
43.195
43.91
43.220001
43.41
43.845001
44.040001
44.215
44.709999
45.494999
44.775002
44.285
44.099998
44.845001
44.474998
43.105
42.810001
42.799999
41.625
42.384998
42.564999
43.035
43.825001
44.209999
44.825001
44.459999
44.439999
44.264999
44.785
45.380001
44.994999
44.439999
43.830002
43.755001
44.125
44.389999
44.384998
44.994999
45.84
45.415001
45.375
45.105
45.009998
45.244999
44.700001
45.43
45.369999
44.369999
43.349998
44.09
43.48
43.549999
43.759998
42.970001
43.689999
44.240002
43.700001
43.369999
43.59
44.380001
44.189999
44.650002
44.560001
44.77
45.18
45.02
45.23
increase
