237.940002
236.350006
236.979996
238.220001
239.5
243.050003
243.860001
245.229996
245.5
243.759995
245.25
244.940002
241.949997
238.509995
229.720001
231.009995
230.880005
228.220001
224.550003
220.330002
218.729996
219.130005
219.520004
220.660004
224.160004
224.360001
223.119995
222.110001
223.75
227.389999
228.160004
228.179993
228.309998
228.190002
229.410004
232.360001
230.770004
230.789993
233.039993
234.759995
235.490005
237.669998
238.630005
244.389999
247.110001
246.460007
248.910004
246.089996
246.710007
244.020004
243.089996
243.979996
244.289993
241.550003
240.690002
241.169998
242.119995
245.589996
244.130005
245.850006
247.529999
245.729996
246.410004
249.070007
250.970001
253.520004
254.619995
256.149994
254.160004
253.009995
252.330002
252.199997
250.179993
250.360001
242.649994
241.220001
239.740005
237.970001
232.199997
232.880005
232.639999
231.139999
227.990005
224.770004
223.990005
222.970001
223.75
222.270004
223.699997
221.809998
223.940002
223.580002
223.860001
229.479996
227.729996
223.779999
223.610001
227.929993
233.550003
232.380005
231.210007
226.470001
223.699997
220.289993
221.539993
215.0
210.0
202.660004
204.649994
211.610001
209.449997
208.300003
204.080002
204.949997
210.979996
209.800003
208.389999
209.300003
206.75
202.940002
207.419998
206.610001
204.080002
205.520004
198.410004
197.779999
187.149994
189.270004
188.279999
187.770004
182.919998
180.339996
176.330002
178.820007
178.639999
177.229996
184.580002
175.380005
174.919998
174.339996
172.970001
175.009995
173.0
172.210007
174.410004
171.820007
173.050003
174.809998
174.880005
171.119995
170.669998
174.830002
173.529999
172.380005
171.919998
175.690002
173.830002
169.940002
166.899994
164.279999
168.0
164.869995
167.800003
172.759995
171.869995
169.240005
170.940002
171.679993
170.910004
169.570007
165.710007
167.630005
164.899994
164.440002
165.570007
164.619995
163.580002
170.320007
170.139999
171.580002
172.289993
170.559998
175.649994
173.990005
177.119995
176.050003
178.660004
176.720001
179.639999
181.330002
188.149994
188.059998
186.720001
187.119995
186.929993
187.300003
184.380005
180.259995
178.539993
172.509995
165.0
168.330002
170.389999
164.199997
162.770004
162.460007
158.720001
166.630005
164.470001
164.039993
160.589996
159.309998
159.399994
162.089996
165.759995
159.910004
154.220001
148.190002
144.020004
148.729996
150.710007
153.220001
153.5
157.279999
158.410004
163.190002
167.059998
166.119995
168.960007
166.270004
163.619995
163.699997
162.580002
159.479996
160.199997
160.320007
165.649994
168.289993
162.270004
164.740005
166.470001
165.130005
161.520004
161.880005
164.309998
165.059998
166.309998
164.369995
166.449997
166.830002
165.580002
158.589996
decrease
