59.669998
59.130001
59.689999
60.07
60.16
61.150002
60.91
61.610001
61.529999
61.540001
62.669998
62.709999
61.919998
61.82
61.369999
61.790001
60.990002
61.82
62.080002
61.560001
61.389999
61.200001
61.380001
62.169998
62.599998
63.119999
63.549999
64.099998
63.630001
63.900002
64.239998
63.830002
63.310001
63.16
63.66
64.18
63.82
64.230003
64.25
63.810001
63.790001
63.950001
63.389999
63.220001
63.049999
63.02
63.18
63.41
63.84
63.5
62.52
63.290001
62.779999
63.080002
63.349998
63.07
62.91
63.189999
64.129997
64.110001
64.050003
63.869999
64.190002
64.230003
64.199997
64.529999
65.290001
65.190002
65.169998
65.269997
65.449997
65.480003
65.900002
66.059998
65.080002
64.980003
64.57
64.010002
63.0
62.650002
62.880001
63.029999
62.970001
61.669998
61.34
61.290001
61.220001
60.77
60.23
60.779999
60.66
60.209999
60.200001
60.48
60.700001
59.650002
59.470001
58.27
59.779999
60.77
61.200001
60.740002
59.810001
59.619999
59.389999
59.490002
60.119999
60.5
60.709999
61.009998
60.470001
61.25
60.970001
61.389999
61.860001
61.630001
61.580002
61.98
62.259998
61.779999
61.779999
61.84
62.549999
63.16
63.98
63.630001
63.439999
65.07
64.870003
64.959999
65.129997
65.099998
64.849998
64.550003
64.779999
64.610001
64.660004
64.980003
62.0
62.490002
62.130001
61.669998
62.240002
62.060001
62.0
61.459999
61.139999
60.060001
60.060001
59.689999
59.630001
59.23
59.029999
58.759998
59.82
60.299999
59.959999
59.880001
59.259998
59.529999
60.029999
59.549999
59.509998
59.790001
59.93
58.970001
58.110001
59.389999
59.580002
59.779999
60.0
60.080002
59.310001
59.43
59.540001
60.0
59.580002
59.5
60.16
60.400002
60.650002
60.25
60.630001
61.0
61.150002
60.970001
61.060001
61.419998
61.529999
61.549999
61.0
62.34
64.32
64.800003
64.68
64.260002
63.349998
63.919998
64.169998
63.040001
60.630001
60.259998
60.470001
58.279999
60.220001
59.610001
59.43
59.41
59.23
59.470001
60.040001
60.18
59.959999
60.07
59.009998
58.23
57.34
56.470001
56.509998
57.619999
58.029999
57.310001
56.27
56.57
56.610001
55.939999
54.93
54.66
54.299999
54.450001
55.630001
55.84
54.810001
53.41
54.209999
53.779999
54.52
54.419998
53.119999
53.73
54.220001
54.549999
53.599998
53.299999
53.52
53.360001
53.490002
53.59
54.279999
54.259998
54.459999
55.18
increase
