44.049999
44.150002
43.810001
44.650002
44.84
44.450001
43.740002
43.349998
43.130001
42.830002
43.169998
43.959999
43.09
42.900002
43.349998
43.200001
43.220001
43.07
42.639999
42.869999
42.790001
43.040001
43.150002
43.279999
43.27
43.189999
43.18
42.919998
42.919998
43.049999
43.689999
44.040001
44.080002
44.220001
44.09
44.360001
44.150002
44.32
44.490002
44.439999
44.509998
44.720001
44.43
43.990002
43.830002
43.779999
43.759998
43.009998
42.66
42.689999
42.970001
43.18
43.759998
42.759998
42.650002
42.59
42.419998
42.970001
42.810001
43.259998
43.630001
43.299999
43.73
43.900002
44.23
43.68
43.43
43.880001
44.009998
45.259998
45.549999
45.599998
45.490002
45.529999
45.630001
45.599998
46.099998
46.0
45.740002
45.549999
46.18
45.959999
45.419998
45.41
45.150002
45.419998
45.380001
45.900002
45.84
45.75
45.509998
44.970001
45.389999
45.330002
45.220001
45.32
45.34
45.84
46.450001
46.27
45.57
45.360001
45.759998
45.59
45.700001
45.439999
45.220001
44.889999
44.75
44.540001
44.330002
43.630001
43.84
43.860001
43.98
43.880001
44.450001
44.740002
44.400002
44.75
44.689999
44.970001
45.240002
44.66
44.25
44.240002
44.189999
44.130001
44.07
44.110001
43.75
43.700001
43.349998
44.369999
44.200001
43.98
44.34
43.599998
44.220001
44.740002
44.900002
45.360001
45.209999
45.130001
45.470001
45.23
44.549999
44.689999
44.189999
44.25
44.919998
44.639999
44.75
44.400002
44.130001
44.290001
44.09
43.990002
43.939999
43.389999
43.599998
43.849998
44.130001
44.259998
43.880001
43.889999
43.849998
43.84
44.220001
43.240002
43.259998
43.150002
43.189999
43.330002
43.360001
43.59
43.709999
43.450001
43.509998
42.82
42.560001
42.889999
41.98
41.459999
40.950001
40.619999
40.709999
40.959999
40.580002
40.599998
41.389999
42.34
42.09
42.27
42.099998
41.450001
40.950001
41.84
40.799999
40.549999
39.669998
39.619999
39.209999
38.209999
39.34
39.27
39.279999
38.700001
39.369999
39.689999
39.110001
38.0
38.279999
38.880001
39.009998
38.43
38.66
38.48
38.41
38.759998
38.619999
38.82
39.0
39.990002
40.040001
40.049999
40.299999
40.259998
40.689999
40.459999
40.110001
39.790001
39.110001
38.619999
39.099998
39.549999
40.580002
40.75
40.48
41.150002
41.240002
41.259998
41.07
41.049999
41.220001
41.240002
40.700001
40.869999
40.810001
40.98
40.57
39.889999
decrease
