95.110001
94.699997
96.120003
96.919998
97.019997
97.120003
96.239998
97.25
98.139999
104.510002
104.470001
103.919998
105.300003
104.43
103.629997
102.650002
102.050003
102.260002
101.970001
100.160004
99.279999
99.529999
99.589996
99.489998
99.400002
100.449997
99.279999
98.550003
97.980003
100.150002
100.160004
99.089996
98.989998
98.709999
99.290001
101.68
101.300003
101.730003
102.330002
103.519997
104.480003
104.739998
103.980003
102.25
100.260002
101.25
103.879997
103.639999
104.800003
104.199997
103.690002
105.150002
104.550003
104.150002
105.32
104.93
104.449997
104.459999
105.190002
104.629997
105.010002
104.540001
105.919998
105.709999
105.410004
106.0
106.269997
105.139999
104.940002
105.470001
105.269997
106.260002
103.839996
103.839996
104.940002
103.889999
104.75
105.019997
102.989998
102.540001
104.230003
103.339996
102.610001
100.32
100.010002
99.379997
99.900002
100.059998
98.220001
98.489998
95.440002
94.519997
94.779999
94.690002
94.599998
90.459999
91.07
87.739998
90.769997
93.339996
94.040001
93.769997
93.260002
93.849998
93.800003
92.970001
93.279999
93.599998
94.449997
94.940002
94.370003
95.650002
95.779999
95.519997
95.660004
95.699997
95.290001
95.489998
96.040001
95.599998
95.82
95.32
95.949997
95.709999
96.220001
95.860001
101.800003
101.139999
99.889999
99.489998
99.68
99.800003
100.43
100.050003
100.849998
100.650002
101.169998
100.209999
100.139999
99.269997
99.050003
98.379997
98.709999
98.150002
98.699997
98.849998
98.860001
97.5
98.620003
98.580002
98.400002
98.410004
97.860001
97.970001
99.959999
101.709999
100.870003
99.769997
99.800003
98.199997
98.019997
98.580002
99.129997
99.879997
100.300003
98.82
97.790001
98.309998
98.720001
98.690002
99.709999
101.120003
101.029999
101.169998
101.290001
101.68
100.839996
99.230003
99.510002
100.050003
101.309998
99.699997
99.110001
96.489998
95.790001
95.389999
93.889999
94.809998
94.269997
94.080002
94.029999
94.769997
95.580002
95.029999
95.489998
94.349998
92.110001
91.480003
93.059998
91.949997
88.18
88.489998
88.489998
85.160004
88.010002
87.519997
88.32
89.639999
90.07
89.919998
88.580002
88.260002
87.839996
88.559998
88.440002
87.349998
85.470001
85.690002
86.440002
88.660004
89.760002
89.080002
88.360001
90.809998
89.0
89.099998
88.029999
88.879997
89.93
90.129997
90.93
91.010002
89.480003
87.489998
90.839996
89.690002
90.93
91.410004
88.18
89.970001
91.18
91.800003
89.540001
89.720001
90.730003
90.589996
91.800003
91.510002
92.5
92.889999
92.709999
92.599998
increase
