56.25
55.610001
56.049999
56.439999
56.349998
56.73
55.810001
55.939999
55.07
55.009998
55.360001
55.709999
55.48
55.220001
55.48
55.130001
54.73
55.189999
55.310001
54.959999
55.380001
55.759998
56.27
56.689999
56.84
57.549999
57.119999
56.970001
56.73
57.459999
57.349998
56.91
56.25
56.93
57.389999
57.880001
58.049999
58.130001
57.970001
58.810001
58.970001
59.009998
58.66
57.900002
57.099998
56.709999
56.860001
56.509998
57.389999
57.02
57.25
57.529999
57.490002
57.16
57.709999
57.459999
56.759998
56.869999
57.560001
57.610001
57.5
57.560001
57.689999
58.27
58.650002
58.830002
59.099998
58.669998
58.029999
59.41
58.790001
59.189999
59.02
58.650002
59.02
58.91
58.810001
58.900002
58.610001
58.419998
58.860001
58.720001
58.91
57.849998
57.939999
58.130001
58.619999
58.209999
58.310001
58.380001
58.299999
58.040001
57.82
57.900002
57.919998
57.709999
58.18
57.68
59.689999
60.040001
60.32
59.959999
60.0
60.380001
60.400002
60.369999
60.720001
60.669998
60.990002
60.880001
61.48
61.630001
61.509998
61.549999
61.689999
62.0
61.599998
61.799999
61.759998
61.599998
61.869999
61.720001
62.040001
62.02
62.119999
61.880001
62.130001
62.639999
62.919998
62.959999
62.830002
62.540001
62.25
62.540001
62.740002
63.330002
63.599998
63.880001
63.689999
64.139999
63.709999
63.529999
63.650002
64.080002
63.939999
65.099998
65.330002
65.830002
65.970001
66.010002
66.959999
66.620003
65.389999
65.709999
66.629997
66.419998
65.830002
66.57
66.580002
65.82
65.830002
65.269997
65.690002
65.480003
64.790001
64.209999
63.689999
63.98
63.849998
64.400002
64.209999
62.98
62.599998
62.91
63.220001
63.630001
63.279999
62.169998
62.639999
63.220001
63.509998
63.549999
63.630001
63.57
63.400002
63.880001
63.419998
64.050003
64.029999
64.290001
64.75
64.559998
65.120003
65.650002
70.489998
69.769997
69.330002
68.32
69.190002
68.57
66.269997
65.400002
66.110001
64.400002
64.940002
66.209999
66.980003
68.199997
69.050003
68.970001
69.309998
68.910004
68.129997
68.989998
69.760002
69.980003
69.110001
68.370003
68.660004
69.660004
69.610001
69.550003
70.050003
72.629997
71.709999
71.269997
70.739998
70.739998
71.010002
70.519997
70.849998
70.269997
68.57
66.690002
68.230003
67.529999
68.199997
68.730003
67.099998
67.849998
68.400002
68.43
67.089996
67.43
68.370003
68.050003
68.559998
68.449997
69.279999
69.650002
69.82
70.099998
decrease
