60.200001
60.279999
61.389999
61.799999
62.240002
59.75
60.939999
61.48
62.5
52.799999
52.860001
52.130001
50.169998
50.400002
49.849998
49.849998
49.43
49.830002
49.150002
47.5
47.0
47.380001
47.75
47.41
47.619999
48.060001
47.389999
47.43
47.150002
48.299999
48.529999
48.91
48.450001
48.540001
48.91
48.130001
49.52
49.630001
49.25
49.189999
49.5
49.490002
48.639999
49.279999
50.02
51.299999
50.869999
50.0
50.630001
50.240002
49.810001
50.09
50.950001
49.360001
49.240002
49.650002
49.830002
50.549999
50.080002
50.619999
51.77
51.529999
52.099998
52.360001
52.130001
52.369999
53.279999
45.490002
46.009998
46.889999
47.139999
47.529999
47.509998
48.040001
47.869999
47.310001
47.27
47.400002
46.310001
46.369999
46.82
46.34
46.290001
45.400002
45.360001
44.91
45.810001
45.419998
45.23
44.98
45.139999
45.709999
46.470001
47.150002
47.080002
46.169998
46.889999
46.799999
46.0
46.470001
46.799999
46.68
46.599998
47.34
47.57
47.689999
47.669998
47.52
48.330002
47.919998
47.830002
47.75
47.68
48.720001
50.0
50.5
50.5
50.779999
50.630001
50.310001
51.029999
50.52
50.52
50.759998
50.73
50.580002
51.0
51.650002
51.869999
51.459999
51.91
54.0
53.34
53.0
52.459999
52.25
52.689999
52.290001
53.009998
53.740002
53.759998
53.759998
53.849998
54.259998
53.52
53.75
54.009998
55.259998
55.439999
55.380001
55.68
55.689999
55.790001
55.349998
55.360001
55.34
55.779999
55.790001
56.439999
56.439999
55.77
56.439999
56.5
56.549999
57.02
56.66
56.759998
57.759998
65.669998
66.82
66.629997
65.839996
65.449997
65.419998
65.190002
65.43
65.040001
65.559998
65.940002
65.599998
65.830002
65.879997
67.489998
66.330002
65.209999
65.519997
64.5
65.400002
65.080002
65.629997
65.650002
66.0
66.019997
66.870003
67.620003
67.25
66.559998
66.989998
67.559998
65.720001
62.810001
63.669998
64.480003
62.490002
64.129997
64.93
64.489998
66.870003
67.400002
66.889999
66.769997
66.32
66.25
67.360001
68.599998
68.239998
67.459999
67.919998
69.43
69.809998
69.940002
69.989998
75.080002
76.07
74.970001
73.300003
73.25
74.709999
74.019997
72.489998
73.68
73.389999
71.650002
70.190002
72.18
70.75
70.050003
70.980003
69.25
70.120003
70.410004
72.290001
69.339996
70.459999
72.489998
71.589996
71.919998
71.43
71.639999
72.489998
72.849998
72.459999
decrease
