105.519997
105.099998
106.830002
108.089996
108.300003
108.18
108.910004
109.389999
108.379997
107.650002
108.709999
110.010002
109.559998
109.330002
110.57
110.739998
110.379997
112.050003
112.370003
110.540001
110.0
110.32
110.580002
111.709999
112.050003
112.589996
112.860001
112.459999
113.599998
113.360001
114.089996
113.610001
112.68
112.800003
114.269997
115.400002
111.190002
112.660004
109.269997
106.050003
108.089996
108.330002
107.739998
106.190002
105.199997
104.849998
105.019997
104.470001
106.919998
104.669998
105.540001
106.029999
108.019997
108.050003
109.989998
111.339996
112.949997
116.540001
117.68
117.57
116.860001
117.730003
119.160004
117.910004
118.339996
118.599998
118.800003
117.199997
116.370003
116.5
115.800003
117.43
119.449997
118.800003
119.599998
123.080002
115.410004
113.160004
110.949997
109.360001
110.830002
111.879997
113.419998
112.110001
112.589996
113.480003
115.82
115.389999
114.860001
114.949997
115.43
114.459999
115.169998
116.260002
118.629997
116.669998
118.660004
118.089996
118.279999
123.849998
124.639999
125.599998
126.0
127.290001
131.020004
134.649994
136.080002
134.889999
134.289993
128.889999
128.419998
130.020004
132.320007
136.309998
136.619995
137.419998
138.220001
139.660004
137.190002
136.550003
137.770004
137.419998
137.300003
138.940002
140.160004
139.410004
139.660004
139.490005
140.779999
138.529999
138.720001
138.529999
139.039993
139.080002
139.509995
140.889999
142.330002
136.910004
140.039993
141.970001
143.130005
144.580002
140.839996
140.619995
143.369995
137.649994
134.539993
135.330002
136.210007
135.399994
136.699997
135.25
137.059998
136.229996
136.889999
131.949997
134.320007
132.149994
129.350006
127.989998
127.480003
129.080002
130.600006
131.139999
130.360001
130.100006
127.580002
129.570007
132.080002
132.020004
131.330002
128.649994
129.289993
129.039993
128.429993
128.449997
127.889999
131.529999
131.789993
130.220001
131.720001
137.449997
135.440002
132.960007
134.690002
133.520004
128.0
126.949997
117.910004
116.010002
113.529999
113.0
112.400002
116.900002
114.410004
111.68
111.370003
111.589996
109.199997
105.510002
105.150002
107.540001
106.629997
105.18
107.720001
111.589996
108.449997
111.720001
114.610001
112.239998
114.580002
113.010002
113.68
118.75
110.099998
111.57
100.43
96.010002
95.019997
96.440002
100.139999
100.050003
99.279999
101.760002
102.989998
103.129997
100.330002
98.07
98.370003
96.910004
95.32
97.470001
94.110001
93.239998
94.360001
93.43
89.559998
92.739998
88.959999
90.419998
91.599998
95.769997
91.800003
91.220001
92.330002
93.309998
93.389999
95.5
96.870003
96.629997
98.790001
98.589996
decrease
