118.870003
118.440002
120.339996
118.779999
119.739998
120.089996
134.619995
133.679993
134.119995
131.970001
141.889999
138.029999
137.0
138.169998
137.009995
137.460007
138.669998
138.460007
138.610001
136.080002
137.690002
138.429993
138.100006
138.220001
138.649994
141.389999
142.100006
143.330002
145.199997
145.910004
149.699997
148.830002
148.619995
149.130005
151.820007
148.850006
143.410004
144.380005
144.300003
144.020004
145.259995
149.699997
146.990005
149.419998
149.690002
153.5
151.669998
149.339996
152.240005
148.619995
150.119995
149.029999
151.940002
149.740005
151.949997
151.580002
151.589996
152.509995
152.190002
154.300003
156.210007
156.020004
159.279999
160.169998
158.869995
161.190002
158.559998
158.690002
157.259995
173.059998
167.229996
169.429993
167.990005
170.460007
169.300003
174.009995
173.619995
175.770004
171.229996
173.559998
174.160004
177.970001
178.460007
169.360001
168.610001
167.979996
172.550003
172.850006
175.309998
172.550003
175.110001
173.990005
174.880005
176.740005
176.380005
179.330002
176.630005
179.990005
181.440002
184.119995
185.660004
183.570007
184.860001
184.5
188.339996
187.179993
188.779999
186.320007
188.0
184.889999
184.199997
184.779999
183.039993
186.270004
187.220001
186.449997
185.979996
186.610001
187.039993
188.130005
188.669998
192.460007
192.380005
192.809998
193.369995
194.270004
194.229996
196.850006
200.880005
202.759995
203.720001
201.75
202.979996
235.940002
235.570007
238.979996
234.949997
233.470001
241.350006
244.5
246.460007
252.740005
249.630005
249.460007
253.729996
254.020004
249.190002
254.919998
253.889999
255.509995
256.429993
254.380005
254.759995
262.420013
264.230011
258.369995
260.880005
254.070007
225.800003
227.360001
233.009995
241.380005
238.429993
233.660004
234.369995
235.630005
233.800003
233.550003
235.470001
235.050003
233.649994
218.759995
223.119995
223.539993
226.449997
226.479996
222.190002
224.619995
231.199997
233.300003
241.070007
248.899994
251.440002
248.309998
252.910004
258.429993
263.880005
272.25
270.700012
269.459991
267.100006
272.160004
272.279999
273.559998
283.970001
276.769989
270.079987
262.0
255.570007
257.380005
242.399994
241.449997
234.330002
220.710007
229.369995
233.130005
233.729996
246.339996
252.770004
251.5
255.449997
252.139999
259.679993
265.070007
266.579987
263.869995
262.519989
245.550003
253.710007
255.490005
255.970001
262.899994
268.179993
271.73999
275.609985
269.709991
272.480011
272.869995
270.410004
265.390015
270.399994
270.140015
260.130005
250.919998
261.519989
248.300003
244.419998
251.130005
242.690002
243.619995
248.929993
255.350006
245.229996
249.059998
258.269989
257.019989
263.76001
261.720001
265.5
272.649994
277.049988
252.779999
decrease
