88.370003
89.110001
90.68
91.419998
88.25
84.93
85.089996
84.419998
86.489998
86.599998
85.43
85.239998
83.529999
84.209999
83.190002
83.650002
83.589996
84.870003
84.730003
82.190002
83.040001
84.57
85.279999
85.779999
84.540001
86.580002
86.620003
85.809998
87.050003
88.230003
89.309998
89.300003
89.199997
91.690002
90.540001
89.93
89.040001
88.910004
89.169998
88.410004
88.739998
90.769997
89.389999
90.830002
91.019997
91.629997
90.870003
88.919998
88.410004
89.099998
89.760002
90.220001
91.279999
91.400002
93.889999
92.940002
91.57
94.629997
93.739998
92.629997
92.080002
90.75
90.269997
89.099998
88.25
87.010002
87.129997
87.720001
87.980003
86.32
85.230003
85.510002
85.639999
84.989998
85.870003
86.0
85.150002
84.339996
83.790001
84.470001
85.089996
83.910004
83.809998
80.019997
78.449997
77.980003
77.110001
74.910004
73.519997
75.529999
74.309998
74.379997
74.129997
74.660004
75.150002
73.050003
73.68
73.160004
74.300003
75.589996
76.32
76.209999
77.489998
75.279999
73.07
72.239998
73.0
72.910004
74.75
74.790001
74.959999
75.099998
75.870003
76.269997
77.029999
80.150002
80.839996
79.75
80.559998
80.410004
80.68
81.519997
80.400002
80.959999
80.470001
80.519997
80.43
78.830002
79.690002
78.739998
79.389999
68.919998
65.379997
66.580002
66.459999
66.029999
65.779999
63.650002
63.650002
63.939999
62.200001
62.080002
62.380001
62.419998
61.720001
61.68
64.440002
65.870003
66.400002
66.099998
66.190002
65.580002
65.400002
65.360001
67.290001
69.110001
69.169998
66.910004
68.279999
68.099998
67.830002
69.370003
69.739998
69.720001
69.800003
69.019997
69.389999
70.830002
73.559998
73.190002
73.769997
74.690002
74.279999
74.839996
74.370003
74.57
73.510002
75.010002
74.660004
73.849998
73.739998
72.75
71.290001
72.050003
74.809998
73.519997
71.279999
70.82
69.790001
68.879997
68.550003
69.470001
64.690002
62.07
64.540001
65.480003
64.199997
65.730003
64.080002
64.559998
62.740002
63.189999
64.230003
64.040001
64.720001
66.010002
66.889999
66.760002
66.169998
64.970001
64.389999
64.690002
64.169998
64.980003
66.150002
64.889999
64.5
64.650002
63.380001
63.619999
64.300003
64.0
64.800003
64.800003
65.779999
68.790001
65.669998
65.919998
66.510002
65.099998
65.190002
64.209999
62.82
61.880001
62.16
61.490002
61.57
61.959999
57.75
60.110001
61.220001
62.110001
60.77
59.810001
59.849998
59.060001
60.27
63.950001
65.209999
64.989998
65.970001
65.519997
decrease
