80.150002
79.730003
80.900002
81.220001
81.800003
81.980003
81.290001
81.5
81.830002
84.93
85.57
85.449997
84.769997
84.169998
84.290001
83.910004
84.129997
84.529999
84.330002
84.360001
84.720001
84.129997
84.790001
85.400002
85.809998
86.279999
86.5
86.0
86.339996
86.940002
86.669998
86.610001
85.82
85.870003
86.559998
87.370003
87.919998
87.970001
88.82
89.790001
89.82
89.410004
89.260002
89.239998
88.309998
88.080002
88.419998
88.169998
88.580002
88.129997
88.440002
88.629997
88.809998
88.720001
89.190002
88.849998
87.940002
88.199997
88.599998
89.050003
88.489998
88.879997
89.25
89.220001
89.160004
89.769997
90.209999
89.400002
89.68
90.5
91.0
91.0
94.160004
93.93
94.220001
94.239998
94.209999
94.699997
94.160004
93.949997
94.419998
94.379997
94.379997
93.330002
92.919998
92.720001
93.769997
93.18
91.540001
92.019997
90.650002
90.82
90.07
90.5
89.779999
86.489998
87.5
86.449997
89.610001
91.230003
91.870003
90.940002
90.5
90.879997
90.480003
91.139999
91.379997
90.669998
90.529999
91.040001
90.730003
90.889999
91.290001
91.910004
92.379997
92.099998
92.860001
93.190002
93.290001
93.199997
93.330002
93.089996
92.540001
92.339996
92.459999
91.410004
91.25
92.730003
92.970001
92.970001
93.639999
93.279999
93.959999
93.730003
94.07
93.860001
94.25
97.849998
97.839996
99.089996
99.18
99.089996
98.949997
99.120003
99.440002
99.940002
100.379997
99.57
100.169998
100.32
99.699997
99.300003
99.080002
99.410004
100.889999
101.959999
102.660004
103.099998
103.620003
102.839996
102.650002
102.110001
102.5
102.370003
103.540001
103.32
102.650002
103.970001
104.160004
104.379997
104.419998
104.209999
104.110001
104.339996
104.599998
104.910004
104.709999
101.919998
101.980003
100.800003
101.870003
101.389999
100.940002
100.43
100.779999
102.110001
102.129997
103.940002
104.0
103.699997
104.43
101.25
99.870003
100.730003
100.529999
98.040001
98.449997
98.769997
98.720001
97.940002
95.019997
96.599998
96.870003
90.059998
90.889999
90.730003
92.129997
95.029999
94.519997
95.040001
93.650002
93.410004
92.800003
94.370003
95.75
94.010002
92.260002
92.059998
91.610001
92.889999
93.43
93.389999
94.330002
96.029999
94.849998
96.410004
96.410004
96.809998
97.529999
96.779999
97.389999
96.839996
94.650002
92.25
94.519997
93.389999
94.610001
94.800003
93.699997
95.120003
96.529999
97.129997
95.900002
95.779999
97.120003
96.199997
96.75
96.360001
97.529999
97.75
97.790001
97.980003
increase
