77.720001
77.910004
78.239998
78.75
79.720001
80.620003
78.639999
77.699997
77.620003
77.279999
77.349998
77.5
76.800003
76.980003
76.830002
77.290001
76.730003
77.239998
78.480003
77.010002
77.32
79.059998
79.459999
78.900002
79.050003
79.459999
79.379997
78.459999
78.629997
79.139999
80.059998
80.0
78.540001
78.330002
77.650002
77.230003
78.449997
79.279999
79.75
80.75
81.580002
82.169998
81.910004
81.510002
81.190002
81.449997
81.410004
80.589996
81.239998
79.82
81.120003
81.370003
82.139999
80.660004
81.220001
81.529999
81.470001
81.989998
80.790001
80.769997
80.830002
80.599998
80.699997
81.089996
80.410004
80.309998
79.099998
78.489998
81.199997
81.400002
81.239998
81.470001
80.849998
80.760002
81.32
81.989998
81.370003
80.589996
78.919998
79.279999
79.470001
78.949997
79.290001
78.830002
78.169998
77.480003
78.080002
77.089996
77.150002
77.620003
78.050003
77.769997
78.300003
78.709999
79.150002
79.400002
80.260002
80.220001
80.809998
81.07
81.0
81.809998
82.620003
82.769997
82.650002
82.849998
83.57
83.470001
84.550003
84.5
85.349998
85.330002
85.760002
86.470001
86.529999
87.470001
86.730003
87.07
87.190002
87.620003
87.809998
88.150002
89.559998
88.300003
88.139999
87.0
87.599998
87.739998
88.019997
87.309998
88.480003
86.489998
80.699997
80.290001
81.970001
83.389999
82.730003
82.230003
82.019997
83.089996
83.529999
83.43
82.080002
83.129997
83.940002
82.900002
82.029999
82.410004
82.650002
83.239998
83.400002
83.160004
82.919998
83.099998
83.330002
82.940002
84.139999
84.580002
83.43
82.0
81.790001
83.110001
82.459999
82.169998
82.150002
82.639999
81.68
82.279999
82.559998
80.07
81.0
81.0
80.339996
80.389999
80.0
79.559998
79.559998
79.910004
80.25
81.370003
81.57
81.239998
82.93
82.599998
84.379997
85.040001
84.07
84.209999
84.050003
86.230003
85.800003
85.349998
85.580002
85.349998
86.370003
86.68
85.440002
86.110001
85.169998
81.849998
79.110001
80.110001
79.959999
77.32
78.489998
79.75
79.650002
79.970001
82.260002
82.720001
85.660004
86.720001
86.040001
86.169998
87.849998
86.970001
84.110001
82.07
82.230003
83.010002
83.919998
83.93
84.760002
87.209999
87.400002
86.089996
85.360001
85.480003
85.879997
85.25
85.629997
85.940002
84.599998
82.959999
84.559998
84.0
83.129997
85.290001
83.239998
84.589996
85.739998
85.940002
84.75
84.540001
85.230003
84.540001
85.309998
84.559998
85.370003
85.620003
86.5
85.389999
decrease
