118.720001
116.82
119.540001
120.550003
120.730003
126.910004
127.779999
131.589996
133.410004
130.429993
130.149994
128.820007
124.480003
124.699997
120.949997
119.040001
120.080002
120.93
120.300003
116.150002
116.669998
113.839996
115.419998
104.639999
101.080002
98.5
97.699997
97.779999
98.029999
100.580002
101.830002
101.610001
101.470001
100.139999
102.919998
105.379997
106.879997
108.0
118.0
117.980003
113.980003
116.160004
119.050003
123.580002
126.230003
126.07
125.089996
122.110001
125.809998
122.43
121.669998
121.080002
125.050003
121.089996
123.059998
123.760002
124.32
124.940002
126.910004
126.709999
125.779999
126.769997
127.300003
129.809998
131.789993
130.740005
129.350006
131.070007
133.919998
137.990005
137.339996
137.789993
137.970001
136.720001
136.639999
138.330002
136.039993
136.850006
132.300003
132.929993
133.960007
135.210007
136.550003
134.630005
133.399994
133.429993
138.199997
135.669998
137.779999
137.539993
139.020004
138.380005
138.449997
142.410004
144.080002
144.720001
145.119995
143.5
141.190002
142.929993
144.070007
146.460007
144.610001
146.690002
143.639999
142.830002
142.919998
142.919998
142.820007
143.960007
139.699997
139.449997
138.339996
140.289993
140.919998
141.479996
141.929993
143.789993
141.300003
141.139999
143.839996
141.229996
141.460007
140.610001
140.839996
143.160004
140.240005
140.460007
139.020004
135.199997
136.660004
132.009995
126.07
128.619995
127.809998
119.660004
116.059998
115.629997
117.949997
115.940002
117.419998
115.389999
116.370003
115.169998
113.449997
109.980003
110.339996
110.330002
110.870003
108.489998
108.050003
107.599998
108.610001
107.75
108.099998
107.370003
109.809998
108.959999
111.75
108.900002
109.419998
106.779999
114.459999
111.900002
113.599998
113.540001
113.089996
115.760002
116.089996
115.720001
118.349998
118.239998
118.779999
119.220001
119.800003
120.260002
119.589996
124.050003
124.949997
122.690002
122.800003
119.699997
121.800003
121.459999
122.480003
122.709999
124.480003
122.120003
120.349998
121.050003
123.669998
125.589996
125.010002
124.949997
128.089996
126.790001
122.360001
119.32
118.089996
116.150002
112.720001
114.910004
117.150002
108.470001
108.599998
115.43
113.970001
123.199997
122.709999
120.470001
118.849998
117.099998
114.589996
118.93
121.330002
118.339996
117.449997
115.110001
117.919998
119.5
118.129997
118.379997
120.010002
125.68
127.080002
121.080002
122.68
126.830002
126.75
122.029999
120.220001
117.889999
114.230003
110.790001
111.550003
108.330002
110.610001
111.459999
108.639999
107.480003
111.510002
109.309998
109.239998
110.629997
113.459999
110.790001
111.290001
111.379997
109.480003
113.279999
112.959999
111.739998
decrease
