39.889999
39.790001
40.439999
40.790001
40.709999
41.330002
40.610001
41.700001
41.709999
41.549999
41.619999
41.830002
41.540001
42.040001
42.869999
43.48
43.439999
44.32
45.07
42.759998
43.91
44.080002
44.73
44.91
44.630001
45.02
45.5
45.560001
45.880001
46.0
46.799999
46.720001
46.57
47.259998
47.43
44.740002
44.34
44.849998
43.98
43.16
43.110001
44.290001
43.360001
43.619999
43.34
44.09
43.25
41.889999
42.689999
41.439999
41.310001
41.009998
42.119999
42.110001
43.540001
44.209999
45.400002
45.279999
45.299999
46.119999
46.150002
46.619999
47.18
47.25
46.810001
46.779999
46.400002
47.450001
46.040001
45.25
44.310001
44.099998
42.73
42.700001
42.82
43.959999
43.900002
43.810001
42.029999
43.080002
43.779999
43.880001
44.459999
43.119999
44.299999
43.310001
44.450001
44.02
43.720001
43.310001
43.630001
44.02
45.470001
45.119999
45.099998
44.48
44.73
45.220001
44.349998
45.580002
45.650002
46.119999
47.049999
47.139999
48.049999
48.259998
47.279999
47.150002
47.77
46.330002
45.919998
48.84
50.619999
52.09
52.080002
51.84
51.599998
51.43
52.400002
52.689999
52.59
53.23
53.310001
53.939999
55.040001
55.130001
55.34
55.330002
56.09
56.369999
56.380001
55.299999
55.93
56.689999
55.900002
56.43
55.709999
56.259998
56.549999
56.330002
56.470001
56.919998
55.48
56.360001
57.029999
56.419998
55.77
57.84
56.490002
57.619999
58.799999
57.68
57.91
56.939999
57.330002
52.91
52.77
51.91
49.77
50.080002
51.009998
52.299999
51.43
51.619999
50.470001
50.759998
51.310001
52.540001
53.400002
52.959999
53.290001
51.889999
52.060001
51.049999
51.68
51.720001
51.119999
53.040001
53.98
54.290001
54.599998
55.919998
54.860001
53.299999
53.200001
53.450001
54.5
57.34
57.400002
57.400002
57.459999
57.790001
56.880001
55.759998
57.119999
55.330002
53.380001
53.630001
53.279999
50.68
48.310001
50.25
48.689999
45.75
48.080002
49.5
49.549999
51.959999
53.990002
55.029999
56.66
56.130001
56.07
57.009998
58.810001
57.639999
57.59
57.07
58.029999
57.630001
59.990002
59.419998
59.369999
61.610001
60.970001
59.689999
60.23
60.279999
59.439999
58.5
59.23
60.779999
58.959999
55.380001
58.470001
55.439999
54.060001
55.610001
52.889999
53.98
55.560001
54.290001
52.34
53.02
54.799999
54.950001
56.43
56.07
56.869999
57.860001
54.73
51.189999
decrease
