13.11
13.0
13.13
13.49
13.41
13.62
13.3
13.62
10.32
10.39
10.1
10.19
10.04
10.18
10.79
11.07
11.26
11.42
12.75
11.2
11.28
11.41
11.04
10.89
10.89
10.98
11.0
11.12
11.19
10.93
10.9
11.24
12.03
12.38
12.9
12.28
12.09
11.96
11.77
11.5
11.44
11.93
12.64
13.98
14.38
14.17
14.08
13.4
13.23
12.6
12.48
12.15
13.19
13.02
13.36
13.81
13.89
14.29
13.53
13.92
13.8
13.48
13.55
13.8
13.88
14.16
14.11
14.76
14.12
13.95
13.61
13.71
13.37
13.24
13.12
13.43
13.11
12.83
12.12
12.23
12.76
13.02
12.63
12.34
12.37
12.05
12.17
12.48
12.5
12.43
12.23
12.15
12.67
13.0
13.19
12.92
12.86
12.63
12.25
12.55
12.3
12.22
12.26
12.52
13.08
13.12
13.74
13.41
13.3
12.61
12.45
12.74
12.74
12.75
12.71
13.42
13.31
13.34
13.23
13.47
13.7
13.88
14.2
14.22
14.26
14.16
14.07
13.95
13.81
14.1
14.25
12.33
12.01
11.84
10.89
10.99
10.8
10.85
11.12
11.93
12.05
11.71
11.12
11.26
11.09
11.12
11.07
11.25
11.38
11.34
11.4
11.37
11.38
11.55
11.17
10.83
10.89
10.73
10.03
9.91
10.0
10.04
9.94
10.16
9.9
10.11
10.13
10.29
10.98
10.95
10.98
10.89
10.54
10.46
10.53
10.55
10.28
10.98
11.55
12.12
11.88
12.28
11.82
11.96
12.14
12.02
11.91
12.18
12.47
12.59
12.65
12.94
12.71
12.41
12.95
13.32
12.87
13.74
13.25
12.45
11.57
11.65
11.6
11.22
11.31
11.68
11.78
12.2
12.19
11.82
12.02
11.72
11.84
12.07
12.42
12.53
12.11
11.9
11.81
11.91
11.76
12.24
11.97
11.7
11.52
11.64
11.36
11.46
11.47
11.43
11.11
11.26
10.91
10.63
10.44
10.0
9.81
10.05
9.53
9.55
9.77
10.02
9.61
9.53
9.98
9.82
10.08
9.93
10.09
10.52
10.36
10.11
decrease
