54.77
54.84
56.580002
57.029999
57.099998
57.259998
57.200001
57.59
59.029999
59.91
60.389999
60.189999
59.93
60.299999
59.950001
59.849998
59.470001
59.720001
59.810001
59.470001
59.139999
60.060001
60.580002
60.560001
60.990002
61.09
60.869999
60.799999
61.02
61.509998
61.860001
61.799999
61.5
61.529999
61.959999
62.380001
61.759998
62.049999
61.540001
62.209999
62.330002
62.860001
61.869999
60.509998
60.580002
60.43
60.419998
60.09
60.57
60.0
60.57
61.209999
61.220001
61.169998
61.560001
61.700001
61.619999
62.220001
61.759998
61.900002
61.869999
61.41
61.619999
61.139999
60.91
61.209999
61.779999
61.509998
61.599998
61.849998
61.580002
61.619999
64.230003
64.400002
64.519997
64.190002
63.799999
63.560001
62.740002
62.580002
63.119999
63.110001
63.110001
62.790001
62.939999
62.380001
62.939999
62.459999
62.509998
62.52
62.380001
62.57
62.68
63.25
63.23
63.009998
63.459999
63.599998
64.050003
64.410004
64.919998
65.099998
65.260002
65.330002
66.309998
66.370003
66.400002
66.110001
65.589996
65.029999
65.419998
66.269997
65.550003
66.040001
66.830002
66.290001
66.949997
66.860001
66.989998
67.110001
67.160004
66.970001
67.110001
67.199997
67.769997
67.919998
67.919998
68.400002
68.580002
68.489998
68.730003
68.510002
69.230003
69.190002
67.629997
67.489998
67.25
68.379997
67.660004
68.550003
68.559998
68.050003
68.010002
68.230003
68.889999
69.489998
68.82
70.120003
70.260002
70.660004
70.349998
70.239998
70.239998
70.599998
72.0
71.68
72.690002
72.089996
71.790001
71.050003
71.040001
71.400002
71.739998
71.910004
72.129997
71.709999
70.959999
71.220001
71.5
72.059998
72.480003
72.620003
72.599998
72.540001
72.669998
72.870003
72.470001
72.75
73.389999
73.980003
73.790001
74.279999
74.0
73.720001
74.57
75.199997
74.910004
76.029999
76.07
76.980003
76.5
77.0
76.900002
76.980003
78.080002
77.489998
76.550003
76.300003
77.910004
77.25
73.900002
74.709999
74.160004
72.050003
72.300003
74.0
74.419998
74.709999
75.839996
76.550003
75.720001
76.349998
76.470001
76.760002
78.400002
77.68
75.739998
74.18
74.519997
75.199997
76.110001
76.519997
77.25
78.790001
78.349998
78.379997
78.199997
77.959999
78.68
77.870003
78.43
78.129997
76.18
74.610001
76.790001
75.07
74.949997
75.970001
74.660004
75.629997
75.669998
76.410004
73.540001
73.370003
74.529999
74.07
75.150002
74.940002
75.599998
76.379997
76.980003
76.529999
decrease
