164.580002
163.309998
166.449997
166.119995
165.929993
165.669998
165.589996
155.839996
154.789993
155.309998
155.429993
154.710007
154.039993
154.0
154.039993
152.419998
153.580002
154.75
154.550003
151.080002
149.509995
152.690002
153.979996
152.660004
152.5
154.0
153.919998
153.020004
153.850006
160.339996
161.0
161.990005
159.850006
160.509995
159.770004
162.490005
162.149994
161.850006
163.25
163.0
164.25
166.369995
165.619995
161.860001
162.050003
161.270004
162.360001
162.710007
165.940002
165.009995
165.860001
168.320007
170.289993
166.179993
169.869995
172.710007
171.649994
174.029999
175.149994
175.529999
176.300003
176.990005
176.990005
177.910004
178.350006
179.050003
181.460007
181.589996
178.839996
178.649994
185.830002
185.979996
180.669998
180.179993
180.639999
180.630005
181.559998
180.529999
175.419998
175.229996
178.389999
178.899994
178.389999
173.0
172.839996
172.050003
175.399994
174.190002
174.729996
174.880005
173.990005
173.880005
174.039993
176.690002
177.110001
174.410004
172.990005
172.690002
173.309998
177.25
178.830002
177.25
178.570007
179.869995
182.610001
182.399994
183.160004
184.179993
184.970001
186.789993
185.789993
188.449997
189.389999
189.830002
192.600006
192.869995
195.080002
195.220001
194.619995
194.119995
195.220001
194.559998
193.759995
193.550003
195.300003
193.789993
195.460007
195.720001
197.539993
195.850006
195.589996
189.190002
190.990005
190.679993
185.5
186.5
186.110001
185.339996
185.350006
186.059998
185.539993
185.949997
185.110001
184.360001
182.860001
183.149994
184.770004
185.490005
186.089996
186.679993
190.330002
189.990005
190.369995
192.679993
196.630005
198.630005
198.669998
197.850006
197.360001
197.009995
197.990005
198.210007
200.429993
198.0
196.75
195.720001
194.190002
198.639999
201.369995
202.199997
202.589996
201.880005
204.199997
204.059998
204.669998
206.509995
205.25
203.039993
202.119995
198.539993
199.470001
200.529999
200.270004
198.380005
200.720001
202.800003
203.009995
207.679993
205.320007
212.0
213.970001
212.919998
211.449997
211.0
215.759995
209.210007
203.220001
199.630005
201.759995
197.110001
188.5
190.699997
187.869995
179.110001
180.240005
181.190002
181.929993
189.449997
190.289993
191.789993
187.300003
189.029999
186.830002
190.009995
194.860001
190.25
189.360001
185.369995
187.479996
188.160004
191.800003
190.100006
191.539993
196.110001
194.729996
194.949997
193.460007
190.460007
192.399994
190.660004
189.25
192.259995
185.169998
180.919998
188.600006
185.229996
185.0
189.580002
180.429993
181.440002
183.929993
182.009995
176.440002
174.679993
176.279999
170.820007
173.309998
169.25
171.360001
172.929993
171.380005
172.580002
decrease
