162.039993
160.410004
163.139999
164.699997
164.610001
162.720001
163.320007
162.600006
163.490005
163.809998
164.289993
163.809998
163.029999
163.220001
160.509995
160.080002
160.220001
159.970001
159.990005
157.059998
157.960007
156.509995
153.020004
154.070007
154.600006
155.429993
155.009995
153.850006
155.240005
156.240005
159.149994
160.220001
159.529999
161.660004
162.649994
164.059998
164.880005
164.429993
165.100006
164.110001
162.419998
165.089996
166.289993
171.350006
173.820007
172.5
173.669998
170.850006
174.070007
172.589996
172.229996
172.800003
174.259995
171.720001
171.429993
172.199997
173.320007
173.270004
175.039993
177.130005
177.399994
177.479996
179.179993
179.320007
180.210007
181.059998
180.889999
175.889999
172.149994
174.539993
174.509995
174.130005
174.460007
174.179993
173.850006
174.580002
173.690002
173.550003
169.110001
169.429993
171.669998
170.039993
171.389999
167.809998
167.289993
168.160004
170.070007
169.0
169.949997
169.740005
171.779999
172.229996
173.649994
177.770004
178.710007
176.740005
178.380005
180.710007
180.639999
186.490005
191.0
189.699997
189.440002
187.470001
186.470001
186.320007
188.169998
186.639999
185.759995
186.289993
185.600006
184.880005
185.460007
186.449997
187.169998
187.229996
188.589996
186.850006
185.820007
185.460007
185.789993
184.149994
182.759995
183.009995
181.899994
186.190002
186.279999
184.119995
182.960007
180.529999
180.369995
177.5
176.520004
175.279999
174.589996
175.220001
175.419998
172.410004
173.440002
170.800003
173.479996
173.580002
174.0
172.350006
171.5
170.130005
169.380005
170.770004
170.0
168.789993
169.839996
169.960007
170.119995
169.710007
170.259995
172.229996
175.660004
177.199997
178.690002
178.669998
176.220001
173.960007
175.410004
176.830002
176.259995
177.380005
174.919998
177.039993
176.139999
176.869995
177.110001
176.679993
176.419998
176.089996
176.210007
175.25
173.899994
177.0
180.339996
179.580002
180.649994
180.600006
183.380005
182.860001
181.960007
185.039993
185.539993
188.009995
187.589996
189.279999
192.330002
191.990005
190.630005
190.080002
196.009995
198.0
191.270004
186.050003
185.559998
187.009995
174.75
176.649994
177.470001
173.119995
173.460007
174.869995
175.940002
179.520004
183.600006
183.550003
182.979996
182.429993
182.449997
186.669998
188.5
185.789993
183.770004
183.289993
185.080002
190.130005
190.350006
187.529999
187.160004
191.100006
189.300003
189.75
190.570007
189.75
188.240005
182.550003
182.029999
181.589996
176.080002
169.429993
175.190002
171.149994
170.460007
170.479996
166.050003
168.220001
173.520004
172.0
168.139999
169.619995
173.130005
172.410004
171.020004
171.479996
171.380005
174.880005
175.110001
172.929993
decrease
