129.570007
128.440002
131.860001
130.880005
129.0
128.460007
127.849998
128.809998
129.110001
129.020004
128.100006
128.820007
128.380005
128.910004
129.089996
127.589996
126.129997
128.770004
129.919998
123.339996
124.419998
125.830002
125.110001
122.980003
121.809998
122.610001
122.300003
121.099998
120.790001
123.129997
122.669998
122.209999
120.919998
121.949997
123.260002
126.489998
127.43
127.25
127.830002
129.610001
130.350006
132.119995
130.679993
128.240005
126.349998
125.550003
126.190002
125.790001
128.410004
128.020004
127.290001
130.139999
131.130005
129.149994
131.309998
132.850006
131.440002
133.309998
134.190002
134.740005
134.720001
134.570007
136.039993
136.789993
136.339996
137.559998
138.839996
144.649994
142.5
144.449997
144.880005
145.919998
145.520004
146.25
147.839996
147.289993
148.800003
147.949997
143.789993
143.360001
145.139999
144.899994
143.360001
138.740005
138.800003
137.460007
138.789993
138.509995
138.399994
138.610001
137.75
137.380005
137.199997
138.509995
139.820007
135.669998
135.100006
132.160004
132.770004
136.539993
137.639999
137.660004
139.009995
139.860001
140.860001
141.229996
141.490005
142.119995
142.919998
143.149994
144.350006
147.910004
147.75
148.509995
148.669998
149.449997
149.869995
150.550003
150.990005
150.630005
151.25
151.830002
152.580002
152.910004
153.389999
152.350006
152.740005
152.449997
154.119995
154.179993
153.970001
157.059998
162.800003
160.619995
158.300003
156.539993
157.380005
160.559998
159.589996
160.649994
159.229996
159.990005
159.050003
157.220001
157.320007
157.110001
157.389999
157.080002
158.279999
160.649994
159.759995
159.580002
159.559998
159.25
161.75
163.559998
163.229996
162.470001
165.550003
164.360001
164.770004
167.600006
169.860001
167.779999
168.600006
166.419998
165.449997
167.929993
170.020004
171.330002
171.100006
171.699997
171.509995
171.100006
170.940002
171.610001
169.470001
169.910004
169.070007
169.690002
170.270004
172.0
174.080002
175.830002
178.979996
182.039993
177.309998
178.470001
177.570007
178.809998
177.940002
178.309998
180.309998
173.130005
179.839996
177.449997
172.009995
168.699997
171.080002
167.5
160.389999
160.559998
160.110001
152.5
153.880005
155.910004
156.619995
160.550003
159.0
159.809998
158.759995
159.380005
158.009995
160.279999
162.320007
159.770004
156.440002
153.660004
150.910004
155.619995
155.570007
155.740005
156.410004
161.110001
159.880005
158.910004
157.009995
155.389999
157.100006
156.039993
157.139999
157.860001
151.059998
144.889999
149.550003
147.309998
146.960007
147.940002
142.669998
144.699997
145.699997
145.970001
141.309998
141.380005
144.289993
141.369995
143.529999
141.630005
143.589996
144.070007
144.619995
145.580002
decrease
