124.300003
124.43
123.849998
123.940002
122.809998
125.769997
125.940002
127.510002
127.910004
126.790001
127.389999
128.690002
128.869995
128.089996
127.099998
126.279999
126.120003
127.93
128.369995
130.740005
127.980003
128.320007
128.729996
128.729996
129.300003
131.050003
131.110001
132.119995
131.190002
131.830002
132.490005
131.610001
131.699997
131.820007
130.970001
130.279999
129.179993
130.190002
130.5
130.869995
131.949997
132.330002
131.199997
130.610001
130.869995
131.880005
132.460007
135.75
134.529999
132.820007
132.320007
131.410004
132.25
131.539993
133.139999
131.210007
130.929993
133.880005
134.139999
136.039993
135.399994
136.179993
135.419998
136.240005
136.899994
137.070007
136.619995
137.869995
134.860001
138.339996
136.330002
135.970001
137.970001
137.149994
137.570007
138.070007
136.630005
137.850006
136.830002
136.679993
139.970001
139.690002
141.089996
139.649994
140.0
141.279999
142.089996
142.839996
143.800003
144.240005
145.779999
145.889999
147.520004
148.050003
145.770004
146.940002
146.070007
146.990005
144.990005
146.179993
144.830002
143.699997
142.850006
145.009995
144.770004
140.979996
140.399994
139.399994
137.779999
137.389999
136.419998
134.740005
136.100006
136.679993
135.860001
136.660004
138.839996
139.25
139.110001
137.940002
137.089996
137.929993
140.029999
139.970001
139.589996
139.130005
137.479996
138.389999
139.070007
138.75
138.029999
137.330002
138.449997
139.029999
142.869995
143.669998
140.809998
142.440002
142.100006
150.160004
150.660004
152.720001
151.820007
150.539993
150.039993
149.490005
148.929993
148.399994
145.869995
146.220001
146.589996
145.309998
147.300003
148.229996
148.639999
146.300003
143.929993
143.610001
138.970001
140.759995
141.800003
144.110001
142.470001
144.050003
143.509995
143.729996
143.639999
142.759995
142.839996
141.860001
140.190002
139.610001
140.660004
140.910004
141.559998
142.910004
142.669998
141.130005
141.679993
139.610001
140.509995
142.009995
141.050003
137.610001
134.970001
133.0
135.630005
136.639999
135.190002
137.619995
139.240005
141.199997
141.759995
142.960007
145.130005
144.330002
145.149994
147.699997
147.059998
145.220001
142.039993
140.169998
140.0
133.570007
136.050003
136.229996
136.309998
135.479996
136.220001
140.020004
139.240005
137.440002
138.979996
141.869995
142.740005
140.699997
139.330002
135.369995
134.0
136.809998
138.880005
140.0
142.740005
143.580002
145.080002
146.25
146.460007
146.649994
146.550003
145.119995
146.309998
142.330002
143.009995
142.270004
145.210007
144.460007
144.300003
145.339996
143.830002
141.419998
143.050003
144.080002
142.160004
143.190002
137.399994
139.919998
138.380005
138.899994
138.520004
141.020004
139.809998
137.419998
decrease
