76.389999
77.889999
80.040001
80.660004
80.07
79.849998
79.709999
78.879997
79.550003
79.559998
78.919998
80.860001
81.849998
83.470001
83.080002
81.830002
80.860001
81.959999
81.879997
81.839996
81.489998
83.309998
83.260002
83.019997
83.089996
84.199997
83.459999
84.0
83.239998
83.25
84.510002
86.839996
88.739998
89.43
89.459999
91.779999
91.190002
94.220001
92.129997
91.730003
92.43
92.769997
91.959999
91.150002
91.059998
92.279999
92.32
93.529999
94.449997
93.239998
93.599998
95.029999
94.129997
94.129997
96.260002
96.120003
96.389999
96.459999
96.790001
97.580002
97.040001
97.110001
97.75
97.540001
96.989998
96.709999
97.800003
97.790001
97.699997
97.870003
99.529999
101.370003
99.739998
97.720001
97.93
97.169998
95.800003
95.400002
93.830002
94.419998
95.199997
94.650002
93.370003
92.720001
92.830002
92.75
93.43
93.949997
95.050003
95.480003
98.550003
98.809998
100.620003
100.150002
102.209999
99.379997
99.540001
100.75
101.57
102.190002
103.43
103.169998
101.550003
102.419998
103.150002
104.550003
103.699997
103.809998
104.0
105.279999
103.760002
102.440002
102.480003
103.150002
103.75
104.760002
105.120003
105.360001
105.989998
106.660004
106.330002
106.419998
105.68
105.370003
103.82
104.449997
104.32
104.949997
106.559998
105.849998
106.75
104.900002
104.75
105.739998
104.919998
106.239998
109.209999
109.730003
110.169998
111.57
111.279999
111.139999
107.0
107.199997
106.150002
105.690002
103.830002
104.790001
105.339996
105.110001
105.339996
103.949997
104.0
103.550003
105.459999
105.150002
105.470001
104.43
106.970001
107.580002
107.739998
108.919998
111.040001
110.959999
110.400002
108.900002
108.959999
111.550003
111.949997
110.379997
110.93
111.019997
112.18
114.300003
115.0
115.360001
114.339996
114.769997
116.459999
116.010002
116.279999
115.989998
116.040001
116.480003
117.43
119.129997
119.150002
121.129997
118.209999
118.349998
119.25
118.620003
116.57
115.120003
114.110001
110.760002
108.870003
108.160004
106.809998
103.529999
99.290001
103.190002
100.620003
96.900002
97.309998
97.629997
97.769997
98.610001
99.07
96.150002
94.18
92.550003
92.449997
94.529999
94.540001
93.580002
89.620003
91.050003
92.0
94.449997
96.43
96.720001
100.5
102.160004
99.989998
98.57
99.43
97.239998
99.199997
98.660004
100.449997
102.400002
100.93
100.860001
103.779999
101.519997
99.029999
100.559998
100.5
102.720001
104.110001
107.760002
106.900002
106.580002
110.290001
113.110001
110.129997
110.559998
113.839996
115.480003
116.699997
116.480003
increase
