108.010002
108.0
109.599998
109.769997
110.0
110.150002
110.160004
110.900002
110.849998
111.0
119.489998
121.199997
121.129997
121.290001
120.540001
119.889999
119.900002
120.459999
121.300003
119.839996
120.339996
122.199997
124.120003
124.660004
124.010002
126.209999
125.720001
126.779999
126.330002
127.860001
129.490005
129.539993
128.399994
128.339996
126.959999
124.519997
122.400002
122.470001
122.739998
121.080002
121.75
122.650002
120.93
122.410004
122.650002
122.519997
122.779999
121.269997
122.029999
120.43
121.68
120.470001
120.870003
120.940002
122.389999
122.239998
122.860001
124.589996
124.510002
124.589996
124.669998
125.029999
126.18
126.010002
126.669998
127.389999
127.910004
127.879997
127.580002
128.429993
129.550003
130.229996
127.480003
123.389999
124.32
124.980003
124.43
124.760002
122.709999
122.949997
125.239998
126.089996
128.509995
125.519997
125.610001
126.580002
129.0
127.260002
127.129997
127.769997
127.639999
126.57
127.910004
128.820007
128.110001
128.490005
127.68
128.460007
128.440002
129.809998
132.009995
131.509995
129.149994
121.82
123.589996
123.440002
122.989998
120.82
122.050003
120.739998
120.669998
120.940002
121.629997
122.730003
123.779999
124.650002
124.550003
125.239998
126.059998
126.110001
126.18
127.139999
129.240005
129.940002
131.309998
129.690002
129.559998
129.889999
130.940002
131.220001
132.110001
132.850006
133.839996
135.779999
135.800003
136.710007
135.600006
148.679993
149.100006
151.199997
151.929993
151.479996
150.470001
150.279999
150.869995
149.429993
149.320007
151.460007
150.570007
151.210007
153.399994
150.479996
151.910004
150.880005
150.270004
146.580002
148.190002
146.539993
142.009995
143.440002
144.720001
146.309998
146.130005
146.389999
145.330002
144.759995
144.509995
148.029999
147.589996
147.630005
147.350006
147.229996
146.660004
146.389999
146.660004
147.649994
147.589996
148.550003
151.419998
151.820007
152.449997
153.710007
155.139999
152.110001
152.210007
154.220001
153.389999
155.75
158.339996
161.539993
163.130005
161.850006
161.539993
159.929993
163.960007
162.75
161.679993
161.649994
163.399994
160.289993
156.020004
157.100006
155.029999
148.839996
150.410004
153.740005
154.199997
157.699997
162.410004
164.139999
167.809998
163.539993
160.940002
160.889999
161.669998
161.339996
159.940002
158.740005
162.630005
163.210007
163.770004
165.369995
168.0
171.179993
169.940002
167.75
166.949997
167.360001
166.309998
164.960007
165.490005
166.410004
162.410004
157.740005
161.009995
157.050003
154.869995
156.690002
153.869995
156.070007
157.919998
157.789993
153.509995
154.350006
157.919998
157.009995
159.039993
156.979996
159.990005
164.580002
166.5
165.479996
decrease
