168.070007
167.800003
168.410004
172.460007
179.029999
178.300003
177.889999
179.199997
181.270004
179.940002
179.889999
180.300003
179.830002
177.729996
180.130005
182.720001
181.440002
182.300003
180.809998
176.119995
176.690002
176.410004
176.5
177.710007
180.080002
181.5
183.080002
183.320007
182.350006
187.690002
187.580002
186.690002
187.649994
188.330002
187.589996
186.919998
186.740005
187.160004
188.770004
188.75
189.960007
192.740005
192.0
192.070007
193.360001
190.169998
188.149994
187.410004
187.919998
187.169998
188.130005
189.600006
191.25
190.279999
191.610001
192.119995
192.100006
193.539993
192.550003
192.559998
192.089996
189.449997
190.289993
190.690002
190.649994
191.0
190.580002
184.990005
183.520004
187.789993
186.210007
186.669998
188.949997
191.440002
190.479996
190.610001
191.979996
192.850006
189.720001
189.429993
191.309998
192.990005
193.350006
191.960007
191.020004
192.970001
194.949997
195.229996
192.899994
192.679993
193.479996
193.830002
191.5
196.039993
197.429993
197.179993
193.649994
192.639999
193.850006
195.949997
189.240005
189.720001
186.75
186.589996
185.0
181.440002
183.490005
183.5
182.860001
181.5
184.279999
186.449997
189.779999
189.880005
191.110001
193.229996
193.419998
192.919998
193.220001
190.740005
188.639999
189.889999
189.740005
183.830002
183.759995
187.259995
191.789993
193.199997
194.690002
195.639999
195.25
205.710007
206.910004
211.339996
209.460007
209.210007
209.529999
210.589996
211.800003
216.300003
217.470001
216.869995
215.979996
218.270004
218.460007
218.449997
218.199997
220.889999
220.830002
219.5
220.020004
220.419998
220.389999
220.029999
222.279999
227.309998
234.960007
232.339996
224.949997
223.490005
222.710007
223.639999
224.850006
226.020004
228.75
232.059998
227.119995
226.210007
227.020004
227.990005
227.919998
225.080002
225.600006
225.429993
225.240005
227.039993
225.009995
226.0
229.149994
230.210007
234.339996
231.820007
234.660004
233.889999
235.0
239.820007
241.75
249.149994
249.649994
250.059998
250.5
250.5
252.990005
251.350006
258.190002
257.019989
243.440002
247.850006
243.929993
239.179993
230.449997
234.830002
238.440002
230.570007
231.710007
232.770004
233.449997
235.020004
232.059998
235.020004
232.220001
232.029999
233.679993
235.240005
238.220001
237.210007
235.380005
232.039993
233.080002
232.039993
232.75
231.860001
228.789993
232.800003
229.860001
230.220001
229.029999
230.0
228.110001
227.990005
229.979996
225.990005
218.850006
215.630005
221.080002
219.440002
221.479996
219.699997
220.130005
227.509995
228.419998
230.729996
224.779999
222.869995
224.949997
220.320007
220.460007
222.020004
225.270004
229.520004
230.649994
227.669998
decrease
