120.559998
118.43
119.040001
120.07
120.07
120.139999
119.839996
120.290001
119.919998
120.339996
121.199997
122.269997
122.809998
124.300003
124.089996
124.300003
124.239998
125.760002
125.980003
125.980003
126.690002
127.279999
128.369995
128.559998
129.190002
130.320007
130.009995
130.710007
130.910004
131.639999
131.399994
131.0
130.460007
131.410004
131.710007
132.639999
133.029999
134.059998
135.009995
135.649994
136.460007
136.800003
136.149994
135.300003
134.25
132.399994
133.029999
132.580002
133.979996
132.839996
132.949997
133.160004
132.970001
133.389999
135.009995
135.300003
134.039993
134.660004
135.630005
136.220001
136.839996
137.410004
138.070007
138.839996
139.139999
139.630005
140.0
138.949997
135.910004
138.669998
138.169998
139.589996
139.229996
138.970001
138.949997
138.770004
138.580002
140.190002
138.850006
138.389999
139.660004
139.279999
139.320007
136.699997
136.520004
138.169998
139.570007
138.220001
137.779999
138.050003
138.380005
137.899994
138.149994
139.160004
138.860001
140.350006
140.229996
138.610001
142.639999
142.660004
142.889999
142.990005
142.139999
143.309998
144.050003
144.440002
145.979996
144.940002
146.020004
145.220001
146.279999
146.429993
146.949997
146.100006
147.289993
147.309998
146.649994
146.639999
146.839996
147.350006
147.630005
147.770004
149.240005
149.380005
149.949997
149.199997
149.600006
150.820007
151.539993
151.940002
152.380005
151.649994
151.210007
146.179993
143.449997
143.429993
142.839996
138.960007
138.639999
140.179993
140.210007
140.869995
143.460007
143.25
141.889999
143.539993
142.830002
141.279999
141.179993
142.050003
141.440002
139.240005
138.630005
138.119995
139.940002
140.470001
140.220001
142.240005
139.669998
139.240005
139.110001
138.460007
138.490005
138.300003
138.5
136.559998
136.580002
138.389999
137.190002
136.869995
136.389999
135.339996
133.350006
133.300003
133.919998
134.520004
134.0
131.490005
133.589996
135.419998
136.570007
136.580002
136.919998
136.660004
135.270004
136.550003
134.539993
136.5
135.080002
135.179993
135.979996
137.419998
138.830002
139.550003
143.470001
142.339996
141.75
142.169998
144.479996
143.589996
140.339996
139.919998
140.550003
136.050003
137.910004
139.960007
139.229996
139.970001
140.889999
140.860001
140.720001
139.369995
139.119995
141.910004
143.300003
142.460007
140.320007
137.449997
138.490005
141.380005
142.169998
142.490005
144.229996
148.029999
146.309998
145.960007
144.220001
144.970001
145.970001
145.0
145.279999
143.410004
139.309998
137.169998
140.800003
138.820007
139.460007
140.330002
138.190002
138.740005
140.130005
140.169998
138.199997
139.009995
140.160004
140.039993
141.600006
142.020004
143.779999
144.080002
144.199997
144.820007
decrease
