51.009998
51.369999
52.0
52.759998
52.970001
54.419998
53.880001
53.669998
53.209999
54.02
54.810001
55.330002
54.84
54.84
54.349998
54.110001
53.540001
54.0
54.5
53.43
53.02
53.810001
53.860001
54.130001
54.290001
54.5
54.07
54.380001
54.869999
55.240002
56.25
56.169998
55.27
55.82
56.369999
56.040001
56.119999
56.84
56.860001
56.799999
56.740002
57.52
56.790001
56.450001
56.27
56.360001
56.75
56.279999
56.5
55.950001
56.330002
56.549999
57.200001
56.580002
57.25
57.200001
57.139999
57.470001
57.48
57.439999
57.610001
57.310001
57.580002
56.669998
55.939999
55.290001
55.009998
54.189999
53.91
54.290001
53.549999
53.740002
54.43
54.259998
54.93
54.549999
54.400002
54.029999
53.540001
53.68
54.130001
54.34
54.82
54.02
53.93
53.75
54.419998
54.209999
53.459999
53.900002
54.169998
54.330002
55.07
55.689999
55.790001
55.540001
55.529999
55.880001
56.52
57.529999
58.169998
57.950001
58.130001
58.220001
58.279999
58.48
59.07
59.0
59.549999
58.990002
59.080002
59.0
58.900002
59.43
59.990002
60.389999
60.860001
60.799999
61.0
60.759998
60.73
60.650002
61.450001
61.16
61.209999
60.720001
60.639999
60.799999
61.59
61.549999
61.93
59.110001
59.669998
59.599998
59.18
59.200001
59.919998
60.080002
59.540001
59.669998
59.5
59.57
58.669998
58.560001
58.919998
58.82
58.41
59.029999
58.889999
59.490002
60.77
60.860001
60.580002
61.369999
62.259998
62.5
63.419998
62.810001
62.200001
61.580002
61.400002
61.59
62.220001
61.360001
61.060001
60.970001
60.040001
60.73
61.279999
61.290001
61.48
61.709999
61.259998
61.66
61.880001
61.610001
61.279999
61.529999
61.900002
62.189999
62.990002
63.290001
63.240002
63.41
64.75
65.32
65.07
65.589996
65.910004
67.040001
67.0
66.800003
66.800003
67.400002
67.839996
66.82
66.419998
66.779999
66.790001
64.639999
61.560001
62.32
62.720001
60.240002
60.959999
61.98
62.73
64.059998
65.230003
65.540001
65.440002
65.379997
65.559998
66.410004
66.230003
65.389999
64.190002
62.060001
61.880001
62.810001
63.279999
64.019997
64.540001
66.489998
66.279999
65.879997
65.300003
65.239998
65.639999
65.199997
65.709999
65.650002
64.480003
62.450001
64.230003
62.48
62.52
63.59
61.610001
63.139999
64.379997
64.980003
63.169998
63.0
64.489998
63.580002
63.990002
63.790001
64.739998
65.5
65.860001
65.279999
decrease
