49.02
49.02
48.740002
50.25
50.009998
48.32
48.639999
48.790001
48.470001
48.799999
47.900002
49.290001
50.25
50.450001
51.209999
51.07
51.450001
50.970001
50.970001
50.189999
49.919998
51.16
50.02
50.0
49.869999
47.709999
48.189999
47.560001
46.759998
47.299999
46.990002
46.73
48.040001
46.779999
47.0
48.34
48.419998
49.220001
47.720001
47.799999
49.540001
49.82
47.720001
45.66
45.630001
46.080002
46.209999
46.209999
47.139999
47.450001
47.93
49.330002
47.650002
45.77
45.110001
47.110001
47.200001
47.580002
48.240002
48.560001
48.68
47.73
49.860001
49.349998
48.41
47.959999
48.860001
48.860001
50.220001
50.009998
49.48
48.66
47.91
44.060001
45.220001
44.389999
44.119999
43.580002
42.610001
42.389999
41.57
41.540001
40.630001
39.889999
40.310001
39.52
39.889999
40.240002
40.029999
40.060001
39.349998
38.869999
38.369999
38.84
39.48
39.419998
40.130001
40.73
39.299999
39.759998
40.52
42.34
42.220001
42.52
42.299999
41.75
43.049999
43.360001
43.57
45.060001
45.959999
46.259998
45.799999
45.799999
45.720001
45.439999
45.139999
45.82
45.169998
45.849998
42.459999
41.959999
41.41
41.599998
42.73
42.759998
42.650002
42.150002
41.529999
40.299999
40.139999
39.509998
39.59
40.740002
40.810001
41.369999
42.23
41.68
42.75
45.740002
45.189999
44.509998
45.240002
44.130001
43.490002
41.880001
41.029999
40.490002
41.18
41.07
41.439999
41.540001
41.139999
39.860001
40.27
40.740002
41.830002
44.220001
43.209999
42.150002
40.57
40.630001
40.700001
40.189999
39.720001
39.799999
39.419998
39.470001
39.919998
40.25
41.259998
43.310001
42.91
43.360001
42.889999
42.869999
42.220001
44.299999
45.330002
46.84
46.389999
45.919998
44.549999
43.990002
46.0
47.16
46.27
46.529999
46.700001
46.049999
47.66
47.77
48.119999
47.450001
48.080002
46.650002
44.57
44.869999
44.689999
42.82
40.93
41.119999
39.549999
37.73
37.23
38.110001
37.700001
38.200001
38.099998
38.110001
38.299999
37.200001
34.849998
36.130001
35.98
34.799999
34.150002
34.27
34.779999
35.209999
35.360001
34.650002
34.970001
35.32
35.41
35.459999
35.650002
35.34
36.139999
35.57
36.27
38.099998
37.279999
37.009998
37.279999
37.48
37.349998
38.48
37.900002
38.0
38.189999
38.75
38.34
38.450001
39.279999
39.639999
39.380001
40.619999
40.790001
41.349998
42.84
42.029999
decrease
