59.0
59.290001
59.369999
60.080002
59.959999
57.119999
57.02
56.669998
56.279999
51.950001
51.939999
52.59
52.310001
51.330002
52.080002
51.540001
51.630001
51.880001
51.75
51.740002
52.080002
53.299999
53.349998
53.57
53.349998
52.07
51.84
50.77
50.529999
51.110001
50.060001
49.639999
50.099998
47.169998
46.630001
47.98
48.299999
49.220001
47.279999
46.110001
47.040001
46.700001
46.290001
45.349998
45.09
45.5
44.919998
43.799999
43.790001
45.25
45.34
46.099998
44.810001
43.619999
43.360001
43.59
43.639999
43.82
44.450001
44.73
45.220001
43.77
44.91
43.84
44.060001
44.209999
45.720001
45.169998
47.32
46.32
45.669998
44.700001
44.66
43.77
44.889999
44.369999
44.209999
44.099998
43.700001
43.540001
43.02
43.240002
42.529999
41.720001
42.169998
42.049999
42.27
42.98
42.650002
42.360001
41.27
40.709999
40.52
40.93
41.490002
41.48
42.349998
42.169998
40.919998
41.02
41.759998
43.130001
43.529999
43.549999
43.759998
43.759998
44.810001
48.490002
48.830002
49.93
49.880001
49.060001
48.880001
48.849998
49.380001
49.27
49.419998
49.049999
48.639999
48.860001
48.41
48.389999
47.73
47.790001
48.450001
48.900002
48.77
48.669998
49.009998
48.099998
48.049999
47.68
47.689999
48.810001
48.689999
49.369999
50.139999
49.389999
49.509998
51.830002
51.080002
51.16
51.400002
51.110001
50.23
48.049999
47.619999
47.5
48.150002
48.310001
48.02
48.349998
48.110001
47.689999
47.77
47.880001
48.09
48.720001
48.59
48.259998
47.110001
47.32
47.919998
48.299999
48.540001
48.259998
47.889999
47.52
48.529999
49.389999
50.73
51.959999
52.93
54.099998
53.779999
53.759998
53.639999
54.77
54.77
55.650002
55.02
55.389999
55.52
55.41
58.5
58.98
58.549999
58.970001
58.290001
58.200001
60.720001
60.939999
61.43
61.490002
61.84
60.959999
59.75
60.049999
61.369999
59.110001
56.849998
57.490002
58.720001
56.200001
56.130001
57.82
57.18
59.779999
59.619999
59.18
59.25
57.27
58.279999
60.82
60.400002
58.470001
57.040001
57.119999
57.450001
58.950001
58.810001
57.720001
57.080002
58.029999
58.98
58.549999
58.919998
57.91
58.529999
57.02
58.48
61.5
60.66
61.560001
62.59
60.799999
58.900002
60.41
58.169998
59.200001
59.080002
60.110001
58.860001
59.830002
61.810001
63.200001
62.75
63.029999
63.459999
64.059998
66.349998
66.080002
increase
