136.899994
137.300003
139.759995
141.729996
141.580002
141.100006
140.5
142.029999
143.520004
143.820007
144.759995
147.220001
146.190002
145.300003
145.25
143.860001
144.070007
145.080002
144.350006
142.570007
142.710007
143.100006
143.309998
142.830002
144.139999
144.119995
143.910004
143.970001
144.059998
145.080002
146.789993
144.960007
144.119995
143.360001
143.5
145.850006
144.429993
146.270004
145.559998
145.210007
145.509995
146.149994
144.740005
143.479996
144.25
144.940002
144.910004
143.830002
144.839996
141.770004
143.059998
144.289993
142.610001
142.130005
144.009995
143.5
142.770004
143.729996
144.369995
145.570007
145.550003
145.240005
146.210007
146.009995
145.639999
144.940002
145.039993
143.899994
143.649994
143.490005
142.149994
148.919998
148.110001
146.919998
147.220001
147.300003
145.850006
146.25
145.020004
144.600006
146.639999
146.809998
148.080002
145.539993
145.759995
145.149994
145.949997
145.160004
145.229996
146.009995
145.779999
145.369995
145.509995
145.369995
145.649994
144.470001
144.5
144.369995
144.970001
149.179993
149.279999
149.199997
150.070007
150.130005
150.949997
150.5
150.979996
151.050003
150.259995
151.529999
150.979996
151.320007
151.339996
151.220001
152.199997
153.190002
152.899994
153.309998
153.300003
152.740005
153.190002
152.929993
153.339996
153.460007
153.220001
153.470001
153.199997
152.860001
154.220001
153.600006
153.850006
154.589996
161.389999
160.880005
159.949997
159.429993
159.919998
159.410004
159.25
158.800003
159.770004
160.940002
160.550003
160.300003
162.759995
162.149994
160.860001
161.179993
161.580002
161.570007
162.289993
161.619995
161.559998
160.940002
163.240005
162.619995
163.039993
161.639999
162.399994
161.979996
160.419998
160.979996
160.919998
163.119995
162.889999
162.490005
160.529999
160.419998
162.139999
162.520004
162.830002
163.160004
163.419998
163.0
163.669998
164.619995
164.080002
165.509995
166.410004
167.050003
168.449997
168.630005
169.059998
168.350006
169.970001
170.149994
166.75
168.559998
166.899994
167.800003
168.600006
169.600006
170.809998
174.0
169.850006
166.669998
168.300003
168.369995
166.789993
162.839996
156.330002
160.220001
158.210007
152.800003
158.089996
159.679993
159.440002
161.270004
163.600006
163.630005
162.910004
160.759995
162.570007
164.270004
165.440002
163.610001
160.789993
160.830002
159.770004
163.279999
164.199997
164.529999
167.080002
171.100006
170.880005
170.929993
168.979996
169.080002
169.559998
166.679993
165.660004
166.240005
161.190002
158.039993
160.940002
158.630005
158.179993
159.029999
156.550003
159.279999
162.130005
164.110001
159.960007
160.229996
163.190002
161.610001
163.039993
162.970001
165.429993
168.139999
168.369995
166.800003
decrease
