70.82
70.470001
71.93
72.18
71.730003
72.779999
72.309998
71.889999
71.5
71.290001
71.839996
72.129997
72.529999
72.660004
72.980003
72.620003
72.849998
73.169998
73.739998
72.559998
72.449997
72.900002
73.599998
73.370003
73.93
74.57
74.800003
74.879997
74.599998
75.129997
75.559998
75.589996
75.550003
75.919998
76.18
75.760002
75.419998
75.919998
75.940002
76.019997
75.629997
75.650002
74.949997
74.730003
74.370003
75.080002
74.760002
74.230003
75.110001
73.760002
73.82
73.099998
73.769997
72.480003
73.389999
73.769997
73.660004
74.580002
74.589996
74.550003
74.839996
74.910004
75.580002
75.660004
75.57
75.639999
75.839996
74.940002
75.839996
76.129997
76.620003
77.379997
77.839996
77.830002
77.660004
77.980003
77.970001
78.489998
77.769997
77.970001
79.099998
78.910004
79.32
78.949997
78.419998
78.709999
79.699997
79.400002
79.389999
79.790001
79.75
80.160004
80.309998
80.940002
80.870003
80.349998
80.580002
80.510002
80.519997
81.940002
82.120003
81.720001
82.209999
82.580002
82.800003
83.07
82.989998
83.139999
82.940002
81.919998
81.620003
81.970001
82.279999
84.639999
84.769997
85.0
85.760002
86.300003
86.580002
86.550003
87.019997
86.779999
87.769997
87.199997
86.940002
86.699997
86.620003
86.099998
86.57
86.349998
86.650002
87.25
85.5
86.599998
85.760002
87.0
86.870003
87.589996
87.330002
87.239998
87.370003
87.739998
86.720001
88.209999
88.480003
88.980003
88.410004
89.309998
89.519997
89.879997
90.839996
89.900002
90.910004
90.379997
91.040001
89.769997
90.589996
89.800003
88.459999
88.18
87.779999
88.139999
89.339996
89.239998
89.669998
89.5
89.230003
89.129997
89.449997
88.800003
88.639999
88.449997
88.139999
87.790001
88.089996
88.599998
87.800003
87.800003
88.940002
88.629997
89.709999
90.669998
90.809998
89.510002
90.790001
91.830002
91.279999
92.849998
92.290001
93.129997
91.980003
91.82
91.199997
91.199997
92.730003
92.129997
92.550003
92.769997
92.82
91.25
88.410004
88.559998
88.279999
84.440002
84.779999
86.410004
86.879997
87.339996
89.139999
89.989998
90.360001
90.419998
90.230003
90.830002
92.410004
91.940002
91.389999
88.949997
89.650002
89.18
89.75
90.260002
90.580002
92.440002
92.660004
92.510002
91.370003
91.949997
92.0
91.339996
91.699997
91.029999
88.169998
85.330002
87.089996
85.589996
84.849998
86.129997
84.050003
84.800003
84.989998
84.769997
82.57
83.580002
85.370003
85.279999
86.139999
85.610001
86.470001
86.82
87.199997
86.199997
decrease
