65.247803
64.158897
66.378502
66.520897
66.378502
66.973198
67.341797
67.006699
65.708504
72.878197
73.757698
73.4561
73.213203
73.933502
73.506401
72.760902
72.610199
72.6185
72.920097
71.362198
71.303497
71.948502
72.953598
72.367302
72.459396
72.559898
73.288597
72.534798
73.682297
74.695702
74.578499
73.816299
74.419296
73.874901
72.057404
71.772598
71.328697
72.551498
71.973602
71.956802
71.203003
72.450996
70.625099
71.8731
71.8228
72.057404
72.484497
72.442596
72.878197
72.392403
73.4142
73.539902
73.623596
72.6437
74.6455
76.161499
76.865097
77.560303
76.873497
76.580299
76.9991
76.731102
77.8032
77.979103
76.161499
75.801399
76.161499
75.943703
75.8097
75.340698
75.734398
75.240196
76.2369
77.778099
78.054497
78.289001
78.665901
77.727798
76.345802
77.342499
78.305702
78.180099
78.816704
77.4095
77.283897
77.819901
78.883698
78.891998
79.176804
78.950699
79.143303
78.950699
79.612396
80.743103
81.764999
80.902298
81.019501
81.136803
80.960899
81.656097
81.907303
82.074898
81.991096
83.917503
84.235802
84.512199
84.721603
84.629501
86.086899
86.648102
86.363297
82.736504
81.865501
82.418297
83.716499
83.440102
85.693199
85.693199
84.1353
83.858902
82.602501
83.130203
82.167
81.647697
82.066498
81.446701
81.857101
81.7817
81.111603
81.890602
82.309402
81.580704
82.979401
82.694702
82.292603
83.239098
83.239098
83.180496
81.153503
81.471802
81.463402
80.701202
80.056297
79.8134
80.047897
84.001297
82.217201
83.121803
82.669502
85.550797
85.433601
84.411697
84.478699
84.403397
85.199097
85.475403
87.669899
86.698303
87.360001
88.769997
85.360001
84.379997
85.220001
85.889999
85.669998
83.559998
83.050003
84.400002
84.239998
85.620003
85.870003
84.980003
84.790001
84.879997
84.730003
85.559998
84.830002
86.110001
87.540001
88.910004
91.57
91.93
92.75
90.459999
92.059998
92.910004
92.559998
93.559998
93.099998
93.519997
93.550003
92.830002
93.540001
92.489998
94.480003
94.889999
94.629997
94.879997
96.019997
94.209999
91.139999
92.599998
93.690002
89.269997
88.559998
91.440002
90.769997
92.690002
93.330002
92.400002
92.339996
92.550003
92.940002
93.059998
94.720001
92.620003
91.330002
87.769997
88.610001
88.82
89.949997
89.419998
89.699997
92.269997
91.449997
90.900002
89.300003
88.959999
89.32
87.889999
87.849998
88.139999
83.790001
81.209999
85.040001
84.330002
82.82
84.970001
81.580002
82.580002
84.220001
85.900002
83.82
83.669998
86.029999
85.400002
85.860001
85.510002
86.919998
88.129997
87.699997
86.019997
increase
