115.940002
115.43
113.199997
114.330002
113.589996
112.959999
112.510002
112.82
114.559998
113.32
114.279999
114.830002
114.720001
113.519997
114.529999
115.07
115.849998
115.849998
115.839996
116.529999
117.089996
117.669998
117.900002
118.610001
118.279999
117.360001
117.269997
117.0
116.68
117.940002
120.040001
120.339996
118.57
118.879997
118.550003
118.629997
118.610001
118.690002
118.970001
118.910004
117.879997
119.120003
119.260002
119.050003
120.790001
120.599998
121.279999
121.599998
120.529999
118.989998
120.470001
120.949997
120.349998
118.150002
118.529999
117.209999
117.849998
119.059998
118.730003
120.040001
121.129997
120.699997
122.089996
122.07
121.0
120.519997
120.139999
120.82
120.849998
120.400002
121.25
121.010002
120.519997
120.779999
120.610001
120.580002
120.620003
120.830002
119.889999
119.550003
121.739998
121.480003
121.900002
121.669998
120.010002
121.089996
120.059998
120.949997
121.269997
120.489998
119.300003
118.650002
119.400002
121.309998
121.300003
120.449997
120.389999
120.099998
119.360001
120.360001
120.0
119.440002
120.830002
120.519997
120.419998
120.0
119.349998
119.339996
118.059998
118.800003
119.160004
117.559998
117.480003
118.970001
118.739998
118.919998
120.010002
120.379997
120.449997
120.959999
121.809998
122.510002
123.620003
123.660004
123.5
124.099998
123.169998
123.360001
122.260002
121.959999
122.07
122.019997
121.730003
122.160004
121.720001
123.959999
125.209999
124.559998
125.300003
125.669998
126.059998
126.230003
126.099998
126.639999
126.610001
126.279999
123.889999
126.190002
126.209999
126.25
127.959999
126.949997
126.790001
127.230003
125.870003
126.970001
127.059998
128.690002
129.029999
126.019997
126.849998
128.169998
130.0
130.190002
131.399994
131.160004
131.889999
132.839996
134.029999
131.600006
128.630005
128.830002
129.460007
130.389999
131.229996
130.669998
130.589996
129.929993
129.320007
126.739998
127.0
127.279999
126.32
125.279999
125.099998
125.120003
124.93
125.5
125.379997
125.949997
127.32
127.669998
126.620003
126.970001
126.470001
124.510002
125.75
129.699997
125.220001
124.120003
119.879997
118.540001
118.959999
114.580002
118.040001
119.080002
120.360001
120.059998
121.739998
122.660004
120.970001
118.43
119.970001
122.650002
123.379997
120.839996
121.309998
122.599998
123.489998
124.989998
125.410004
125.779999
125.639999
125.980003
126.029999
126.559998
126.400002
127.080002
128.240005
127.239998
126.389999
125.360001
122.18
118.599998
121.110001
121.980003
123.559998
124.889999
121.790001
122.830002
124.43
123.169998
122.07
121.339996
121.699997
121.089996
120.790001
122.050003
122.93
124.25
124.309998
122.059998
decrease
