26.110001
26.0
26.1
26.98
27.5
27.219999
27.33
27.25
27.15
26.780001
26.620001
27.299999
27.08
27.26
27.280001
27.209999
27.700001
28.1
27.41
26.84
26.92
27.58
27.629999
27.870001
28.08
27.209999
27.42
27.219999
27.469999
27.969999
28.16
27.469999
27.469999
26.9
27.450001
27.360001
26.82
27.66
26.9
26.700001
26.43
26.610001
26.41
25.32
25.299999
25.540001
24.01
21.84
23.1
22.82
22.65
22.84
22.99
22.92
23.129999
23.83
24.02
24.190001
24.450001
24.389999
24.950001
24.879999
25.120001
24.75
25.209999
25.17
25.92
25.59
25.120001
24.950001
24.790001
25.1
24.879999
25.33
25.129999
25.34
24.99
24.65
24.02
23.99
24.559999
24.75
24.84
24.280001
24.290001
24.48
25.690001
25.57
25.469999
25.25
25.17
25.35
25.4
25.469999
25.51
24.389999
24.34
24.26
24.42
24.98
25.16
25.25
25.360001
25.34
25.34
25.940001
26.200001
26.790001
26.209999
26.129999
26.27
26.379999
26.02
24.879999
25.92
26.129999
26.77
26.85
27.1
27.389999
27.389999
27.35
27.559999
27.16
27.17
26.84
26.889999
26.68
27.17
24.35
24.33
24.85
24.59
24.610001
24.780001
25.120001
25.120001
25.24
25.34
25.610001
25.08
24.780001
24.450001
24.24
23.790001
23.200001
23.360001
23.73
23.85
23.889999
23.74
23.75
23.99
23.610001
24.23
24.07
24.610001
24.5
24.73
24.23
24.129999
24.59
24.469999
24.43
24.65
25.18
24.99
25.299999
25.610001
25.629999
26.129999
26.799999
26.83
27.07
27.34
27.620001
27.25
27.76
27.98
29.32
29.610001
29.76
29.809999
29.790001
30.4
30.84
30.41
30.540001
30.35
30.219999
30.43
30.299999
30.48
30.469999
30.84
30.26
29.92
30.059999
30.110001
29.110001
26.52
25.280001
25.1
24.450001
24.66
24.84
24.780001
25.48
25.219999
25.360001
24.860001
24.66
24.540001
25.129999
25.129999
24.74
24.389999
24.02
23.91
24.33
24.549999
24.620001
24.799999
25.190001
24.93
24.950001
24.059999
24.24
24.559999
24.030001
24.09
24.16
22.68
22.75
23.379999
23.049999
22.700001
23.040001
22.08
22.35
22.629999
23.08
22.540001
22.77
23.030001
22.959999
23.48
23.23
23.559999
23.75
23.68
23.530001
decrease
