49.950001
49.869999
50.880001
51.360001
51.360001
51.91
52.25
52.700001
53.029999
52.84
53.099998
53.830002
53.990002
54.619999
55.990002
55.75
56.009998
56.41
56.779999
54.23
55.150002
55.880001
57.119999
57.799999
58.509998
59.220001
58.279999
58.580002
58.580002
59.560001
59.650002
59.799999
59.84
60.529999
60.549999
58.029999
56.759998
57.900002
58.450001
58.91
58.799999
60.32
60.150002
60.68
61.16
60.439999
60.220001
58.290001
58.810001
57.580002
57.57
56.259998
57.16
56.619999
58.09
58.509998
57.98
61.02
60.5
60.75
60.5
61.330002
61.330002
61.080002
60.93
61.439999
60.950001
62.639999
61.169998
61.450001
61.779999
62.400002
61.450001
63.970001
62.009998
62.509998
61.330002
61.380001
60.209999
60.740002
61.889999
61.970001
62.889999
61.369999
62.009998
61.779999
64.260002
64.010002
63.43
62.580002
62.75
63.48
65.68
65.559998
65.120003
65.050003
64.0
65.830002
64.93
66.160004
66.089996
65.400002
65.169998
65.0
64.199997
64.309998
65.0
64.110001
63.900002
62.139999
61.759998
63.09
63.540001
64.510002
63.389999
63.450001
62.630001
63.09
63.25
61.18
61.450001
61.360001
62.049999
61.080002
61.48
61.66
61.5
61.990002
62.630001
61.459999
62.73
61.810001
62.060001
64.139999
65.300003
65.489998
65.330002
65.449997
63.200001
60.869999
60.959999
64.550003
63.310001
63.0
63.619999
64.029999
62.889999
64.129997
64.099998
63.93
64.5
65.139999
66.029999
65.739998
65.970001
62.009998
62.400002
61.959999
58.599998
59.549999
60.75
61.57
62.43
63.169998
64.400002
64.599998
65.029999
66.730003
66.010002
64.900002
64.379997
65.080002
64.510002
63.450001
63.34
63.400002
63.32
64.309998
65.309998
64.660004
66.370003
66.629997
66.190002
66.830002
69.239998
70.360001
68.709999
70.360001
69.800003
70.57
71.300003
71.550003
70.080002
70.82
72.519997
72.449997
71.610001
74.129997
73.349998
71.419998
67.980003
69.699997
69.459999
65.830002
67.080002
68.32
68.029999
69.650002
71.989998
70.190002
70.839996
70.220001
69.489998
72.07
73.160004
72.610001
73.129997
72.010002
74.010002
75.099998
73.919998
74.07
76.809998
78.220001
76.860001
75.93
74.220001
73.379997
71.68
71.050003
71.370003
71.610001
69.760002
68.040001
70.080002
66.290001
65.970001
67.459999
65.089996
65.480003
66.269997
66.529999
64.559998
65.769997
66.519997
65.849998
67.220001
65.879997
66.559998
68.279999
68.690002
67.68
decrease
