187.039993
186.720001
186.309998
189.279999
188.679993
188.229996
189.839996
191.020004
191.199997
189.080002
191.029999
192.75
191.860001
192.130005
192.259995
191.820007
192.039993
192.309998
192.100006
190.990005
191.860001
191.25
191.970001
191.75
192.309998
192.169998
191.320007
191.320007
191.240005
190.610001
195.639999
199.100006
193.690002
194.740005
194.210007
194.990005
193.550003
193.690002
195.339996
195.960007
196.100006
196.679993
195.389999
194.559998
193.850006
194.029999
194.410004
192.809998
192.529999
192.009995
192.169998
194.279999
193.740005
188.190002
189.300003
186.839996
186.309998
186.970001
186.949997
187.710007
190.039993
188.399994
190.169998
190.119995
191.149994
189.160004
187.839996
191.119995
190.550003
192.5
192.350006
192.119995
191.289993
187.809998
187.869995
188.440002
188.550003
189.270004
189.050003
188.509995
191.570007
192.070007
191.199997
190.380005
188.990005
190.309998
189.080002
189.779999
189.339996
188.990005
188.330002
187.279999
186.919998
187.729996
188.0
186.679993
185.529999
185.990005
186.759995
188.550003
184.630005
183.839996
183.729996
183.770004
183.169998
181.720001
180.800003
179.809998
178.520004
179.309998
179.100006
178.160004
178.600006
178.419998
177.589996
177.690002
180.0
180.440002
178.899994
178.75
178.5
179.979996
180.960007
180.600006
179.199997
180.020004
180.080002
180.600006
181.190002
181.979996
179.509995
180.479996
180.660004
181.649994
181.889999
181.330002
183.399994
180.350006
181.970001
183.389999
183.759995
186.690002
187.470001
187.160004
188.110001
187.509995
184.690002
186.089996
184.369995
183.940002
185.020004
184.600006
184.630005
182.839996
181.270004
182.039993
181.330002
181.330002
181.119995
178.809998
179.380005
179.960007
182.220001
182.809998
183.639999
182.309998
182.369995
181.660004
182.460007
177.720001
177.619995
175.550003
178.119995
178.990005
178.570007
178.580002
178.410004
177.240005
177.789993
174.610001
174.259995
174.389999
173.070007
170.960007
169.770004
168.229996
169.029999
169.910004
167.789993
168.699997
170.100006
172.690002
171.800003
170.179993
170.089996
168.25
166.869995
170.399994
164.110001
163.960007
159.020004
160.25
158.279999
154.940002
159.610001
158.75
159.399994
158.919998
161.100006
162.570007
160.419998
156.020004
157.119995
160.009995
160.149994
156.080002
156.020004
155.050003
153.899994
156.080002
155.960007
158.110001
159.5
161.419998
161.539993
161.520004
163.470001
163.669998
165.75
165.089996
164.309998
163.240005
160.259995
158.009995
158.830002
160.639999
164.050003
164.460007
162.660004
164.960007
166.020004
166.229996
166.0
165.419998
166.789993
166.029999
165.199997
166.529999
166.0
166.970001
165.949997
162.539993
decrease
