218.210007
217.660004
221.240005
223.199997
221.679993
223.089996
220.809998
221.320007
225.449997
224.899994
223.399994
226.449997
225.080002
228.460007
231.330002
231.089996
235.960007
239.029999
240.679993
231.179993
237.660004
234.100006
238.380005
236.539993
239.600006
240.860001
241.210007
239.820007
239.479996
234.589996
254.529999
252.210007
253.860001
254.279999
254.949997
243.339996
242.669998
242.940002
240.539993
237.990005
236.25
241.149994
239.990005
245.119995
244.039993
245.259995
242.75
235.330002
241.050003
234.039993
233.050003
229.759995
231.610001
235.039993
239.619995
241.770004
240.889999
246.419998
247.309998
250.289993
249.020004
250.880005
254.399994
253.429993
253.110001
253.029999
254.300003
257.01001
250.949997
250.369995
246.660004
248.389999
253.360001
250.289993
249.169998
252.440002
251.360001
249.169998
240.710007
244.169998
250.910004
253.690002
253.419998
246.949997
249.369995
249.619995
255.190002
256.920013
255.050003
245.589996
243.25
241.729996
246.020004
252.070007
252.729996
249.050003
249.380005
246.550003
244.110001
247.740005
247.139999
246.240005
246.949997
250.550003
249.820007
249.759995
242.910004
240.380005
239.240005
235.509995
237.270004
240.580002
242.940002
242.539993
240.470001
239.5
242.0
243.669998
245.740005
246.419998
245.990005
250.399994
248.740005
247.960007
246.669998
242.619995
244.0
244.289993
244.240005
244.270004
247.679993
245.820007
243.759995
252.899994
261.230011
263.910004
259.290009
259.5
273.630005
277.519989
271.320007
272.399994
265.640015
264.959991
265.01001
263.26001
265.600006
272.109985
271.859985
274.880005
276.589996
275.369995
282.380005
284.619995
277.399994
271.5
277.940002
271.559998
263.609985
261.649994
263.890015
263.890015
259.910004
259.950012
258.700012
262.029999
259.339996
265.730011
264.390015
263.700012
265.640015
261.529999
262.350006
258.100006
259.119995
260.420013
256.899994
267.01001
269.929993
270.019989
271.619995
272.269989
268.5
262.829987
263.5
264.290009
263.25
265.809998
269.799988
266.390015
262.109985
262.899994
256.859985
247.289993
250.789993
245.470001
240.979996
248.029999
238.789993
235.479996
228.100006
240.380005
237.380005
229.570007
235.5
244.399994
245.860001
247.660004
251.830002
248.889999
249.619995
248.619995
249.350006
253.710007
252.949997
251.809998
246.460007
243.309998
250.869995
246.979996
250.960007
247.050003
246.949997
253.779999
262.839996
261.220001
260.589996
267.76001
254.869995
244.949997
242.360001
246.0
243.570007
242.479996
247.729996
244.369995
236.679993
235.649994
227.679993
236.779999
236.990005
236.309998
228.869995
234.740005
239.75
240.320007
239.429993
246.940002
249.369995
251.740005
249.589996
242.860001
decrease
