82.199997
81.690002
82.440002
82.410004
83.199997
83.540001
83.209999
83.599998
83.449997
83.339996
83.699997
84.169998
83.760002
83.010002
83.540001
83.589996
83.349998
84.169998
84.309998
82.639999
82.5
82.760002
83.190002
82.800003
82.82
83.830002
84.290001
84.419998
84.260002
85.75
84.75
84.129997
83.709999
83.589996
83.279999
84.089996
84.449997
85.480003
85.449997
85.550003
85.650002
86.669998
87.919998
87.730003
87.550003
88.050003
88.169998
88.07
88.779999
88.139999
88.370003
88.870003
88.82
89.18
90.779999
91.43
91.75
93.220001
93.080002
94.019997
93.980003
93.400002
94.07
94.059998
93.889999
93.959999
91.269997
92.339996
91.82
92.029999
92.93
93.440002
94.080002
93.269997
93.050003
93.540001
93.400002
92.889999
91.93
93.019997
93.68
93.519997
94.650002
93.160004
93.040001
92.809998
93.190002
93.040001
92.959999
93.669998
93.300003
93.449997
94.029999
94.260002
95.010002
94.800003
93.089996
92.669998
93.190002
94.18
95.230003
95.010002
95.760002
96.830002
98.910004
98.5
98.879997
98.82
98.760002
98.889999
98.610001
99.400002
99.93
98.339996
99.419998
99.260002
99.709999
99.889999
100.339996
100.709999
100.790001
101.209999
100.800003
101.940002
102.18
101.580002
100.510002
98.790001
99.709999
99.010002
98.910004
104.050003
104.860001
106.110001
105.32
106.169998
107.029999
108.440002
108.089996
107.07
107.040001
107.75
105.760002
105.190002
107.940002
108.169998
107.699997
108.25
108.290001
110.699997
110.419998
111.099998
111.699997
111.919998
112.0
111.879997
114.120003
112.629997
112.019997
113.209999
111.510002
112.349998
113.730003
114.980003
114.459999
114.370003
114.279999
115.910004
116.120003
117.099998
116.68
114.019997
114.169998
114.82
115.139999
115.57
114.860001
115.68
116.010002
116.779999
118.160004
118.599998
118.910004
118.589996
119.57
119.349998
117.379997
118.879997
120.629997
121.339996
120.730003
119.739998
120.059998
120.959999
121.019997
118.669998
117.330002
122.68
120.360001
117.629997
113.809998
114.239998
114.779999
110.769997
111.459999
115.650002
116.879997
118.120003
119.529999
118.800003
117.080002
116.919998
118.239998
119.129997
120.110001
118.910004
118.150002
115.940002
115.160004
114.790001
114.519997
115.790001
115.5
117.330002
116.519997
115.910004
114.830002
114.150002
111.629997
110.82
110.760002
110.139999
105.919998
103.059998
105.760002
104.449997
104.050003
106.25
103.870003
104.559998
106.209999
106.07
103.199997
103.900002
106.349998
105.290001
105.489998
104.800003
105.980003
107.68
108.199997
107.690002
decrease
