79.169998
80.510002
80.769997
80.970001
80.230003
80.410004
79.760002
78.989998
79.110001
77.699997
75.68
76.650002
76.57
75.300003
75.68
75.720001
76.309998
76.5
75.849998
75.550003
75.25
75.860001
76.370003
76.57
77.040001
77.730003
77.529999
77.769997
78.18
78.800003
79.0
78.809998
78.75
79.360001
78.690002
79.260002
79.699997
80.18
81.32
82.059998
82.629997
81.330002
81.290001
80.709999
81.099998
81.129997
81.209999
80.07
79.650002
78.099998
77.949997
78.07
77.910004
77.599998
77.760002
77.870003
77.75
78.519997
77.760002
78.639999
79.32
79.669998
80.019997
81.0
81.919998
80.93
80.760002
81.349998
80.800003
81.050003
81.099998
81.379997
82.0
80.650002
81.080002
81.389999
81.309998
81.68
81.360001
80.720001
81.330002
81.760002
81.589996
81.330002
81.440002
82.080002
82.190002
81.800003
81.669998
81.959999
82.0
81.360001
80.849998
80.900002
80.830002
80.82
80.849998
81.5
81.959999
82.919998
81.75
81.360001
82.269997
82.68
82.239998
82.32
82.400002
81.790001
82.029999
82.480003
82.279999
81.0
81.110001
80.910004
81.769997
81.75
82.510002
82.910004
82.769997
83.209999
84.07
84.440002
85.099998
85.019997
85.209999
86.029999
86.220001
87.239998
87.760002
87.730003
86.82
86.93
87.489998
87.669998
87.760002
87.760002
87.209999
89.449997
88.760002
88.610001
90.0
90.239998
89.309998
88.739998
89.519997
90.709999
89.82
89.690002
89.019997
88.379997
88.580002
88.660004
88.739998
89.199997
89.57
90.349998
91.559998
91.220001
91.32
90.660004
90.940002
91.080002
91.519997
92.25
89.32
89.93
90.349998
90.82
90.489998
89.0
89.339996
89.699997
90.510002
90.419998
90.839996
91.620003
91.489998
89.080002
88.449997
87.610001
86.75
87.5
86.709999
85.699997
84.739998
80.830002
82.220001
82.510002
82.410004
83.010002
82.959999
84.199997
83.75
84.529999
84.940002
83.739998
83.110001
83.169998
81.839996
81.220001
78.82
78.959999
77.959999
76.059998
77.940002
77.919998
78.769997
78.330002
79.709999
80.5
79.849998
78.849998
78.739998
80.629997
80.800003
79.959999
79.360001
79.150002
78.879997
80.190002
79.690002
80.18
80.800003
81.360001
82.199997
80.75
81.199997
81.470001
82.160004
81.519997
81.419998
80.849998
80.150002
79.230003
79.870003
80.690002
81.190002
82.129997
81.199997
81.160004
81.199997
82.110001
81.919998
82.139999
81.800003
81.809998
80.650002
80.860001
82.620003
84.07
83.68
83.660004
increase
