80.019997
79.589996
80.449997
80.629997
80.519997
80.330002
79.25
79.230003
79.540001
78.830002
78.330002
78.32
78.160004
78.440002
78.650002
77.919998
77.489998
78.330002
78.129997
76.370003
76.379997
76.800003
76.980003
77.199997
77.120003
77.440002
77.459999
77.089996
76.940002
78.279999
78.489998
78.970001
78.849998
79.809998
79.949997
80.309998
80.169998
80.589996
80.839996
80.699997
81.449997
81.879997
82.510002
82.209999
82.25
82.220001
82.959999
83.080002
83.970001
83.629997
84.239998
85.099998
84.889999
83.739998
84.330002
84.300003
84.160004
84.82
85.370003
85.279999
85.220001
85.519997
85.93
85.349998
85.589996
85.0
85.410004
85.300003
83.849998
84.800003
85.230003
85.239998
85.300003
85.540001
85.970001
85.849998
85.940002
85.690002
84.559998
84.290001
85.470001
86.790001
87.389999
86.089996
85.379997
85.300003
85.300003
85.279999
85.360001
85.470001
85.410004
85.419998
85.690002
86.099998
86.139999
85.309998
85.230003
84.410004
84.25
85.690002
86.550003
86.639999
86.190002
86.989998
87.870003
89.0
88.43
88.419998
88.400002
88.209999
88.690002
89.489998
90.139999
90.459999
90.540001
91.43
91.010002
91.160004
91.550003
91.690002
91.889999
91.959999
91.610001
92.860001
91.959999
91.690002
92.080002
91.900002
92.089996
92.379997
93.860001
93.529999
95.690002
95.790001
95.07
95.519997
95.790001
95.980003
96.43
96.290001
95.370003
95.129997
93.75
93.519997
93.900002
93.760002
93.260002
93.559998
93.690002
93.949997
94.410004
93.82
93.480003
93.470001
95.279999
96.599998
97.709999
97.860001
98.589996
98.709999
98.209999
98.580002
98.550003
99.0
99.370003
97.779999
97.150002
98.519997
99.68
99.150002
98.510002
98.5
98.739998
98.57
99.129997
99.699997
99.309998
98.940002
99.550003
100.849998
101.080002
100.150002
100.519997
101.220001
100.730003
100.970001
100.339996
100.760002
99.860001
98.029999
98.32
97.980003
99.300003
99.690002
99.629997
99.410004
98.709999
99.400002
100.0
96.68
92.010002
94.18
93.610001
88.339996
91.720001
94.699997
94.559998
96.230003
96.559998
96.790001
97.190002
97.5
97.349998
98.800003
101.639999
99.580002
97.510002
95.139999
95.599998
96.660004
96.07
95.639999
96.589996
99.050003
97.669998
95.370003
94.529999
94.389999
95.610001
94.839996
94.949997
94.739998
91.410004
90.449997
92.620003
91.419998
92.209999
93.279999
91.0
92.739998
93.580002
94.199997
91.910004
92.139999
93.0
91.599998
93.349998
93.029999
93.599998
93.860001
95.150002
102.370003
decrease
