177.389999
177.649994
177.910004
176.320007
176.5
176.850006
176.100006
176.080002
178.639999
177.309998
179.809998
185.199997
186.889999
191.369995
192.580002
188.580002
173.429993
175.770004
172.699997
169.449997
169.110001
169.240005
170.139999
169.729996
167.850006
166.309998
164.869995
162.779999
162.910004
166.990005
167.75
168.160004
172.130005
173.009995
173.229996
177.179993
183.059998
179.25
180.619995
178.759995
176.490005
178.320007
176.110001
174.75
176.759995
177.149994
176.559998
175.330002
179.729996
198.520004
203.279999
203.070007
200.880005
199.020004
198.529999
198.429993
199.410004
198.179993
203.389999
204.699997
201.990005
201.75
204.149994
203.5
205.259995
206.679993
206.25
202.949997
203.320007
204.110001
202.649994
200.949997
200.809998
200.0
199.869995
197.759995
196.520004
193.880005
185.080002
185.690002
186.690002
182.139999
183.380005
181.149994
178.330002
176.720001
181.0
175.889999
175.490005
176.75
174.789993
173.990005
174.399994
176.789993
176.960007
176.559998
179.899994
179.320007
179.75
179.949997
182.559998
180.529999
177.990005
170.5
167.830002
157.660004
160.600006
161.419998
163.990005
165.809998
165.029999
168.679993
168.130005
171.279999
170.080002
169.660004
178.330002
175.690002
174.199997
171.149994
168.789993
165.059998
165.440002
162.529999
164.889999
163.639999
162.169998
160.940002
160.899994
159.949997
159.0
156.389999
159.210007
158.690002
165.479996
167.199997
165.720001
161.229996
162.070007
166.070007
160.029999
158.270004
160.080002
160.179993
163.529999
164.309998
163.339996
164.360001
161.820007
162.179993
162.470001
161.490005
157.990005
159.850006
168.039993
170.449997
171.419998
167.009995
172.179993
170.300003
164.050003
165.350006
171.649994
173.619995
174.229996
167.440002
161.529999
165.830002
170.800003
171.860001
170.770004
172.410004
172.179993
176.080002
177.229996
177.839996
176.0
179.809998
177.639999
180.600006
185.360001
185.729996
157.949997
158.990005
159.850006
158.740005
160.589996
163.800003
161.490005
163.149994
165.699997
166.720001
166.889999
167.070007
168.419998
163.580002
158.339996
154.440002
153.660004
149.949997
145.220001
148.910004
148.070007
145.410004
147.050003
150.490005
148.869995
151.669998
153.490005
151.139999
148.809998
147.580002
146.300003
146.559998
148.490005
145.550003
142.580002
146.789993
146.970001
149.839996
154.199997
146.800003
151.759995
152.690002
150.809998
151.089996
148.869995
149.839996
150.130005
149.360001
146.729996
147.039993
134.660004
132.399994
137.669998
135.949997
137.009995
139.190002
136.669998
134.779999
129.479996
133.210007
131.830002
129.460007
130.169998
129.910004
131.179993
130.800003
130.520004
132.029999
131.259995
128.789993
decrease
