706.299988
707.789978
722.450012
712.059998
715.119995
703.900024
692.190002
682.98999
688.940002
697.179993
704.580017
705.309998
709.97998
707.049988
698.030029
693.849976
680.719971
681.01001
669.830017
664.049988
673.789978
673.650024
659.48999
581.400024
590.98999
607.340027
615.619995
612.97998
605.919983
623.97998
621.700012
617.070007
603.880005
606.77002
598.960022
606.359985
612.02002
612.080017
608.380005
613.01001
593.809998
596.859985
585.200012
574.01001
579.630005
574.97998
579.609985
578.77002
569.02002
559.669983
570.460022
571.710022
516.830017
507.480011
501.390015
507.540009
499.570007
493.149994
506.809998
506.309998
503.660004
495.690002
493.440002
502.559998
511.459991
498.25
511.01001
515.969971
529.01001
526.919983
539.820007
547.859985
542.890015
529.289978
536.820007
541.659973
530.969971
533.159973
525.52002
533.940002
525.320007
516.130005
524.590027
515.559998
510.190002
517.51001
519.130005
513.340027
511.630005
528.950012
525.400024
522.380005
529.530029
528.440002
538.77002
540.0
540.650024
541.159973
540.51001
540.320007
551.549988
569.340027
563.559998
569.890015
563.400024
535.190002
543.580017
553.48999
574.030029
583.47998
587.130005
588.280029
587.289978
595.109985
597.619995
599.549988
595.23999
599.830017
601.48999
592.039978
587.570007
588.559998
589.75
599.159973
598.549988
607.869995
606.309998
595.27002
590.059998
589.0
585.830017
587.400024
590.890015
583.169983
590.150024
589.5
584.880005
602.700012
606.409973
607.0
603.559998
596.030029
605.969971
598.059998
595.26001
607.630005
609.140015
618.590027
629.429993
634.650024
632.400024
638.23999
632.97998
637.950012
664.219971
688.919983
686.76001
678.400024
709.77002
712.76001
698.650024
702.340027
721.890015
708.609985
711.049988
708.210022
701.22998
697.059998
704.400024
701.01001
700.900024
705.909973
710.090027
714.47998
707.0
718.380005
711.369995
736.539978
749.429993
761.26001
775.5
766.47998
770.950012
767.780029
773.309998
787.929993
781.02002
788.059998
784.789978
793.799988
788.700012
786.369995
793.359985
786.299988
796.950012
786.710022
776.669983
765.440002
764.380005
750.580017
731.590027
745.070007
728.330017
718.570007
723.5
730.200012
711.880005
720.840027
724.599976
714.049988
713.22998
719.48999
716.880005
725.0
735.900024
654.469971
664.719971
662.0
662.859985
655.75
664.719971
656.77002
654.599976
659.400024
653.26001
650.090027
649.299988
648.929993
648.48999
651.47998
649.01001
648.119995
643.369995
637.02002
638.460022
634.52002
637.25
648.690002
613.150024
619.22998
628.650024
637.380005
620.359985
615.099976
616.679993
615.960022
616.51001
606.830017
604.359985
605.359985
608.530029
603.820007
decrease
