179.300003
180.380005
182.059998
183.509995
181.710007
183.220001
184.830002
182.389999
183.440002
183.389999
183.070007
185.009995
186.020004
186.910004
183.179993
183.940002
183.25
182.389999
182.699997
178.779999
177.399994
180.759995
183.669998
183.490005
185.25
187.070007
186.589996
186.880005
187.630005
187.320007
190.229996
188.949997
186.75
188.100006
189.929993
190.029999
190.0
191.089996
192.380005
195.449997
196.440002
199.080002
198.330002
199.169998
199.440002
202.229996
199.979996
198.889999
199.619995
197.460007
197.75
198.589996
201.809998
201.479996
202.369995
203.960007
206.270004
206.440002
206.229996
208.509995
209.0
208.240005
210.880005
210.279999
212.139999
212.179993
212.460007
233.449997
241.0
241.270004
242.460007
239.440002
237.949997
238.25
237.710007
240.229996
239.5
234.309998
232.880005
234.880005
237.149994
239.169998
237.589996
235.589996
235.770004
235.679993
239.75
238.089996
238.740005
235.889999
237.179993
240.490005
240.460007
239.660004
240.330002
237.0
234.619995
236.309998
238.779999
240.589996
240.580002
241.929993
245.229996
249.0
253.080002
252.460007
255.460007
256.040009
256.450012
254.320007
253.699997
255.279999
254.270004
254.210007
255.990005
255.460007
255.759995
258.890015
258.579987
258.390015
260.929993
261.440002
261.910004
260.73999
259.75
258.619995
260.040009
259.040009
264.75
262.320007
266.0
258.420013
259.269989
256.459991
259.25
257.980011
258.5
262.630005
261.75
264.070007
266.130005
265.570007
262.700012
260.850006
262.420013
261.76001
262.859985
263.700012
262.26001
264.630005
266.98999
265.149994
265.880005
265.579987
267.98999
269.299988
276.799988
271.380005
277.970001
275.540009
278.269989
281.970001
285.899994
283.160004
289.940002
291.839996
293.880005
293.940002
296.140015
297.25
297.899994
295.029999
295.100006
295.359985
295.619995
296.350006
294.910004
296.839996
297.799988
296.670013
308.839996
310.149994
318.429993
320.26001
328.119995
336.209991
335.160004
351.01001
340.160004
337.730011
338.0
335.589996
334.690002
343.109985
343.220001
340.820007
337.709991
354.369995
356.940002
348.910004
328.880005
340.910004
348.119995
329.660004
332.829987
343.799988
343.160004
344.850006
356.459991
355.040009
353.350006
352.369995
355.920013
356.660004
363.480011
364.640015
362.209991
349.690002
344.670013
352.75
348.920013
347.040009
348.730011
354.519989
344.190002
338.670013
330.26001
329.980011
330.470001
331.76001
337.630005
337.100006
319.609985
321.0
328.970001
321.119995
320.019989
327.880005
322.440002
330.820007
327.440002
336.399994
326.119995
322.480011
334.829987
327.359985
337.480011
329.279999
331.769989
336.720001
341.0
340.640015
decrease
