23.07
22.709999
23.629999
23.98
23.889999
23.65
23.34
23.610001
23.530001
23.77
23.85
23.74
23.959999
23.98
24.15
24.07
24.0
24.059999
23.99
22.57
22.74
23.049999
23.040001
23.389999
23.360001
23.25
23.24
22.91
22.41
22.629999
22.450001
22.41
22.23
22.6
22.969999
23.67
23.780001
23.77
23.76
23.540001
23.43
23.91
23.49
23.129999
22.93
22.82
22.889999
23.27
23.879999
24.32
24.26
24.68
24.92
24.709999
24.83
24.889999
24.6
24.35
24.620001
24.209999
24.02
23.9
24.059999
23.940001
23.799999
23.91
24.48
24.209999
24.110001
24.030001
24.120001
24.450001
24.59
24.370001
24.969999
24.959999
24.9
24.74
24.120001
23.860001
24.42
24.469999
24.190001
23.639999
23.620001
23.379999
23.83
23.76
23.84
23.77
23.719999
23.58
23.870001
23.889999
24.09
23.309999
23.41
22.969999
22.889999
23.360001
23.950001
24.33
24.24
24.379999
24.700001
24.860001
25.059999
25.16
25.02
24.76
24.809999
25.41
25.450001
25.34
25.620001
25.860001
25.709999
26.129999
26.209999
25.85
25.93
25.83
25.450001
25.83
26.24
26.200001
26.48
26.58
27.17
27.16
27.68
27.629999
27.74
27.799999
27.6
27.389999
27.530001
27.870001
27.82
27.75
27.18
26.790001
26.49
26.51
26.4
26.24
26.790001
26.76
26.620001
26.74
26.73
26.66
26.59
26.59
27.639999
28.280001
28.17
28.1
29.059999
28.93
28.639999
28.780001
29.049999
28.940001
29.32
28.84
28.73
29.040001
29.48
29.450001
29.48
29.82
29.879999
29.780001
29.73
29.799999
29.52
29.9
29.799999
30.190001
30.33
30.120001
30.27
30.549999
30.66
31.190001
31.24
31.18
31.48
31.719999
31.940001
31.92
32.09
32.09
32.200001
32.279999
31.879999
32.0
32.5
31.950001
30.26
31.200001
31.25
29.74
30.33
31.120001
31.18
32.0
32.209999
31.969999
31.93
31.870001
31.690001
32.029999
32.419998
32.330002
32.099998
31.48
31.629999
32.130001
32.110001
32.18
32.200001
32.720001
32.84
32.360001
32.139999
32.099998
32.169998
31.98
31.98
31.870001
30.549999
29.17
30.440001
29.52
29.389999
29.99
29.309999
29.59
29.879999
30.32
29.629999
29.870001
30.48
29.9
30.65
29.799999
29.93
30.040001
29.530001
30.18
increase
