52.889999
52.880001
53.450001
53.209999
55.59
55.419998
55.68
55.59
55.68
55.91
55.959999
55.950001
55.700001
56.139999
56.189999
56.349998
56.189999
56.700001
57.580002
56.860001
57.07
57.209999
57.650002
57.919998
58.34
59.139999
58.639999
59.349998
59.310001
60.0
59.720001
59.59
59.389999
59.599998
59.759998
58.91
57.150002
57.880001
57.98
57.93
57.93
59.549999
59.880001
60.049999
60.68
61.380001
60.98
60.689999
60.869999
60.16
60.540001
60.240002
60.709999
60.16
60.720001
60.549999
60.630001
61.279999
61.299999
62.110001
62.200001
62.139999
62.450001
63.040001
62.669998
62.73
62.09
61.220001
60.380001
60.73
60.48
60.709999
59.5
59.59
59.880001
59.73
59.720001
60.02
59.709999
59.84
60.23
60.799999
61.360001
60.82
60.869999
61.110001
62.150002
61.450001
61.509998
61.509998
61.639999
61.41
61.48
62.040001
62.23
62.18
62.529999
62.84
63.279999
64.279999
64.150002
64.610001
64.32
63.959999
64.309998
64.019997
64.279999
63.380001
63.509998
62.759998
62.52
62.459999
62.34
62.75
63.16
62.619999
62.900002
62.709999
62.91
61.450001
61.709999
62.009998
62.529999
62.82
63.650002
63.919998
63.84
63.470001
63.59
64.120003
64.349998
64.379997
64.93
65.68
64.57
64.470001
64.199997
64.07
64.900002
64.360001
64.32
65.010002
65.389999
64.040001
64.410004
64.459999
64.419998
64.989998
63.880001
63.880001
64.25
64.040001
64.120003
64.739998
66.050003
65.18
65.529999
65.489998
64.25
64.019997
63.720001
63.52
64.050003
64.139999
64.309998
64.720001
64.779999
65.330002
65.449997
65.779999
65.290001
64.529999
64.720001
65.019997
64.779999
64.900002
64.639999
67.169998
68.25
68.410004
69.18
69.279999
69.379997
68.43
68.459999
68.339996
67.669998
68.199997
69.199997
70.010002
70.199997
69.599998
70.139999
71.050003
72.260002
72.050003
71.75
72.029999
69.949997
68.550003
65.519997
66.669998
65.550003
62.560001
64.309998
65.0
64.629997
66.029999
66.440002
66.330002
67.040001
67.050003
67.43
68.360001
69.139999
68.690002
67.790001
66.309998
66.279999
66.849998
67.010002
67.019997
67.82
68.889999
68.5
68.089996
67.279999
67.589996
67.889999
66.760002
66.910004
66.459999
65.550003
64.290001
65.489998
64.870003
63.849998
65.040001
63.43
64.019997
64.410004
65.519997
63.889999
64.790001
66.199997
64.940002
65.769997
65.720001
66.290001
66.860001
67.220001
66.980003
increase
