43.669998
42.93
43.73
43.650002
43.830002
43.580002
43.18
43.580002
43.470001
44.150002
44.060001
43.73
43.740002
43.470001
43.369999
43.029999
43.009998
43.369999
43.73
42.009998
42.130001
42.25
42.400002
43.029999
42.549999
42.630001
42.560001
42.07
41.650002
42.419998
42.16
42.25
41.939999
42.259998
43.380001
44.110001
44.09
44.290001
44.529999
44.41
44.330002
44.369999
43.950001
43.650002
43.34
43.169998
43.450001
43.82
44.779999
45.610001
45.41
46.119999
46.139999
45.529999
45.470001
45.349998
45.380001
45.43
45.560001
44.810001
44.91
44.610001
44.759998
46.259998
46.279999
46.59
47.209999
46.75
46.880001
46.880001
47.32
47.849998
47.93
47.84
48.360001
48.16
48.25
47.689999
46.68
46.310001
46.860001
46.990002
46.82
46.16
46.119999
45.880001
46.130001
46.150002
46.150002
46.150002
46.139999
46.07
46.299999
46.09
46.290001
45.380001
45.07
43.66
43.970001
44.68
44.790001
44.709999
44.07
44.139999
44.240002
44.650002
44.860001
45.240002
45.220001
45.330002
45.189999
46.080002
46.299999
46.939999
47.16
46.880001
46.369999
47.619999
47.689999
47.48
47.709999
47.349998
46.849998
46.700001
47.029999
46.52
46.540001
46.740002
47.5
47.41
47.580002
47.779999
48.619999
48.740002
49.110001
49.240002
49.549999
49.59
49.540001
49.48
48.23
47.75
46.75
46.130001
46.490002
46.84
46.82
46.77
46.82
46.98
46.57
46.490002
46.34
46.490002
47.529999
49.119999
49.419998
49.599998
50.240002
49.810001
49.380001
49.580002
49.810001
49.75
50.279999
49.419998
48.970001
49.529999
50.009998
50.029999
49.84
50.389999
50.450001
50.040001
49.98
50.119999
49.720001
49.919998
50.459999
51.07
51.23
51.5
52.09
52.709999
53.16
53.139999
53.080002
53.279999
54.139999
54.799999
54.880001
54.869999
55.0
54.689999
55.450001
55.389999
55.029999
55.189999
55.700001
55.110001
52.889999
53.709999
53.82
51.07
52.419998
53.0
53.330002
54.740002
54.830002
54.959999
54.599998
55.09
54.32
55.360001
55.790001
54.950001
54.349998
53.889999
54.290001
54.919998
55.25
55.02
55.02
56.029999
55.599998
55.380001
54.619999
54.610001
55.040001
54.959999
54.650002
54.720001
52.310001
50.68
52.220001
51.580002
51.529999
52.040001
50.93
51.939999
52.669998
52.889999
51.119999
51.639999
52.57
52.200001
53.049999
51.950001
52.0
51.09
50.630001
52.360001
increase
