50.529999
50.639999
51.150002
51.77
52.25
52.349998
51.810001
51.459999
51.509998
51.650002
50.869999
51.619999
51.759998
51.82
52.0
51.970001
51.110001
51.16
51.82
50.610001
50.630001
51.330002
51.75
51.549999
50.419998
61.25
58.970001
59.279999
59.389999
60.299999
59.669998
59.52
58.529999
59.380001
59.110001
58.130001
57.119999
57.849998
57.48
56.549999
55.650002
55.790001
54.93
55.169998
55.220001
55.18
56.290001
56.18
56.77
57.259998
57.330002
59.220001
58.150002
57.419998
57.869999
54.23
53.689999
53.299999
54.66
55.259998
56.0
55.790001
56.169998
53.959999
54.139999
54.799999
55.32
55.57
57.049999
57.639999
58.34
59.48
59.380001
59.689999
60.279999
61.759998
61.48
61.07
59.779999
60.07
60.709999
58.970001
60.669998
60.150002
59.470001
60.450001
61.790001
62.099998
61.799999
61.869999
62.470001
55.02
54.189999
54.259998
54.48
55.259998
55.66
56.009998
55.5
55.959999
56.790001
58.599998
58.380001
58.610001
57.349998
52.759998
52.59
53.950001
53.900002
54.169998
54.639999
56.669998
56.830002
56.959999
57.419998
56.91
57.150002
57.490002
58.759998
59.040001
57.169998
55.470001
55.130001
55.099998
54.91
54.650002
55.459999
55.459999
55.830002
56.02
56.650002
55.169998
55.950001
55.200001
55.380001
55.98
56.009998
57.34
56.919998
56.389999
55.130001
56.549999
55.93
56.68
56.970001
57.200001
57.299999
55.25
55.830002
56.349998
56.060001
56.490002
57.0
57.02
58.049999
58.830002
59.610001
60.349998
62.549999
61.98
60.970001
61.490002
63.790001
63.619999
63.52
64.389999
63.75
65.32
67.010002
65.800003
66.730003
67.080002
67.110001
68.019997
68.360001
68.419998
68.470001
69.160004
68.400002
67.279999
68.870003
69.690002
69.779999
70.339996
71.709999
73.25
72.400002
74.260002
74.690002
76.860001
78.059998
77.519997
76.790001
76.269997
77.849998
76.589996
76.290001
73.059998
73.099998
71.239998
68.019997
70.300003
71.260002
68.790001
70.760002
70.349998
70.099998
72.519997
73.32
73.18
71.919998
70.790001
71.290001
73.169998
72.57
71.489998
72.440002
75.300003
73.040001
75.059998
76.769997
73.639999
73.25
73.82
72.050003
71.519997
69.900002
68.989998
69.730003
68.529999
70.040001
68.440002
67.25
66.68
69.510002
67.739998
68.559998
69.989998
68.919998
70.339996
72.860001
72.120003
70.489998
69.82
71.720001
70.910004
71.300003
71.129997
71.910004
72.75
75.400002
73.339996
decrease
