186.050003
185.289993
177.070007
179.070007
179.809998
182.550003
186.970001
186.380005
185.279999
183.759995
184.860001
185.399994
182.619995
180.660004
179.759995
184.860001
184.619995
185.130005
182.75
181.479996
182.610001
184.130005
184.770004
186.619995
187.0
186.770004
186.479996
188.070007
189.229996
192.830002
193.059998
193.070007
191.899994
192.589996
191.830002
192.0
191.0
192.360001
192.520004
191.850006
191.289993
193.479996
194.460007
193.490005
195.059998
195.149994
194.720001
194.990005
194.910004
193.229996
195.110001
194.630005
196.979996
195.339996
197.789993
197.5
196.380005
198.149994
197.889999
200.619995
199.990005
201.009995
202.020004
203.330002
205.300003
205.630005
204.270004
202.720001
201.669998
201.979996
201.399994
201.199997
200.929993
198.899994
197.050003
197.839996
196.630005
197.839996
198.220001
200.360001
201.770004
201.479996
201.389999
199.309998
197.690002
199.169998
200.360001
197.580002
197.860001
198.570007
199.050003
198.899994
197.899994
199.440002
199.149994
200.070007
199.229996
199.570007
203.699997
203.869995
202.199997
196.619995
197.600006
195.339996
195.610001
193.0
194.0
191.559998
193.059998
193.199997
194.320007
194.050003
193.600006
195.949997
196.289993
193.729996
195.0
197.25
198.080002
197.139999
196.289993
197.509995
198.830002
201.429993
200.820007
203.070007
207.720001
209.360001
211.830002
211.029999
210.970001
210.389999
209.839996
210.100006
208.649994
208.669998
208.059998
224.020004
224.410004
222.199997
221.270004
221.429993
224.479996
219.229996
220.0
220.460007
219.100006
221.520004
220.309998
221.5
226.830002
224.229996
226.279999
225.399994
227.149994
226.880005
228.210007
226.330002
218.919998
219.070007
218.919998
217.809998
219.679993
218.309998
218.990005
218.940002
218.770004
221.460007
221.729996
221.330002
218.990005
217.779999
217.229996
217.020004
217.320007
214.320007
214.059998
217.839996
219.990005
220.990005
222.080002
221.399994
226.419998
224.559998
225.820007
227.710007
228.539993
231.369995
232.119995
234.509995
236.710007
234.710007
238.639999
242.350006
246.279999
244.929993
243.5
242.940002
241.520004
237.110001
224.820007
227.520004
221.919998
211.440002
217.139999
218.889999
215.399994
219.949997
222.509995
222.869995
219.820007
218.699997
218.320007
220.339996
225.029999
225.050003
222.020004
218.119995
217.649994
217.270004
216.960007
219.100006
223.440002
226.119995
225.5
223.850006
223.520004
224.149994
223.270004
219.529999
219.899994
218.5
213.25
210.600006
215.25
213.020004
212.429993
216.699997
213.300003
216.820007
218.779999
220.130005
215.5
217.399994
223.649994
222.110001
223.449997
225.369995
229.570007
233.429993
234.389999
235.240005
decrease
