41.619999
41.009998
41.91
42.040001
42.470001
42.279999
43.110001
42.75
42.650002
42.73
42.459999
42.77
42.98
43.43
43.740002
43.32
43.169998
43.580002
43.419998
42.049999
41.869999
42.040001
42.119999
41.400002
41.349998
41.700001
41.700001
41.610001
41.790001
42.75
42.759998
42.810001
42.549999
42.509998
42.900002
43.68
43.900002
44.139999
44.200001
44.5
44.130001
44.84
44.509998
44.259998
44.34
43.98
44.240002
44.459999
44.869999
44.549999
44.790001
45.07
45.240002
44.919998
45.419998
45.540001
45.400002
45.98
46.32
46.27
46.150002
46.240002
46.57
46.810001
46.669998
46.66
47.279999
47.220001
45.900002
44.689999
44.779999
44.720001
43.939999
43.830002
43.799999
43.59
43.650002
43.59
42.630001
42.75
43.02
42.889999
42.830002
42.060001
41.830002
41.77
42.509998
42.349998
42.389999
42.669998
42.599998
42.400002
42.610001
43.23
43.400002
41.73
41.610001
41.139999
41.040001
41.73
42.189999
41.990002
42.150002
42.48
42.77
42.849998
42.970001
42.580002
42.889999
43.41
43.5
44.48
44.549999
44.509998
44.73
44.77
44.869999
44.759998
44.669998
44.709999
44.919998
44.93
44.799999
44.639999
44.75
44.389999
44.799999
44.869999
45.07
44.540001
44.799999
44.150002
43.950001
42.880001
42.540001
42.130001
42.41
43.029999
42.790001
42.59
41.779999
41.889999
41.330002
41.130001
40.810001
40.830002
40.450001
40.549999
40.48
40.759998
41.580002
41.400002
41.209999
41.18
42.169998
43.130001
43.349998
43.48
44.619999
44.150002
44.290001
44.5
44.669998
44.099998
44.150002
43.689999
43.07
43.459999
43.650002
43.68
43.689999
43.84
43.91
43.57
43.43
43.529999
43.330002
43.25
43.450001
43.299999
43.57
43.919998
43.66
43.27
43.939999
44.529999
43.790001
44.900002
44.630001
44.889999
45.349998
45.509998
45.52
45.16
45.860001
45.119999
42.720001
42.41
42.07
40.880001
38.950001
39.720001
39.439999
38.0
38.220001
38.830002
38.84
39.810001
39.060001
39.099998
38.860001
39.07
38.720001
39.310001
39.84
39.16
38.669998
38.360001
38.790001
39.380001
39.599998
39.310001
39.52
40.459999
39.830002
39.419998
38.860001
38.66
38.990002
38.240002
38.369999
38.689999
37.27
36.650002
38.110001
37.610001
34.110001
34.68
33.450001
33.970001
34.369999
34.049999
33.220001
33.07
33.09
32.48
33.34
33.150002
33.84
33.970001
34.049999
34.169998
decrease
