36.896
37.007999
37.551998
37.855999
37.408001
37.424
37.855999
37.888
38.0
37.911999
38.720001
39.208
39.512001
39.528
39.400002
39.688
39.360001
39.576
40.368
41.824001
42.063999
42.344002
45.535999
42.703999
43.472
41.279999
41.383999
41.167999
41.560001
42.231998
42.032001
41.863998
41.855999
40.560001
39.400002
39.327999
39.424
39.391998
39.472
39.792
39.576
39.616001
39.504002
39.063999
38.992001
39.127998
39.119999
38.863998
39.375999
39.0
38.880001
38.584
38.560001
38.664001
38.535999
37.880001
37.888
38.152
37.816002
37.911999
38.112
38.52
38.535999
38.504002
38.608002
38.383999
39.063999
39.192001
40.504002
40.023998
39.52
39.327999
39.152
38.816002
38.816002
39.216
39.16
38.807999
38.431999
38.751999
39.223999
39.456001
40.104
40.512001
40.695999
40.720001
40.712002
40.424
39.959999
40.327999
40.032001
40.959999
42.512001
42.431999
42.703999
42.848
43.231998
43.408001
43.464001
43.720001
43.504002
43.416
43.368
43.127998
43.383999
43.400002
43.456001
43.192001
43.383999
43.439999
43.167999
42.792
43.528
43.439999
42.928001
43.152
43.32
43.624001
43.624001
43.431999
43.944
44.240002
44.144001
44.200001
44.335999
44.855999
44.608002
44.608002
44.863998
45.088001
44.728001
44.528
45.063999
44.703999
44.568001
45.616001
44.344002
44.743999
44.487999
44.080002
44.591999
45.167999
45.416
45.824001
46.543999
47.296001
46.007999
46.68
46.84
47.080002
47.096001
46.936001
47.071999
47.551998
47.584
47.360001
47.84
48.560001
49.672001
49.608002
52.68
52.824001
53.183998
52.751999
52.360001
52.271999
52.672001
53.296001
54.048
54.16
54.056
53.911999
54.231998
54.799999
54.880001
55.023998
54.936001
54.16
54.551998
54.487999
54.560001
54.880001
53.959999
54.312
53.287998
52.84
53.119999
54.576
54.119999
54.0
54.112
54.896
55.071999
54.919998
55.664001
54.848
54.919998
55.439999
55.023998
53.599998
51.712002
52.007999
52.063999
50.664001
52.296001
52.992001
53.504002
53.872002
55.048
55.664001
54.647999
54.175999
54.327999
55.639999
55.248001
55.896
55.832001
55.369999
56.150002
56.52
56.040001
52.889999
53.48
55.049999
54.419998
54.549999
54.369999
55.32
55.060001
54.529999
55.34
54.759998
53.939999
53.099998
54.0
53.349998
53.82
54.400002
53.240002
53.970001
54.709999
55.290001
54.419998
55.09
55.540001
55.549999
55.389999
55.43
55.900002
56.049999
55.259998
55.459999
decrease
