59.5
57.68
58.650002
59.290001
59.459999
59.650002
59.369999
59.709999
59.57
59.049999
57.41
59.330002
59.48
58.599998
60.07
59.330002
58.259998
58.009998
57.5
57.43
57.130001
58.220001
58.0
57.669998
56.93
54.84
55.450001
55.07
55.150002
55.529999
54.950001
54.73
55.599998
54.279999
54.34
55.529999
56.16
57.07
56.110001
56.32
57.290001
56.549999
55.470001
54.849998
54.52
53.990002
53.700001
53.369999
53.5
53.52
54.509998
57.68
37.25
37.009998
37.91
37.23
37.349998
37.369999
36.84
37.349998
37.639999
36.75
36.540001
34.970001
34.119999
34.360001
35.25
36.049999
36.16
37.099998
36.889999
35.700001
35.349998
35.310001
35.23
34.560001
34.939999
35.02
34.700001
34.290001
34.259998
34.310001
33.830002
32.799999
32.77
32.540001
32.689999
33.040001
32.82
33.259998
33.25
33.75
33.509998
33.900002
34.299999
34.970001
34.740002
34.75
34.419998
35.48
35.959999
36.09
36.380001
36.900002
37.360001
37.389999
37.5
36.580002
36.669998
37.52
37.040001
36.93
37.029999
36.619999
36.860001
36.669998
36.709999
36.48
36.529999
35.84
34.970001
34.389999
33.919998
33.73
33.700001
33.790001
33.799999
33.150002
33.259998
31.469999
30.690001
30.07
29.940001
31.299999
31.5
31.43
31.85
31.280001
31.18
33.919998
33.400002
32.84
32.740002
32.950001
31.879999
30.51
30.6
30.15
30.91
30.440001
30.66
30.709999
30.799999
30.309999
30.08
29.98
29.73
30.700001
31.709999
30.809999
30.51
30.370001
30.26
30.59
30.950001
30.33
30.59
30.26
31.030001
31.83
32.740002
32.299999
32.23
32.060001
32.029999
31.4
31.639999
32.23
33.529999
34.630001
34.439999
34.509998
35.029999
35.470001
36.5
37.200001
36.279999
36.290001
34.740002
34.740002
35.549999
35.82
33.779999
32.310001
32.740002
31.4
31.860001
32.150002
32.450001
31.049999
29.379999
29.219999
28.809999
27.5
26.5
26.85
25.940001
26.42
26.139999
26.530001
26.440001
26.76
28.040001
28.030001
27.629999
27.0
26.4
27.129999
27.450001
28.02
28.549999
28.92
29.309999
30.24
30.790001
30.35
30.6
29.889999
30.92
30.57
29.85
30.959999
29.780001
29.200001
29.91
29.200001
28.07
27.77
27.77
28.92
29.959999
29.709999
29.58
29.4
30.889999
31.219999
32.130001
32.57
32.84
32.810001
33.759998
33.709999
increase
