272.459991
272.940002
276.859985
286.890015
279.980011
276.570007
271.209991
271.029999
271.339996
271.359985
268.600006
262.149994
260.420013
261.279999
257.920013
254.149994
254.839996
258.529999
257.640015
251.339996
252.809998
250.089996
250.039993
248.100006
253.330002
252.970001
250.800003
246.539993
247.770004
252.380005
256.649994
258.5
257.160004
255.429993
257.170013
259.890015
262.109985
261.420013
253.369995
255.020004
251.740005
260.540009
266.0
278.600006
280.570007
280.320007
279.809998
271.25
274.640015
271.880005
271.359985
272.519989
277.709991
271.959991
273.929993
273.579987
271.76001
275.079987
278.359985
280.809998
282.649994
282.600006
281.950012
281.440002
282.920013
284.700012
282.959991
295.609985
287.950012
287.440002
289.589996
291.149994
288.0
286.089996
288.269989
291.01001
289.26001
288.73999
281.149994
283.679993
286.049988
287.920013
294.079987
284.420013
281.769989
283.149994
286.720001
282.640015
285.450012
285.059998
292.299988
293.579987
303.75
316.559998
321.01001
315.829987
317.359985
323.899994
326.329987
326.540009
329.690002
324.049988
323.660004
321.26001
318.179993
317.929993
319.0
315.029999
318.459991
317.51001
317.059998
312.799988
310.0
313.119995
316.170013
317.390015
314.920013
326.73999
327.480011
329.01001
332.829987
333.190002
333.309998
337.640015
335.679993
344.470001
344.579987
342.420013
338.100006
328.549988
315.730011
314.640015
307.640015
307.73999
315.799988
311.660004
315.730011
309.399994
314.140015
315.470001
313.570007
312.579987
309.959991
310.440002
315.709991
309.690002
310.279999
313.980011
313.970001
309.459991
309.059998
309.799988
308.970001
311.730011
317.140015
319.959991
322.170013
319.350006
317.399994
319.869995
314.660004
319.570007
325.769989
328.029999
327.75
330.709991
323.549988
327.940002
325.950012
327.019989
333.470001
322.519989
319.5
319.779999
320.070007
320.329987
318.570007
334.170013
339.850006
339.98999
342.48999
329.649994
336.359985
336.720001
333.070007
335.950012
338.850006
344.869995
344.440002
342.410004
347.640015
346.75
346.5
353.73999
367.910004
358.480011
352.589996
347.809998
346.0
343.829987
328.309998
332.859985
326.890015
311.790009
316.779999
316.630005
316.98999
296.079987
299.380005
291.869995
287.450012
286.100006
284.809998
292.779999
290.01001
290.100006
288.98999
282.350006
286.959991
286.950012
285.980011
284.540009
284.690002
286.100006
279.899994
283.23999
285.720001
286.700012
287.619995
278.369995
279.679993
277.290009
271.890015
260.130005
268.200012
265.160004
271.820007
273.820007
266.890015
266.480011
272.399994
264.980011
257.649994
257.519989
265.089996
265.98999
267.440002
265.390015
263.109985
264.75
268.029999
266.019989
decrease
