46.650002
46.75
47.549999
47.23
47.150002
47.220001
47.060001
47.18
47.119999
47.400002
47.610001
47.650002
47.68
47.119999
47.16
46.93
46.759998
47.110001
47.18
46.290001
46.200001
46.540001
46.799999
47.029999
46.959999
47.380001
47.41
47.099998
47.119999
47.419998
47.509998
47.540001
47.23
47.900002
48.389999
49.400002
49.099998
49.57
49.77
49.779999
49.889999
50.279999
49.860001
49.59
49.549999
49.169998
49.549999
49.68
50.599998
51.009998
51.02
51.830002
52.27
51.23
51.75
51.880001
51.470001
51.450001
52.060001
52.360001
53.349998
53.529999
53.060001
53.91
53.360001
53.470001
53.73
53.389999
52.860001
52.66
53.029999
53.709999
53.91
53.82
54.02
53.709999
53.790001
54.040001
51.950001
52.189999
52.830002
53.150002
52.880001
51.799999
52.099998
52.189999
52.66
52.77
52.790001
52.650002
52.27
52.09
52.360001
52.279999
52.330002
51.200001
51.27
50.279999
50.43
51.529999
51.990002
51.59
51.130001
51.560001
51.700001
52.040001
52.400002
52.419998
52.369999
52.200001
52.119999
52.759998
53.009998
53.02
53.650002
53.799999
53.799999
54.43
54.470001
54.330002
54.66
54.880001
54.740002
54.669998
54.709999
53.959999
54.459999
52.849998
53.119999
52.509998
52.880001
51.75
52.220001
52.139999
51.650002
51.450001
51.650002
51.400002
51.330002
51.349998
51.07
51.220001
50.82
50.93
51.02
51.849998
51.939999
52.23
52.470001
52.52
52.419998
52.43
52.23
52.18
53.130001
54.41
54.740002
54.450001
54.970001
54.43
54.02
54.220001
54.669998
54.540001
54.970001
54.380001
54.02
54.200001
54.419998
54.200001
53.950001
54.360001
54.0
53.810001
53.84
54.119999
53.860001
53.82
54.150002
54.689999
54.830002
55.060001
55.560001
57.299999
57.830002
58.419998
57.540001
57.889999
55.349998
56.610001
57.720001
57.720001
57.77
56.849998
57.779999
57.52
56.700001
56.700001
57.5
56.330002
54.380001
55.490002
55.34
53.290001
54.080002
54.610001
54.810001
55.98
56.16
56.25
56.419998
56.450001
55.900002
56.900002
58.18
57.990002
57.029999
55.509998
55.369999
56.41
56.869999
56.900002
55.689999
57.23
56.439999
55.959999
54.869999
54.849998
55.0
54.34
54.43
54.610001
52.02
50.73
52.139999
50.720001
50.610001
51.529999
50.150002
50.990002
51.48
51.73
50.349998
50.52
51.380001
50.950001
52.009998
51.57
51.990002
52.189999
52.259998
55.240002
increase
