381.589996
378.059998
386.649994
388.190002
388.869995
390.709991
384.570007
383.0
384.5
384.290009
383.309998
383.76001
382.380005
380.5
382.269989
382.869995
385.119995
389.359985
391.299988
383.670013
388.480011
393.320007
396.279999
395.970001
396.309998
406.359985
407.019989
406.820007
409.23999
413.380005
414.709991
414.220001
413.829987
413.799988
415.230011
418.5
418.309998
419.309998
421.48999
422.369995
420.51001
428.380005
424.690002
420.73999
423.170013
421.619995
424.690002
422.130005
426.850006
423.23999
422.410004
428.820007
428.769989
425.190002
432.380005
436.23999
431.910004
435.290009
437.880005
438.339996
424.630005
426.880005
426.459991
427.279999
428.649994
428.320007
431.350006
432.709991
425.51001
424.0
426.529999
429.980011
425.549988
426.01001
426.51001
427.869995
428.820007
431.339996
422.690002
424.160004
428.059998
428.25
427.070007
419.940002
416.549988
415.369995
421.369995
418.070007
415.940002
416.369995
414.339996
414.130005
416.200012
419.01001
421.779999
413.649994
412.190002
414.25
415.950012
424.040009
428.570007
425.519989
425.690002
428.720001
429.440002
432.390015
434.070007
433.630005
435.48999
437.630005
434.399994
438.399994
446.109985
447.089996
449.950012
450.790009
457.910004
464.429993
463.220001
462.450012
465.48999
473.929993
480.589996
475.48999
477.959991
475.549988
477.5
476.790009
476.619995
474.390015
473.720001
469.149994
473.480011
475.130005
472.290009
470.829987
469.290009
474.920013
479.109985
475.609985
473.369995
472.200012
466.600006
465.829987
465.109985
470.450012
470.5
474.019989
473.98999
474.769989
481.359985
478.940002
479.73999
481.959991
493.059998
500.820007
501.190002
502.079987
513.5
512.119995
511.820007
512.409973
515.48999
512.130005
517.72998
512.549988
506.75
511.869995
518.859985
515.820007
514.549988
513.590027
512.119995
513.719971
514.320007
517.97998
513.710022
508.970001
514.340027
521.130005
525.570007
529.48999
533.940002
531.570007
537.919983
555.530029
563.0
576.51001
579.219971
590.26001
593.26001
589.679993
587.669983
575.5
586.799988
574.419983
562.289978
561.799988
565.190002
548.320007
524.969971
535.219971
532.26001
509.380005
521.51001
525.380005
521.27002
539.940002
540.650024
541.099976
542.599976
543.559998
539.530029
549.75
563.969971
552.77002
549.429993
535.580017
537.580017
545.26001
548.659973
547.429993
553.390015
577.179993
571.789978
564.059998
558.960022
557.929993
563.659973
553.830017
557.52002
564.159973
539.419983
521.130005
540.719971
532.109985
528.030029
541.719971
519.0
528.72998
536.309998
538.400024
519.919983
521.140015
533.960022
525.309998
533.01001
524.77002
524.849976
526.840027
523.219971
525.059998
decrease
