36.634998
36.84
37.195
37.57
37.584999
38.674999
38.445
38.459999
38.400002
38.110001
40.244999
40.02
39.805
39.82
40.095001
40.0
40.18
40.389999
40.404999
39.98
39.75
40.040001
40.18
40.130001
40.32
40.720001
40.689999
40.830002
40.900002
41.419998
41.360001
41.200001
40.990002
40.73
40.509998
40.279999
40.43
41.209999
41.279999
41.150002
41.16
41.889999
41.790001
41.779999
41.669998
42.07
42.290001
42.09
42.52
42.029999
42.209999
42.470001
42.580002
42.02
42.299999
42.16
41.66
41.959999
41.720001
42.099998
42.43
42.419998
42.529999
42.419998
42.919998
42.68
42.509998
42.41
42.290001
41.889999
41.900002
41.990002
41.880001
40.610001
40.560001
41.169998
41.09
40.279999
40.049999
40.16
40.639999
40.32
40.82
40.27
40.119999
39.59
39.759998
39.389999
39.209999
39.299999
39.080002
39.060001
39.509998
39.990002
40.150002
39.990002
40.0
40.259998
40.279999
40.939999
40.720001
40.360001
40.41
40.529999
40.779999
40.610001
40.779999
40.799999
41.0
40.810001
40.970001
40.990002
41.419998
41.299999
41.360001
41.580002
41.759998
42.029999
42.02
42.060001
42.5
42.299999
42.25
42.349998
42.189999
41.98
42.110001
41.939999
42.299999
42.91
42.919998
42.450001
42.73
42.77
42.639999
42.93
42.700001
41.799999
41.75
41.450001
41.049999
40.740002
40.32
39.98
40.310001
39.990002
39.380001
40.52
39.98
39.740002
39.599998
39.52
39.939999
40.040001
39.580002
39.560001
39.91
39.740002
40.650002
40.790001
40.799999
40.810001
39.599998
39.599998
38.889999
38.639999
38.290001
39.400002
38.529999
38.259998
37.990002
37.630001
37.970001
37.599998
37.560001
37.919998
37.849998
38.630001
38.529999
38.349998
38.59
38.619999
38.5
37.849998
38.380001
37.900002
38.389999
39.040001
38.790001
38.720001
37.759998
38.400002
38.84
39.209999
38.119999
37.630001
37.57
38.279999
38.349998
37.459999
36.509998
36.93
39.330002
38.439999
37.869999
37.529999
37.759998
38.119999
39.119999
39.619999
39.209999
39.139999
39.549999
39.73
40.080002
40.009998
39.950001
39.5
39.400002
39.93
40.560001
40.740002
41.02
41.810001
41.650002
41.619999
40.939999
40.970001
40.599998
40.23
39.889999
39.82
39.139999
38.77
39.310001
39.189999
39.189999
39.709999
38.889999
39.66
40.09
40.279999
39.259998
39.299999
40.139999
40.25
40.509998
40.639999
40.759998
41.41
41.25
40.919998
decrease
