53.439999
53.48
53.549999
53.939999
53.77
55.669998
56.049999
56.310001
55.950001
55.060001
55.189999
55.150002
54.939999
55.32
55.139999
55.139999
55.029999
55.099998
54.389999
54.41
53.779999
54.02
54.099998
54.209999
53.82
54.389999
53.970001
53.93
53.950001
54.529999
54.970001
52.360001
51.66
52.57
52.849998
53.75
54.360001
54.189999
54.52
54.279999
54.459999
55.220001
55.66
56.07
57.330002
56.639999
56.919998
55.900002
55.869999
55.82
55.720001
56.27
56.349998
55.279999
55.91
55.93
55.330002
55.040001
54.669998
55.150002
54.790001
54.740002
55.07
55.439999
55.650002
55.599998
55.950001
55.98
54.240002
55.27
56.900002
56.110001
55.23
55.5
55.950001
56.299999
56.91
57.400002
56.59
56.73
57.619999
57.869999
57.5
56.77
56.419998
56.639999
57.669998
57.869999
58.169998
58.369999
58.580002
58.860001
59.380001
60.48
59.900002
59.810001
59.869999
62.84
62.619999
62.720001
63.02
62.48
62.689999
62.48
62.700001
62.93
63.490002
63.330002
63.360001
63.189999
62.93
62.950001
63.009998
63.740002
64.559998
64.290001
64.739998
63.799999
64.809998
64.150002
65.129997
65.110001
65.349998
65.290001
63.650002
64.18
63.700001
64.669998
64.419998
63.75
63.650002
64.0
60.950001
59.939999
60.84
61.66
62.16
62.23
62.220001
61.68
61.91
62.580002
61.990002
60.860001
60.990002
61.25
61.07
61.869999
61.32
60.799999
61.240002
61.139999
61.43
61.610001
62.52
62.900002
63.189999
63.240002
62.470001
62.02
60.970001
61.84
62.419998
63.02
63.279999
63.470001
62.130001
62.41
62.400002
61.560001
61.200001
61.5
60.959999
61.259998
61.68
61.77
61.279999
61.310001
61.360001
61.75
61.889999
61.91
61.849998
62.009998
62.470001
62.810001
59.919998
61.849998
61.830002
62.279999
63.279999
63.43
63.759998
63.52
64.25
64.43
63.959999
62.599998
62.799999
63.48
60.959999
60.900002
62.630001
62.689999
62.700001
63.16
63.869999
65.349998
68.980003
68.959999
67.349998
66.529999
65.940002
67.949997
68.629997
67.839996
66.199997
65.690002
66.169998
66.82
65.470001
66.099998
66.75
67.919998
67.449997
66.68
66.629997
66.25
66.599998
66.07
66.43
66.099998
63.950001
62.060001
63.400002
62.41
62.57
63.25
62.0
62.77
62.98
62.310001
60.880001
60.48
61.209999
60.18
58.84
58.650002
54.080002
52.380001
52.299999
51.610001
decrease
