164.979996
163.410004
165.779999
167.529999
167.630005
166.550003
165.210007
165.440002
166.050003
166.729996
166.339996
166.550003
165.020004
163.460007
163.720001
163.270004
163.320007
163.800003
163.610001
161.259995
161.619995
163.240005
165.130005
165.479996
164.929993
165.300003
165.690002
165.110001
165.279999
166.660004
166.289993
166.520004
166.130005
166.5
166.940002
170.0
170.5
171.470001
171.449997
170.550003
170.479996
171.550003
170.550003
169.619995
168.320007
167.220001
167.490005
167.350006
169.889999
169.300003
169.369995
171.800003
171.850006
170.199997
171.139999
170.25
169.240005
169.919998
169.690002
169.470001
170.160004
170.309998
171.199997
171.330002
171.339996
171.369995
172.940002
173.020004
173.050003
174.0
174.970001
176.289993
177.850006
178.990005
179.919998
178.039993
176.429993
178.059998
176.360001
175.339996
177.289993
177.470001
178.539993
177.160004
177.559998
178.339996
180.449997
179.979996
178.429993
179.600006
178.699997
178.619995
180.350006
181.160004
180.729996
176.979996
176.789993
173.990005
175.5
177.869995
178.630005
178.919998
178.570007
179.889999
181.470001
183.009995
183.820007
183.160004
181.860001
182.520004
181.860001
183.270004
183.210007
183.320007
185.410004
185.669998
185.830002
187.119995
187.429993
187.5
188.0
187.460007
186.300003
187.369995
187.960007
187.389999
187.850006
187.210007
189.039993
189.389999
189.779999
188.710007
188.610001
188.589996
187.850006
186.940002
187.169998
188.610001
187.270004
186.679993
186.300003
184.600006
184.490005
183.679993
184.399994
183.339996
181.809998
182.050003
181.059998
181.630005
183.179993
182.559998
182.360001
183.490005
187.539993
189.850006
193.009995
194.559998
196.960007
196.070007
196.009995
196.339996
196.440002
196.699997
199.070007
197.399994
196.660004
197.779999
199.339996
197.910004
197.789993
198.889999
197.919998
197.570007
198.690002
199.559998
198.220001
197.220001
199.789993
200.690002
201.419998
202.740005
203.020004
205.610001
206.690002
210.160004
210.289993
214.160004
213.190002
213.25
215.970001
215.559998
215.610001
215.100006
217.190002
215.460007
214.410004
214.380005
217.25
209.119995
196.800003
201.240005
200.369995
191.419998
196.020004
198.889999
197.990005
200.539993
203.899994
203.789993
203.050003
201.020004
200.729996
202.759995
210.619995
209.660004
207.199997
201.529999
201.339996
203.240005
204.550003
204.300003
205.289993
212.940002
211.820007
209.130005
206.990005
207.820007
206.960007
203.990005
204.75
204.830002
197.630005
192.460007
199.339996
196.149994
196.669998
199.479996
195.0
197.960007
200.110001
200.850006
195.490005
195.330002
197.800003
195.220001
198.130005
197.0
198.220001
199.270004
199.509995
200.380005
decrease
