25.02
24.860001
25.559999
25.74
25.969999
26.18
26.379999
26.4
26.59
26.459999
26.35
26.51
26.389999
26.379999
26.459999
26.370001
26.23
26.42
26.48
25.940001
26.139999
26.41
26.799999
26.67
27.049999
27.26
27.32
27.360001
27.030001
27.610001
27.6
27.51
27.5
27.84
27.91
27.82
27.75
27.92
27.82
27.75
27.75
28.25
28.01
27.91
27.860001
28.1
27.719999
27.809999
28.120001
27.82
27.719999
27.629999
27.629999
27.309999
27.59
27.559999
27.530001
27.82
27.59
27.780001
27.690001
27.790001
27.93
27.73
27.620001
27.620001
27.58
27.42
27.049999
27.01
26.620001
26.48
26.51
26.74
26.83
26.76
26.51
26.57
26.26
26.41
26.68
26.469999
26.68
26.639999
26.889999
26.889999
27.209999
26.84
26.709999
26.719999
26.969999
27.049999
27.08
27.549999
27.5
27.57
28.219999
28.540001
28.790001
28.950001
29.01
29.08
28.969999
28.93
28.99
28.690001
28.84
28.76
28.85
28.75
28.68
28.860001
28.74
29.17
29.469999
29.02
29.24
29.43
29.5
29.33
29.34
29.27
29.43
29.440001
29.16
29.4
29.52
29.57
29.690001
29.610001
29.799999
29.610001
28.82
28.5
28.16
28.139999
27.85
27.440001
27.860001
27.809999
27.959999
28.1
28.59
28.360001
28.450001
28.32
28.01
28.280001
28.26
28.35
28.799999
28.469999
28.66
28.51
26.389999
25.950001
26.280001
26.15
24.9
24.940001
25.24
25.040001
25.77
25.5
25.610001
25.709999
25.620001
25.780001
25.780001
25.49
25.370001
25.139999
25.1
25.129999
25.200001
25.190001
24.790001
25.280001
25.559999
25.32
25.969999
25.809999
27.959999
27.52
27.43
27.459999
26.98
27.25
27.4
27.65
27.709999
27.82
27.91
28.26
28.42
28.33
28.030001
27.959999
27.629999
27.389999
26.4
26.719999
26.32
25.200001
25.92
26.18
26.110001
26.809999
27.09
27.200001
26.83
26.77
26.48
27.200001
27.620001
27.450001
27.26
26.5
26.77
27.41
27.41
27.59
27.85
28.540001
28.540001
28.43
28.01
27.84
27.93
27.620001
27.67
27.66
26.940001
26.299999
27.25
27.030001
26.68
27.32
26.84
27.459999
27.74
28.09
27.35
27.51
27.9
27.93
28.23
28.309999
28.83
28.860001
28.940001
28.889999
decrease
