40.099998
39.509998
40.450001
40.84
41.060001
42.139999
42.279999
42.790001
40.880001
41.0
41.330002
41.73
41.610001
41.900002
42.139999
41.830002
41.650002
42.02
42.209999
39.939999
40.130001
40.400002
41.369999
40.82
41.049999
40.43
40.990002
42.189999
42.509998
44.360001
44.27
44.310001
43.919998
43.720001
42.43
42.959999
43.66
43.93
43.240002
43.32
40.990002
41.330002
40.73
41.029999
40.860001
41.200001
41.880001
41.07
41.169998
41.240002
42.360001
43.18
43.18
43.0
44.09
45.080002
45.529999
45.610001
46.200001
46.259998
46.220001
46.189999
46.759998
46.290001
44.919998
44.720001
45.84
45.860001
47.02
46.91
46.740002
45.830002
46.150002
45.880001
46.68
46.5
46.970001
46.529999
44.900002
44.66
45.169998
45.25
45.360001
44.610001
44.34
44.619999
44.93
44.709999
44.349998
44.16
44.25
44.369999
44.779999
46.41
46.66
45.959999
46.419998
46.080002
46.200001
46.990002
47.549999
47.639999
48.27
48.759998
49.169998
49.09
49.459999
49.59
49.959999
50.5
50.849998
50.459999
50.290001
51.23
51.849998
51.810001
52.450001
52.060001
51.869999
52.0
51.990002
52.009998
50.919998
51.130001
52.169998
52.02
52.389999
52.049999
52.200001
52.130001
52.75
51.66
53.369999
52.869999
52.389999
52.720001
52.700001
52.900002
52.970001
52.639999
52.400002
52.189999
52.099998
52.07
52.029999
52.07
51.68
52.040001
51.939999
52.349998
52.650002
52.889999
52.880001
53.049999
54.290001
54.860001
55.68
55.009998
54.240002
54.380001
53.049999
53.68
53.759998
53.560001
53.380001
52.32
51.540001
51.529999
52.189999
52.200001
53.060001
52.0
51.709999
51.490002
51.57
52.099998
51.09
51.779999
52.040001
53.73
55.290001
55.32
55.740002
54.509998
55.91
57.23
56.32
57.91
57.110001
56.939999
56.48
56.110001
56.740002
56.259998
57.16
56.82
56.720001
56.259998
56.389999
54.470001
52.349998
54.16
55.0
51.939999
52.610001
52.970001
52.310001
53.490002
52.669998
52.220001
52.259998
52.09
52.240002
52.32
51.91
50.09
49.080002
48.32
48.009998
48.720001
48.869999
48.849998
49.849998
51.560001
50.77
50.830002
50.59
50.68
51.439999
50.580002
50.080002
51.080002
49.84
48.610001
50.310001
49.200001
48.650002
50.23
48.84
50.369999
51.610001
52.470001
51.27
51.57
53.009998
53.209999
53.57
52.860001
53.799999
53.880001
53.91
52.669998
increase
