134.639999
134.350006
132.789993
133.970001
127.349998
125.989998
126.599998
126.970001
126.860001
124.790001
123.370003
123.900002
123.550003
123.120003
123.019997
121.239998
120.940002
120.529999
120.889999
120.440002
120.269997
121.010002
121.029999
121.839996
121.870003
122.0
121.349998
120.82
121.32
121.75
122.360001
122.239998
120.93
121.730003
122.599998
125.239998
127.110001
126.82
126.620003
127.279999
126.120003
125.830002
125.959999
125.120003
124.839996
125.57
125.730003
123.75
123.389999
123.18
123.019997
124.949997
122.989998
119.970001
120.129997
117.980003
117.699997
119.25
120.370003
121.699997
121.559998
119.139999
120.360001
118.809998
118.910004
119.010002
119.269997
120.370003
121.209999
122.330002
120.910004
121.870003
121.830002
123.709999
124.220001
122.75
122.959999
121.669998
121.269997
120.050003
122.510002
122.43
122.029999
121.059998
119.830002
120.769997
119.620003
121.050003
119.889999
121.459999
120.25
119.5
120.190002
120.599998
121.300003
120.370003
120.93
120.910004
120.169998
120.709999
120.199997
119.959999
122.330002
122.400002
121.68
119.639999
120.779999
122.839996
121.68
122.629997
123.75
122.82
122.769997
122.879997
121.93
122.360001
123.699997
125.059998
126.919998
127.169998
127.099998
128.279999
128.0
128.289993
128.380005
128.059998
126.669998
123.629997
122.93
122.879997
121.419998
121.489998
121.279999
121.230003
120.809998
121.18
121.980003
122.769997
120.68
123.43
124.190002
124.739998
126.010002
125.849998
125.93
124.779999
124.150002
125.18
125.040001
124.57
125.199997
125.0
125.160004
125.230003
124.690002
125.050003
125.379997
127.129997
127.839996
125.489998
125.410004
123.949997
124.660004
125.050003
126.18
126.370003
126.709999
129.410004
130.960007
128.839996
127.849998
126.940002
127.339996
128.490005
129.089996
128.839996
130.029999
129.279999
129.350006
126.480003
127.860001
126.739998
125.400002
124.650002
123.860001
122.330002
121.559998
122.5
121.18
121.949997
123.470001
124.150002
123.239998
122.68
122.970001
121.339996
119.419998
123.709999
119.190002
119.339996
114.739998
115.32
115.339996
112.089996
115.349998
115.139999
116.190002
115.459999
117.400002
119.639999
119.389999
115.849998
118.470001
120.970001
121.43
119.510002
118.870003
118.0
118.93
121.360001
122.099998
122.739998
122.309998
123.620003
125.559998
125.260002
125.589996
125.910004
127.160004
126.279999
125.669998
124.349998
122.580002
118.43
119.870003
120.870003
123.400002
123.220001
121.459999
122.190002
122.919998
122.269997
120.959999
120.120003
121.449997
120.949997
118.830002
119.900002
120.519997
121.620003
120.839996
119.339996
decrease
