58.41
57.720001
59.439999
60.209999
60.099998
59.389999
59.119999
59.459999
59.709999
60.240002
60.209999
60.240002
60.5
60.23
60.369999
60.700001
61.07
61.419998
62.490002
59.98
60.080002
61.099998
61.060001
61.709999
62.27
61.950001
62.07
61.639999
60.540001
61.080002
61.110001
61.25
61.009998
61.880001
63.209999
64.449997
64.32
64.690002
64.720001
64.099998
63.889999
64.480003
63.91
63.830002
63.619999
63.41
63.779999
64.230003
65.18
66.980003
66.879997
68.260002
68.449997
67.629997
67.910004
67.650002
66.82
66.919998
67.019997
66.720001
66.830002
66.889999
66.699997
66.360001
66.0
66.099998
68.029999
67.980003
67.599998
67.43
68.449997
69.599998
69.419998
68.129997
68.980003
69.040001
68.879997
68.43
67.220001
66.800003
67.889999
67.970001
67.709999
66.599998
66.580002
65.949997
66.849998
67.230003
67.690002
67.849998
67.809998
67.480003
68.010002
68.029999
68.580002
67.160004
67.32
66.059998
66.169998
67.709999
68.790001
69.389999
69.239998
69.040001
70.599998
71.150002
71.459999
71.760002
71.400002
70.839996
70.940002
72.279999
72.650002
72.739998
73.800003
74.129997
74.059998
75.720001
75.639999
75.389999
75.18
74.940002
72.370003
72.110001
71.769997
72.190002
73.120003
72.879997
73.529999
73.529999
74.239998
73.620003
73.790001
73.870003
73.779999
73.5
74.029999
74.739998
74.050003
73.800003
72.709999
72.339996
72.43
72.25
71.989998
71.529999
71.730003
71.669998
71.330002
72.050003
72.379997
72.260002
72.019997
71.389999
73.699997
75.040001
75.5
75.510002
77.099998
76.540001
75.440002
74.980003
75.709999
75.849998
76.150002
75.139999
73.919998
74.769997
75.669998
74.699997
74.660004
75.82
75.489998
74.779999
74.889999
75.080002
74.410004
74.360001
74.589996
75.510002
75.410004
74.529999
75.309998
75.650002
75.559998
76.839996
77.110001
77.470001
77.389999
78.300003
78.589996
78.550003
79.449997
79.440002
80.080002
79.959999
78.620003
78.480003
79.199997
77.019997
73.269997
74.82
74.989998
71.870003
73.68
74.760002
75.18
76.709999
77.080002
76.82
76.459999
77.0
76.269997
77.080002
77.650002
76.379997
75.489998
73.660004
73.68
74.419998
74.059998
73.919998
74.110001
76.110001
76.019997
74.910004
73.470001
73.339996
73.470001
72.699997
72.919998
73.32
70.309998
67.900002
69.779999
68.279999
68.260002
67.5
67.709999
68.480003
69.309998
70.220001
68.599998
69.440002
70.510002
69.889999
72.129997
71.010002
70.07
69.739998
68.980003
70.279999
decrease
