32.139999
31.93
32.529999
32.599998
32.700001
32.849998
32.830002
32.799999
32.610001
32.720001
32.959999
32.689999
32.32
32.049999
32.27
32.040001
31.610001
31.690001
31.709999
31.209999
31.040001
31.26
31.889999
31.5
31.610001
31.91
31.82
31.9
31.77
31.870001
32.189999
31.93
32.150002
32.029999
31.969999
31.709999
32.130001
32.169998
31.73
31.84
31.67
31.9
31.58
35.799999
35.110001
34.98
34.810001
34.619999
34.91
34.27
34.470001
34.16
34.48
33.900002
34.34
34.299999
34.310001
34.32
34.439999
34.48
34.5
34.060001
34.59
34.639999
34.419998
34.73
35.029999
34.650002
31.1
30.940001
31.040001
31.219999
30.85
31.85
31.99
32.32
32.220001
32.549999
32.049999
31.99
32.669998
32.5
32.66
32.380001
32.369999
32.560001
32.509998
32.389999
32.419998
32.5
32.610001
32.669998
32.93
33.18
33.259998
33.02
33.07
33.25
33.16
33.41
33.549999
33.459999
33.169998
33.099998
32.990002
32.900002
32.610001
32.360001
32.68
33.009998
33.16
33.25
33.009998
33.380001
33.669998
33.57
33.66
33.939999
33.860001
33.57
33.639999
33.630001
33.919998
33.880001
33.709999
33.59
33.73
33.93
34.099998
34.290001
34.290001
34.130001
32.630001
32.869999
32.32
32.380001
32.93
32.41
32.650002
32.450001
32.299999
32.619999
32.259998
32.450001
32.32
32.310001
32.119999
32.580002
32.509998
32.529999
32.580002
32.450001
32.630001
32.630001
32.689999
32.580002
33.07
33.189999
33.279999
33.220001
33.299999
33.169998
33.48
33.330002
33.490002
33.360001
33.189999
33.709999
33.740002
33.650002
33.549999
33.509998
33.52
33.650002
33.5
33.5
33.279999
33.580002
33.709999
33.779999
34.029999
33.869999
33.759998
33.48
33.82
34.09
34.02
34.470001
34.189999
34.07
34.720001
34.75
34.900002
35.130001
35.900002
35.639999
35.549999
35.849998
35.380001
34.970001
33.560001
33.700001
34.0
32.66
33.450001
34.02
34.18
34.75
35.240002
35.34
35.060001
34.689999
34.849998
35.43
35.360001
35.25
35.099998
35.200001
35.32
35.540001
35.720001
35.959999
36.16
37.119999
36.810001
36.27
35.84
35.689999
35.790001
35.380001
35.400002
35.310001
34.310001
33.240002
34.150002
33.43
33.48
33.900002
32.700001
33.110001
33.84
33.91
33.18
33.290001
34.529999
34.490002
34.540001
34.509998
35.0
35.060001
35.029999
34.84
decrease
