40.720001
40.66
40.93
39.330002
39.009998
38.810001
38.779999
38.290001
37.950001
37.759998
37.700001
37.740002
37.650002
37.290001
37.599998
37.490002
37.459999
37.849998
37.57
37.619999
37.68
37.720001
38.060001
38.380001
38.540001
38.82
39.029999
38.52
38.540001
39.950001
39.59
39.790001
39.439999
39.43
39.110001
38.759998
38.700001
38.98
38.959999
39.259998
38.009998
37.52
37.77
37.68
37.09
37.23
37.650002
37.0
37.369999
36.080002
35.759998
35.5
34.91
34.130001
33.419998
33.23
33.07
33.380001
33.52
33.580002
33.48
33.32
33.849998
33.75
33.880001
33.84
34.16
33.830002
34.349998
34.240002
34.240002
33.830002
34.209999
34.310001
33.98
34.169998
34.189999
34.389999
34.060001
34.799999
34.889999
34.900002
35.139999
34.720001
34.459999
34.5
34.509998
34.220001
33.23
33.139999
32.529999
32.43
32.740002
32.459999
32.880001
33.689999
34.240002
34.380001
34.5
34.75
34.82
34.73
34.48
35.009998
34.889999
34.169998
33.700001
33.419998
33.150002
33.470001
33.360001
33.34
33.950001
33.740002
33.34
33.41
33.959999
34.099998
34.080002
33.459999
33.720001
33.790001
34.59
34.330002
34.5
34.209999
34.099998
33.759998
33.91
34.209999
34.169998
33.93
33.380001
33.689999
33.529999
34.16
34.130001
33.860001
33.91
33.32
33.759998
34.310001
33.959999
34.799999
34.84
35.869999
35.18
35.619999
35.709999
35.77
35.540001
35.509998
35.459999
35.939999
36.439999
37.200001
37.330002
37.470001
37.93
37.169998
37.080002
37.25
37.25
37.240002
37.549999
37.34
37.009998
37.759998
37.77
37.98
38.139999
37.849998
38.080002
38.209999
38.07
38.049999
37.669998
37.52
37.330002
37.939999
38.060001
37.52
37.389999
36.830002
36.759998
36.709999
36.77
37.259998
37.16
37.77
37.77
37.720001
37.599998
38.040001
38.5
38.209999
37.860001
38.0
37.610001
36.709999
35.650002
35.709999
35.889999
35.490002
35.560001
35.700001
35.470001
35.540001
36.360001
36.25
36.080002
35.689999
35.939999
36.279999
36.529999
36.200001
36.130001
36.400002
36.869999
37.790001
38.290001
37.77
37.98
38.060001
38.049999
38.029999
37.459999
36.380001
36.610001
36.34
36.41
35.34
35.450001
35.5
36.360001
36.299999
36.32
36.880001
35.889999
36.18
37.009998
36.810001
36.740002
36.77
36.849998
36.740002
36.779999
36.799999
37.209999
37.509998
37.169998
36.66
decrease
