73.309998
72.5
72.480003
72.360001
72.309998
73.139999
72.589996
72.190002
72.989998
72.540001
72.739998
72.470001
72.010002
72.389999
72.0
72.779999
72.900002
72.959999
72.629997
71.599998
72.190002
73.5
73.089996
72.959999
73.099998
73.440002
73.099998
73.550003
74.290001
75.050003
75.790001
75.449997
73.940002
74.040001
74.470001
75.199997
75.080002
74.910004
75.610001
75.940002
74.989998
76.209999
76.309998
77.480003
78.75
79.68
79.470001
79.25
79.080002
78.25
77.919998
78.290001
78.690002
76.889999
77.190002
76.68
76.660004
77.309998
77.559998
78.110001
78.089996
76.970001
77.0
77.32
76.290001
77.07
77.690002
77.669998
76.599998
77.610001
77.260002
77.330002
70.989998
69.360001
69.139999
69.239998
69.339996
68.230003
67.309998
66.980003
66.760002
66.43
66.010002
65.160004
64.379997
64.360001
65.419998
65.629997
66.099998
66.080002
66.389999
66.400002
66.489998
67.459999
67.82
67.519997
68.610001
69.059998
68.360001
69.730003
69.440002
69.290001
67.459999
67.5
67.07
66.260002
66.709999
66.769997
66.660004
67.339996
67.82
68.139999
66.970001
66.919998
68.239998
67.599998
67.519997
67.639999
65.879997
64.919998
65.779999
65.82
66.330002
64.959999
64.629997
65.080002
64.699997
66.150002
66.709999
66.650002
66.440002
67.050003
64.75
62.009998
61.700001
61.900002
62.18
61.07
61.380001
60.25
60.27
60.990002
60.560001
58.549999
58.330002
57.07
56.830002
57.419998
57.509998
55.0
55.720001
56.970001
56.369999
55.889999
57.560001
59.110001
59.189999
58.900002
61.02
60.349998
59.720001
58.5
58.889999
60.240002
60.259998
60.57
60.349998
63.189999
62.389999
63.009998
63.459999
62.68
62.490002
62.669998
62.299999
62.139999
61.27
63.23
62.860001
63.66
63.220001
65.220001
67.099998
68.059998
69.110001
71.489998
72.580002
72.650002
71.709999
71.910004
73.510002
73.209999
74.690002
73.989998
74.970001
75.230003
73.870003
71.790001
69.059998
67.459999
64.339996
65.440002
65.139999
66.629997
66.720001
68.029999
65.690002
67.339996
68.099998
69.339996
68.839996
68.809998
67.830002
69.309998
70.57
70.040001
69.209999
68.279999
68.940002
70.400002
69.919998
70.040001
70.419998
71.160004
72.360001
72.269997
72.040001
70.699997
70.949997
69.989998
65.410004
65.690002
63.860001
61.709999
62.099998
61.220001
62.560001
62.68
61.009998
61.279999
62.939999
63.84
62.389999
62.5
64.339996
63.970001
62.259998
60.419998
62.290001
63.189999
63.889999
62.310001
decrease
