94.660004
94.32
96.809998
104.419998
104.660004
102.68
102.260002
102.0
101.510002
101.540001
99.389999
99.639999
99.370003
99.290001
100.360001
100.989998
100.709999
102.419998
102.339996
100.139999
100.220001
102.43
102.290001
103.629997
103.949997
105.019997
105.660004
105.470001
105.43
105.650002
105.949997
105.199997
104.550003
103.510002
105.010002
105.919998
106.07
105.75
104.709999
106.400002
107.599998
107.489998
107.040001
103.470001
103.839996
104.110001
104.25
103.93
106.449997
105.639999
107.459999
106.970001
107.489998
106.510002
106.919998
107.839996
108.239998
108.959999
108.470001
108.769997
108.839996
107.07
107.849998
107.32
106.589996
108.18
114.540001
113.519997
114.370003
114.099998
113.949997
113.099998
113.089996
113.559998
114.349998
114.709999
114.410004
114.339996
113.150002
112.849998
113.709999
113.650002
114.120003
113.139999
113.919998
113.599998
115.82
114.75
114.779999
115.349998
115.07
116.010002
117.550003
117.489998
118.279999
118.300003
116.980003
117.769997
117.82
118.870003
120.940002
119.629997
120.480003
121.370003
123.830002
124.739998
124.849998
124.790001
124.43
124.32
124.510002
124.519997
125.230003
124.709999
124.720001
125.510002
126.739998
126.400002
126.93
126.879997
128.190002
128.600006
129.990005
130.710007
131.470001
130.539993
131.289993
131.550003
131.360001
131.679993
138.240005
136.839996
136.940002
137.809998
136.490005
135.800003
136.289993
136.470001
136.630005
137.710007
138.809998
137.289993
135.339996
136.479996
136.529999
137.539993
134.100006
136.360001
136.130005
136.910004
137.600006
138.009995
137.389999
137.190002
138.990005
138.059998
141.149994
141.520004
141.5
140.139999
140.339996
142.889999
143.860001
143.770004
143.419998
148.570007
146.279999
146.690002
149.770004
150.910004
152.520004
154.639999
155.75
156.440002
157.520004
158.419998
157.580002
157.039993
157.279999
159.440002
161.960007
166.029999
166.429993
165.869995
169.199997
170.300003
169.309998
168.5
168.830002
170.410004
170.889999
169.429993
168.339996
169.369995
167.059998
162.580002
163.759995
162.779999
162.240005
157.490005
151.080002
156.410004
154.339996
145.990005
149.210007
152.289993
153.970001
158.059998
159.979996
156.289993
155.559998
155.229996
158.860001
162.410004
163.690002
161.259995
154.630005
150.229996
146.380005
151.119995
153.75
151.509995
153.589996
158.25
154.5
153.690002
152.539993
154.570007
156.460007
152.149994
154.059998
155.800003
146.899994
144.289993
149.190002
146.990005
145.160004
147.380005
143.889999
145.059998
145.179993
148.130005
142.990005
143.080002
148.089996
146.789993
150.139999
150.229996
152.139999
153.309998
155.949997
155.699997
decrease
