136.779999
135.479996
136.779999
137.119995
138.929993
138.419998
137.25
136.889999
137.029999
137.559998
138.300003
137.75
137.229996
136.320007
138.0
137.210007
136.740005
137.369995
137.020004
137.789993
138.559998
138.479996
139.759995
140.610001
140.869995
142.759995
142.240005
141.889999
143.190002
144.850006
145.139999
145.050003
144.179993
144.289993
144.960007
146.559998
145.679993
145.729996
146.690002
147.399994
147.580002
147.110001
146.929993
146.619995
145.550003
144.850006
145.399994
144.779999
145.630005
144.970001
145.380005
146.350006
145.970001
145.440002
146.520004
145.279999
144.449997
144.440002
144.850006
145.179993
145.539993
145.699997
146.550003
146.619995
147.0
146.889999
147.360001
143.899994
142.979996
145.350006
146.460007
148.070007
148.919998
149.869995
149.800003
149.309998
148.539993
149.289993
148.330002
146.440002
147.399994
147.970001
148.020004
145.949997
145.440002
145.330002
145.309998
144.240005
142.759995
143.630005
141.779999
141.889999
141.160004
141.419998
140.490005
136.850006
137.710007
134.880005
140.850006
145.880005
147.009995
144.550003
142.789993
143.509995
143.570007
143.470001
143.880005
142.949997
142.589996
143.210007
141.610001
141.910004
142.190002
142.550003
145.490005
144.699997
144.75
145.710007
146.149994
146.050003
147.279999
147.369995
146.580002
148.839996
150.320007
150.080002
151.110001
153.979996
154.0
155.190002
154.399994
154.160004
154.75
152.75
152.889999
150.820007
151.309998
149.259995
148.270004
149.199997
149.800003
150.100006
151.639999
151.350006
151.339996
150.690002
151.160004
148.860001
148.630005
149.0
149.179993
148.25
148.929993
149.259995
151.570007
152.639999
152.110001
151.639999
150.820007
150.179993
150.869995
149.440002
150.050003
150.240005
150.5
148.440002
146.119995
148.720001
147.860001
147.619995
145.970001
145.009995
145.199997
145.309998
146.169998
146.160004
146.130005
142.300003
143.419998
144.0
144.259995
143.529999
145.850006
145.289993
144.5
145.639999
145.669998
147.539993
147.690002
148.199997
149.789993
153.289993
154.979996
154.809998
155.800003
154.119995
153.059998
156.149994
155.479996
153.25
147.350006
145.880005
147.520004
140.389999
144.520004
144.610001
145.119995
147.289993
147.070007
147.0
145.440002
143.720001
143.070007
144.009995
146.139999
144.190002
141.919998
139.809998
139.860001
141.559998
141.929993
140.639999
141.910004
144.0
143.089996
141.940002
140.759995
141.059998
140.979996
140.300003
141.320007
140.259995
137.639999
134.570007
137.020004
136.699997
138.259995
136.770004
133.300003
135.080002
136.179993
135.770004
134.130005
134.160004
135.179993
134.059998
134.779999
134.0
135.789993
136.350006
136.509995
137.619995
increase
