83.0
82.989998
83.839996
84.160004
83.629997
82.400002
82.410004
82.660004
82.980003
83.029999
82.980003
83.760002
82.260002
84.989998
84.839996
84.360001
84.07
85.0
83.93
84.150002
84.410004
85.040001
85.050003
85.730003
86.029999
86.279999
86.629997
86.650002
86.370003
86.82
86.75
86.900002
86.769997
88.879997
88.980003
89.75
89.760002
89.93
90.0
89.540001
88.57
89.620003
88.959999
88.82
88.57
88.769997
89.620003
90.010002
90.550003
91.0
91.400002
91.910004
93.029999
92.18
92.980003
92.690002
92.790001
91.940002
92.540001
91.980003
92.019997
93.120003
92.910004
93.150002
93.940002
93.849998
93.400002
94.040001
93.290001
93.489998
94.529999
95.209999
94.790001
94.989998
93.5
94.639999
95.459999
96.800003
96.669998
96.230003
97.07
97.540001
97.830002
97.190002
96.300003
97.089996
99.110001
98.400002
98.459999
99.769997
100.150002
100.339996
100.269997
100.889999
100.940002
102.199997
103.730003
103.68
104.739998
104.379997
104.730003
105.370003
105.849998
104.669998
105.489998
105.43
106.400002
106.260002
106.599998
106.309998
104.709999
106.699997
107.32
107.629997
108.18
109.07
109.339996
108.43
108.169998
109.220001
108.43
109.099998
110.019997
110.5
109.699997
109.529999
109.589996
108.93
109.989998
110.690002
110.25
109.730003
111.489998
111.949997
111.860001
113.059998
112.629997
115.57
115.019997
114.440002
113.419998
113.419998
114.129997
114.449997
115.739998
116.599998
115.510002
116.019997
116.480003
119.230003
119.629997
119.349998
120.129997
120.5
122.720001
120.93
123.43
124.25
123.110001
123.769997
123.410004
124.190002
125.269997
126.349998
127.620003
126.279999
126.059998
126.370003
125.790001
124.650002
124.230003
124.629997
124.470001
124.040001
124.760002
124.849998
124.589996
122.75
123.559998
124.040001
127.599998
129.529999
130.789993
132.330002
132.190002
131.509995
130.789993
131.520004
132.910004
133.880005
134.559998
134.809998
135.570007
137.160004
137.020004
135.110001
133.289993
134.389999
136.559998
134.649994
130.529999
116.940002
114.57
111.150002
107.110001
110.68
112.220001
115.0
117.449997
111.449997
110.779999
111.300003
109.959999
108.75
111.330002
110.190002
112.010002
111.360001
115.0
115.349998
118.169998
118.790001
119.889999
124.540001
123.82
119.919998
119.290001
118.610001
119.220001
118.529999
119.900002
117.330002
112.620003
111.709999
114.589996
112.059998
111.910004
114.099998
112.480003
110.989998
111.209999
111.599998
109.339996
110.029999
110.279999
108.449997
109.669998
108.349998
108.809998
110.089996
109.330002
109.879997
increase
