68.669998
66.839996
65.949997
66.410004
66.910004
66.339996
66.559998
66.650002
65.660004
63.459999
63.849998
65.199997
63.369999
63.560001
62.529999
62.75
62.200001
62.080002
61.200001
60.380001
60.380001
61.66
62.049999
61.470001
61.610001
61.599998
61.57
61.52
61.110001
61.73
61.299999
60.34
60.869999
61.169998
60.349998
60.709999
62.650002
61.849998
60.740002
61.509998
62.23
62.240002
60.66
62.529999
62.549999
63.610001
64.360001
64.019997
65.150002
63.549999
63.779999
64.160004
63.27
62.07
62.810001
63.700001
63.77
63.369999
63.09
63.950001
64.599998
64.199997
64.980003
65.860001
65.830002
66.260002
66.080002
66.620003
67.559998
67.43
65.830002
66.080002
64.809998
64.830002
63.619999
64.519997
65.699997
65.349998
66.190002
66.709999
66.279999
66.699997
66.519997
65.690002
64.800003
65.010002
65.650002
64.720001
63.98
63.889999
63.75
63.27
64.510002
64.059998
64.339996
63.639999
61.98
60.5
59.419998
58.0
58.82
60.509998
58.150002
58.23
57.720001
58.849998
59.049999
58.790001
59.23
60.099998
58.0
58.209999
56.919998
58.0
58.549999
58.889999
59.970001
58.900002
58.299999
57.919998
57.389999
57.099998
56.509998
57.0
56.900002
56.66
56.959999
57.830002
58.919998
57.950001
56.939999
57.23
57.040001
56.75
56.119999
56.119999
56.189999
54.459999
55.400002
56.959999
57.610001
57.25
58.080002
56.740002
55.919998
56.41
56.040001
56.400002
56.740002
55.93
56.740002
56.240002
56.540001
55.959999
54.759998
56.540001
56.060001
57.110001
60.099998
58.099998
57.43
57.200001
57.470001
57.68
57.970001
57.169998
58.130001
58.900002
59.0
59.459999
60.080002
60.529999
60.169998
60.189999
59.290001
59.259998
59.0
59.169998
59.200001
58.0
57.580002
56.759998
55.990002
56.66
57.779999
58.830002
59.43
58.900002
60.0
57.75
58.25
57.52
59.23
59.27
60.0
58.73
58.400002
57.610001
58.93
55.400002
54.080002
53.810001
53.439999
51.799999
52.759998
53.16
54.669998
55.849998
56.740002
55.389999
56.25
55.380001
54.32
55.119999
55.68
54.150002
52.970001
52.110001
53.32
53.41
53.23
52.110001
52.66
52.18
52.290001
51.900002
51.27
51.040001
50.950001
50.810001
50.259998
50.869999
50.259998
49.27
51.689999
52.349998
51.880001
51.389999
50.709999
52.860001
53.790001
52.880001
52.84
52.849998
52.119999
51.009998
50.060001
50.07
50.900002
51.139999
51.169998
50.950001
decrease
