96.040001
95.529999
94.709999
94.269997
94.5
95.019997
94.599998
94.690002
94.349998
94.07
94.779999
95.919998
95.360001
94.949997
94.709999
94.419998
94.059998
95.730003
95.93
98.120003
98.650002
99.440002
99.910004
100.779999
101.169998
102.779999
102.809998
103.519997
101.650002
103.449997
104.589996
103.459999
103.160004
103.209999
101.18
102.059998
102.209999
102.129997
101.910004
101.300003
101.18
101.089996
100.620003
99.5
99.739998
99.839996
99.75
101.910004
101.18
100.029999
100.18
99.309998
99.010002
98.370003
99.470001
99.169998
98.290001
100.050003
100.309998
101.099998
96.809998
96.639999
98.660004
97.269997
99.169998
99.139999
99.5
99.559998
100.190002
100.580002
100.580002
100.889999
101.809998
100.919998
102.019997
101.150002
100.029999
100.769997
100.709999
100.849998
102.370003
103.059998
103.790001
104.139999
104.120003
104.830002
105.739998
106.099998
106.739998
106.989998
107.050003
107.019997
107.269997
108.440002
107.010002
107.029999
106.010002
106.989998
106.489998
106.93
106.209999
104.949997
104.809998
105.480003
104.489998
102.160004
101.839996
101.599998
100.599998
100.129997
99.57
99.989998
100.540001
99.980003
99.690002
99.650002
101.889999
101.57
101.519997
102.120003
101.589996
102.209999
103.099998
102.5
101.849998
101.379997
100.959999
103.220001
104.989998
103.949997
104.059998
104.120003
103.18
103.190002
106.110001
107.080002
105.139999
106.370003
106.510002
111.809998
111.760002
114.029999
113.5
113.279999
112.900002
113.160004
112.550003
111.120003
110.019997
110.480003
112.110001
111.839996
112.720001
113.290001
113.519997
112.860001
113.0
112.550003
109.629997
108.809998
109.18
109.709999
109.5
110.910004
110.889999
111.370003
110.610001
110.650002
109.629997
108.550003
107.889999
108.18
108.550003
108.970001
109.43
109.82
111.010002
108.93
108.470001
107.209999
108.029999
108.349998
107.68
104.919998
103.690002
103.57
105.32
106.029999
106.110001
107.349998
108.300003
110.330002
109.589996
108.610001
110.629997
109.830002
110.029999
112.769997
113.07
112.099998
110.510002
108.550003
108.75
103.809998
103.860001
105.110001
106.360001
105.360001
107.639999
109.120003
108.57
106.790001
108.459999
110.440002
111.540001
110.360001
110.059998
106.07
104.559998
107.720001
107.730003
107.599998
110.239998
110.989998
111.389999
111.660004
112.080002
109.610001
109.080002
108.190002
108.870003
107.589996
108.949997
109.660004
111.330002
110.669998
110.879997
109.610001
108.800003
107.389999
108.910004
109.800003
108.010002
108.860001
103.639999
104.860001
103.860001
103.760002
104.330002
106.139999
106.589996
102.639999
decrease
