59.209999
58.959999
59.619999
60.029999
60.549999
60.98
61.77
62.549999
62.700001
62.639999
62.970001
63.02
62.73
63.220001
62.139999
61.990002
61.189999
60.91
61.200001
59.75
61.040001
61.5
62.049999
61.919998
62.02
62.77
63.360001
63.740002
64.07
65.400002
65.470001
65.059998
64.330002
64.300003
64.330002
63.34
63.59
64.059998
64.760002
65.5
65.639999
66.32
65.699997
66.43
65.690002
66.449997
66.0
65.050003
66.099998
65.150002
65.57
65.25
66.540001
65.480003
65.830002
65.839996
65.75
65.970001
66.169998
65.75
67.019997
66.75
66.769997
67.580002
67.0
66.989998
67.150002
66.699997
66.339996
66.400002
66.779999
67.480003
67.5
67.419998
67.809998
68.0
68.029999
68.160004
67.379997
67.480003
68.029999
68.709999
68.870003
67.510002
67.459999
68.5
68.290001
67.720001
68.18
68.169998
68.550003
68.110001
68.540001
69.480003
69.129997
66.970001
66.959999
65.660004
65.57
67.650002
68.18
68.419998
68.739998
65.940002
65.190002
65.220001
64.480003
64.449997
64.330002
63.5
65.32
63.68
64.370003
64.57
64.43
64.099998
65.190002
65.910004
65.629997
66.449997
67.080002
67.199997
66.860001
67.940002
68.239998
68.129997
67.459999
65.790001
65.879997
66.099998
66.419998
65.839996
66.599998
67.209999
66.019997
66.389999
64.57
65.199997
65.43
65.669998
66.379997
65.93
66.18
64.660004
65.980003
66.019997
65.779999
65.82
66.220001
66.129997
67.0
66.790001
66.709999
66.160004
66.510002
65.699997
65.639999
66.0
67.25
65.940002
66.059998
66.18
66.910004
67.029999
66.550003
65.410004
65.18
65.949997
66.599998
68.129997
67.699997
66.339996
66.349998
65.690002
66.760002
66.480003
66.370003
66.75
66.900002
66.849998
66.300003
66.050003
67.629997
67.949997
68.800003
69.690002
68.519997
69.449997
69.019997
68.559998
68.860001
68.510002
71.169998
70.760002
71.650002
71.940002
71.790001
71.610001
71.110001
69.949997
68.040001
69.269997
69.120003
66.760002
67.07
68.769997
68.75
69.919998
69.599998
69.5
69.449997
69.580002
68.199997
68.760002
68.639999
67.489998
66.910004
65.980003
64.970001
65.190002
66.150002
66.010002
66.730003
67.470001
67.360001
67.57
66.959999
66.730003
66.910004
67.629997
67.849998
67.059998
66.199997
64.410004
65.800003
65.730003
64.639999
65.580002
64.620003
64.489998
64.980003
65.510002
64.510002
64.860001
63.099998
63.639999
63.75
62.939999
64.080002
64.169998
65.269997
65.059998
increase
