32.77
32.880001
33.48
31.93
31.75
32.040001
32.57
32.709999
32.790001
32.759998
32.759998
33.040001
32.830002
33.0
32.93
32.990002
32.889999
33.150002
33.240002
32.389999
32.32
32.779999
33.529999
34.02
34.27
34.759998
34.93
34.93
35.139999
34.98
35.27
35.52
35.41
35.349998
35.439999
34.720001
34.23
34.400002
34.34
34.150002
34.18
34.259998
34.09
34.27
34.279999
34.259998
34.299999
33.689999
34.09
33.439999
33.490002
33.07
33.27
33.279999
33.669998
33.900002
34.150002
34.73
34.450001
34.73
34.709999
34.810001
35.32
35.09
34.98
35.07
36.639999
37.18
36.98
37.009998
36.900002
36.720001
36.049999
36.209999
36.200001
36.630001
36.799999
36.560001
36.189999
36.34
37.009998
37.220001
37.560001
36.84
36.950001
36.990002
37.450001
37.34
37.18
37.400002
37.77
37.91
38.360001
39.290001
38.689999
38.240002
38.27
38.43
38.240002
37.610001
37.549999
37.450001
38.02
38.27
38.779999
38.82
38.360001
38.43
38.880001
38.419998
38.330002
38.919998
39.0
39.470001
39.700001
40.060001
40.25
40.389999
40.68
41.009998
41.009998
41.389999
41.82
42.0
41.970001
41.810001
41.790001
41.810001
42.279999
42.150002
42.310001
42.220001
42.720001
43.080002
42.900002
43.16
43.009998
43.790001
43.900002
44.290001
44.299999
44.07
43.549999
44.040001
44.669998
44.77
44.32
44.860001
44.580002
44.849998
45.330002
45.0
45.599998
45.139999
45.189999
43.16
43.91
43.720001
42.419998
42.669998
42.900002
43.549999
43.560001
43.5
43.290001
43.060001
43.189999
43.68
43.560001
43.759998
43.209999
42.48
42.259998
41.970001
42.25
42.290001
41.82
42.049999
42.93
43.580002
43.990002
44.919998
45.07
44.84
44.869999
45.07
44.279999
44.860001
44.939999
45.599998
45.689999
45.75
45.380001
44.860001
45.799999
44.560001
43.98
44.860001
42.23
41.099998
39.290001
39.580002
38.57
36.82
37.68
38.599998
37.900002
38.630001
39.07
39.16
40.169998
39.259998
38.799999
39.740002
39.889999
39.389999
38.77
38.23
39.290001
39.5
38.98
39.369999
39.299999
39.68
39.700001
39.169998
38.830002
39.080002
38.59
38.23
37.959999
38.349998
37.389999
36.380001
37.459999
36.400002
36.139999
36.77
35.849998
36.310001
36.68
36.98
35.900002
36.25
37.009998
36.700001
37.470001
37.299999
37.540001
38.099998
38.169998
37.380001
decrease
