123.269997
122.260002
123.150002
125.519997
125.199997
123.970001
124.050003
124.059998
123.82
123.43
124.459999
122.410004
118.360001
120.099998
119.68
119.519997
119.32
119.040001
119.360001
117.099998
117.400002
116.93
115.709999
117.309998
117.75
116.739998
116.779999
115.129997
114.410004
116.410004
118.730003
118.099998
116.879997
117.57
117.059998
118.190002
119.349998
119.620003
121.040001
120.610001
122.360001
125.160004
126.220001
132.830002
133.679993
134.309998
133.850006
130.850006
134.229996
131.699997
129.869995
130.179993
133.199997
131.949997
132.559998
131.929993
132.25
133.559998
134.470001
134.570007
134.869995
134.270004
135.0
136.309998
137.740005
137.839996
136.440002
137.75
134.149994
134.100006
135.410004
135.179993
134.850006
135.899994
136.699997
137.059998
135.270004
135.570007
130.369995
130.610001
132.960007
131.369995
131.259995
127.580002
127.650002
127.43
130.289993
129.190002
130.050003
129.679993
131.649994
132.440002
134.339996
138.929993
139.380005
139.350006
140.160004
141.759995
140.5
140.919998
142.070007
141.259995
140.610001
142.039993
142.839996
143.470001
144.240005
143.779999
143.889999
144.940002
143.630005
142.970001
142.759995
145.820007
146.039993
146.080002
146.520004
140.009995
139.210007
139.270004
139.690002
139.559998
138.5
136.460007
136.710007
138.860001
137.169998
135.960007
121.330002
122.370003
120.339996
119.559998
99.989998
98.169998
100.970001
100.970001
100.529999
98.199997
100.040001
101.639999
102.330002
101.650002
102.459999
102.339996
101.160004
98.860001
100.339996
103.349998
104.099998
103.150002
104.5
105.160004
104.5
103.330002
103.989998
103.120003
100.830002
102.139999
102.610001
102.559998
102.169998
102.730003
106.089996
108.0
109.040001
108.199997
108.239998
109.410004
108.040001
107.059998
108.269997
107.879997
106.330002
106.970001
104.459999
104.75
104.360001
106.160004
109.139999
106.68
104.989998
104.18
105.489998
105.459999
104.580002
106.0
104.82
102.019997
101.720001
102.650002
102.910004
104.550003
103.110001
104.389999
105.169998
103.260002
101.580002
101.160004
100.339996
99.800003
93.739998
96.25
95.160004
91.019997
92.510002
91.510002
91.980003
94.389999
96.139999
95.260002
93.849998
93.889999
93.779999
95.610001
96.489998
95.779999
87.120003
87.190002
89.330002
89.040001
89.169998
90.220001
91.190002
92.559998
92.279999
91.559998
91.610001
89.910004
89.610001
88.529999
88.269997
88.309998
86.910004
84.980003
87.169998
85.809998
88.410004
89.209999
87.07
86.830002
90.470001
88.839996
86.949997
86.940002
89.440002
88.709999
89.739998
89.400002
90.540001
91.099998
91.010002
89.620003
decrease
