59.349998
58.970001
59.290001
59.450001
59.529999
60.060001
64.75
65.269997
65.279999
64.279999
64.120003
64.889999
64.610001
64.849998
64.730003
64.75
64.360001
64.290001
64.830002
63.66
63.82
64.099998
64.580002
64.669998
64.360001
65.099998
64.949997
65.43
65.349998
66.699997
67.419998
67.910004
68.230003
68.169998
68.110001
66.279999
65.790001
66.470001
65.949997
65.93
66.040001
67.339996
66.849998
67.150002
67.339996
68.32
67.309998
66.339996
67.150002
66.129997
66.470001
65.5
66.580002
65.029999
65.739998
65.339996
65.309998
65.709999
65.220001
65.830002
66.230003
66.160004
65.57
65.459999
65.379997
65.739998
65.550003
64.620003
63.52
64.599998
64.370003
64.809998
64.080002
63.580002
63.080002
63.380001
63.16
62.490002
61.599998
62.110001
62.91
63.439999
63.959999
63.360001
64.25
64.93
65.370003
64.769997
65.050003
65.25
64.629997
65.269997
66.129997
67.779999
68.279999
67.550003
67.629997
69.0
69.349998
70.489998
70.980003
70.510002
71.940002
71.480003
69.300003
69.660004
69.699997
69.480003
69.629997
69.389999
69.870003
71.07
70.779999
71.32
72.330002
72.050003
71.790001
71.559998
71.519997
71.440002
71.410004
71.519997
71.75
73.57
72.080002
72.510002
72.690002
72.800003
73.010002
72.449997
72.379997
71.800003
71.32
65.309998
66.459999
67.519997
65.489998
65.470001
65.43
65.709999
65.919998
66.279999
65.480003
65.309998
65.470001
65.07
64.779999
65.540001
65.400002
65.730003
66.68
70.029999
70.57
69.519997
69.75
69.769997
70.690002
70.169998
69.790001
70.089996
69.580002
69.940002
70.419998
70.129997
70.360001
69.660004
68.57
69.419998
68.980003
68.629997
68.519997
67.889999
67.379997
67.68
67.610001
67.93
67.389999
68.57
69.07
69.010002
70.529999
70.589996
71.699997
72.349998
72.639999
72.900002
70.620003
70.279999
69.489998
68.910004
69.129997
69.190002
67.699997
68.050003
68.599998
68.730003
69.360001
69.129997
68.290001
66.389999
63.41
63.990002
63.48
61.220001
61.310001
62.490002
62.490002
62.220001
64.400002
64.220001
63.0
63.369999
62.91
64.529999
64.25
63.950001
64.160004
62.369999
62.939999
64.330002
64.980003
65.040001
63.66
64.910004
64.639999
63.049999
62.040001
61.779999
61.259998
60.389999
59.439999
59.860001
57.470001
56.509998
57.77
57.650002
58.639999
58.0
57.099998
56.639999
57.709999
58.119999
56.419998
56.57
56.740002
56.880001
57.169998
56.91
57.939999
59.040001
59.290001
58.919998
decrease
