26.58
26.0
26.41
27.34
27.26
27.43
26.74
26.73
26.370001
25.51
27.07
28.42
27.76
27.42
27.620001
27.200001
26.780001
27.74
28.07
27.459999
27.41
28.559999
28.290001
28.950001
28.440001
28.09
28.129999
27.91
26.9
27.030001
26.4
26.280001
26.1
26.219999
26.77
27.25
27.360001
28.48
27.370001
26.75
27.58
28.24
27.18
26.700001
27.34
27.450001
27.41
26.870001
27.17
27.43
27.959999
29.219999
28.719999
27.58
27.889999
29.719999
29.440001
28.92
29.51
29.49
29.27
29.43
30.809999
31.129999
31.139999
30.219999
30.17
28.879999
28.809999
28.99
29.35
29.219999
28.719999
30.709999
32.209999
31.93
31.49
31.879999
30.76
30.51
30.219999
30.299999
30.209999
29.16
29.030001
29.18
29.24
28.93
29.030001
28.98
29.030001
28.83
28.940001
28.99
29.98
29.08
31.200001
31.68
32.040001
32.310001
32.189999
32.099998
32.360001
32.889999
35.099998
35.540001
35.189999
35.959999
35.23
35.91
34.880001
35.09
34.84
35.16
35.400002
35.389999
35.099998
35.029999
34.200001
34.439999
34.48
34.91
35.84
36.799999
36.889999
37.0
36.830002
36.330002
36.990002
36.310001
37.610001
37.68
37.450001
37.110001
37.369999
37.98
38.040001
38.549999
38.599998
39.209999
36.889999
37.779999
37.139999
37.279999
37.369999
35.52
35.32
36.169998
35.48
35.779999
36.450001
36.310001
35.939999
35.919998
36.450001
36.849998
37.470001
37.59
36.900002
37.360001
36.549999
38.220001
39.259998
39.400002
40.599998
41.259998
41.02
41.09
40.93
41.200001
40.880001
41.25
41.709999
42.849998
43.07
42.610001
42.540001
43.139999
43.150002
43.599998
43.669998
42.720001
42.470001
42.419998
43.720001
43.52
40.709999
39.560001
40.080002
40.389999
40.84
41.299999
41.639999
40.41
42.130001
42.099998
42.0
42.439999
41.57
39.91
38.200001
39.040001
39.48
37.459999
37.619999
38.439999
39.0
39.66
40.889999
40.360001
41.82
42.630001
42.970001
44.119999
42.669998
41.77
41.240002
41.650002
41.869999
44.560001
43.200001
41.91
40.889999
41.5
41.880001
40.380001
40.310001
38.990002
38.330002
37.689999
37.950001
38.66
37.27
36.919998
37.349998
37.5
36.490002
37.73
36.619999
36.98
37.110001
38.580002
36.830002
37.16
37.27
37.41
38.200001
38.43
38.450001
39.080002
40.02
39.639999
decrease
