35.27
34.900002
35.849998
36.450001
36.799999
36.77
36.709999
37.130001
36.84
37.209999
37.34
36.970001
37.360001
37.18
37.209999
37.0
36.650002
37.02
37.080002
34.57
34.459999
34.57
34.57
35.09
34.630001
34.57
34.639999
34.25
34.099998
34.5
34.130001
33.98
33.860001
34.52
35.619999
36.34
36.610001
36.880001
36.580002
36.709999
36.369999
36.549999
35.939999
35.200001
34.98
34.490002
34.66
34.84
35.34
35.650002
35.68
36.540001
36.880001
36.599998
37.07
37.049999
36.73
36.52
36.849998
36.240002
36.09
35.59
35.27
35.25
34.48
35.450001
35.849998
35.169998
35.040001
34.939999
35.080002
35.220001
35.619999
35.220001
35.619999
35.349998
35.34
35.029999
33.709999
33.389999
34.220001
33.990002
33.950001
32.810001
33.060001
32.700001
33.419998
33.5
34.0
33.849998
33.470001
33.310001
33.389999
33.130001
33.610001
32.650002
32.77
32.080002
32.810001
33.459999
34.48
34.689999
34.779999
35.16
35.59
35.82
35.790001
36.27
36.349998
36.459999
36.82
37.220001
37.07
37.869999
37.220001
36.84
36.57
37.130001
37.490002
37.310001
37.810001
37.450001
37.16
36.98
37.049999
36.68
37.18
37.43
38.330002
38.5
38.369999
38.029999
38.509998
38.450001
38.080002
38.009998
38.369999
38.740002
38.82
38.720001
37.669998
37.310001
36.810001
36.68
37.200001
38.07
38.139999
37.919998
38.169998
38.25
37.900002
37.830002
37.75
37.630001
38.779999
40.669998
40.700001
40.689999
41.849998
40.889999
40.630001
41.43
41.740002
41.419998
41.919998
41.34
40.869999
41.700001
42.029999
42.080002
41.93
42.599998
42.630001
42.52
42.360001
42.439999
41.98
42.68
43.169998
43.68
43.880001
44.060001
44.189999
44.900002
45.299999
45.52
45.25
45.84
45.759998
46.82
47.810001
47.869999
47.380001
46.669998
46.950001
46.75
46.169998
45.900002
46.810001
46.02
43.68
44.599998
44.84
42.189999
43.049999
43.959999
44.389999
45.849998
46.02
45.93
46.09
46.299999
45.450001
46.43
44.540001
43.75
43.490002
43.529999
44.18
44.860001
45.32
45.439999
45.220001
46.259998
46.150002
45.73
45.130001
44.959999
44.869999
44.91
44.77
44.919998
42.950001
41.27
43.119999
41.59
41.549999
41.98
41.099998
41.810001
42.77
43.02
41.48
41.740002
42.700001
42.18
43.240002
42.279999
42.369999
41.290001
41.029999
41.860001
increase
