50.27
50.25
50.389999
50.299999
49.790001
49.779999
49.529999
49.32
48.830002
48.75
50.849998
50.779999
50.619999
50.290001
50.869999
50.669998
50.200001
50.25
49.48
49.709999
49.68
49.740002
50.02
50.310001
50.73
51.200001
51.099998
51.529999
51.66
52.25
52.57
52.619999
52.82
53.259998
52.82
53.0
52.900002
52.799999
53.18
53.549999
53.200001
53.75
53.529999
53.02
52.84
53.040001
53.09
52.68
52.580002
51.810001
51.880001
52.02
51.779999
51.950001
52.0
52.310001
52.18
51.900002
52.0
52.619999
53.330002
53.630001
52.950001
52.990002
53.259998
52.799999
53.330002
53.669998
53.799999
53.299999
53.349998
53.009998
52.73
51.77
50.389999
50.290001
49.700001
49.919998
49.580002
49.619999
49.98
49.77
50.27
49.849998
50.049999
50.400002
50.369999
50.049999
49.599998
49.740002
49.740002
49.52
49.599998
50.169998
50.209999
50.389999
49.82
49.48
49.119999
49.619999
49.43
49.279999
49.66
50.43
50.610001
50.57
49.689999
48.490002
48.610001
48.470001
48.740002
48.040001
48.119999
48.450001
47.93
47.360001
47.639999
47.93
47.450001
47.02
47.380001
47.400002
47.720001
47.959999
47.860001
47.700001
47.41
47.279999
46.18
46.189999
45.720001
45.759998
45.759998
45.32
44.810001
45.169998
46.18
45.43
43.919998
43.32
43.759998
44.450001
44.0
44.75
45.540001
45.740002
44.41
45.139999
44.75
44.68
44.799999
44.759998
44.82
45.099998
45.650002
46.790001
47.09
46.84
48.349998
48.279999
47.790001
48.130001
48.400002
47.959999
48.389999
48.130001
48.459999
49.060001
49.259998
49.220001
49.48
49.5
50.049999
50.16
50.060001
50.18
50.169998
49.43
49.110001
49.939999
50.07
50.439999
50.389999
49.790001
49.369999
49.02
49.25
49.849998
49.470001
49.91
50.110001
49.860001
49.110001
49.34
49.110001
48.93
49.099998
48.849998
48.490002
46.330002
47.419998
47.869999
47.369999
47.380001
48.560001
48.630001
48.639999
48.880001
49.709999
49.779999
48.380001
47.939999
48.169998
49.119999
49.990002
49.470001
49.189999
49.09
50.029999
50.419998
50.77
49.959999
50.98
50.59
50.560001
50.740002
49.84
49.540001
50.009998
50.189999
49.68
48.990002
48.380001
47.299999
47.369999
48.16
49.240002
50.360001
48.93
49.650002
50.470001
49.860001
49.5
49.470001
49.68
49.380001
48.799999
48.950001
50.099998
50.32
50.27
48.720001
decrease
