76.449997
76.540001
77.589996
77.699997
72.809998
72.809998
72.699997
72.550003
72.720001
72.779999
72.559998
73.349998
71.459999
70.860001
70.169998
69.779999
69.349998
69.470001
69.599998
67.839996
68.059998
67.360001
68.080002
68.339996
68.379997
67.910004
67.040001
67.269997
67.010002
67.580002
67.620003
67.260002
67.120003
67.230003
66.970001
67.860001
68.82
69.089996
67.839996
69.449997
70.040001
70.099998
68.400002
67.169998
67.300003
66.989998
67.580002
67.330002
67.330002
67.550003
68.68
70.080002
68.760002
67.68
67.970001
68.230003
68.599998
68.870003
68.760002
69.459999
68.889999
69.5
68.690002
65.010002
65.559998
65.620003
65.93
65.910004
65.459999
65.25
65.610001
64.980003
65.610001
65.699997
67.220001
66.540001
66.75
66.129997
66.110001
65.629997
67.139999
68.019997
68.010002
66.889999
66.779999
66.860001
67.099998
67.089996
66.870003
69.07
71.050003
71.57
73.059998
70.629997
70.169998
71.790001
72.769997
73.269997
73.739998
72.830002
72.790001
72.279999
70.769997
71.449997
72.25
72.599998
72.790001
73.0
73.129997
73.919998
74.889999
75.68
75.480003
76.099998
77.300003
76.129997
75.019997
76.050003
76.519997
75.449997
77.089996
76.699997
77.18
77.260002
77.330002
76.019997
77.339996
77.980003
78.300003
78.43
78.830002
78.599998
79.589996
79.82
78.349998
78.529999
79.330002
79.550003
79.440002
79.080002
80.5
80.629997
80.68
80.330002
80.360001
80.370003
79.949997
80.400002
78.440002
78.43
78.790001
79.239998
79.669998
79.540001
81.529999
84.489998
86.650002
86.540001
86.760002
85.919998
87.150002
87.419998
88.379997
87.970001
88.0
87.769997
85.790001
86.209999
87.160004
86.629997
86.75
87.129997
88.699997
88.790001
89.5
89.459999
89.089996
89.739998
89.489998
89.720001
89.57
90.779999
91.459999
91.440002
93.919998
94.279999
92.970001
92.980003
93.68
95.160004
95.43
94.900002
96.18
96.529999
96.730003
96.309998
94.93
91.459999
91.980003
91.790001
90.330002
90.769997
92.57
90.470001
89.349998
91.18
92.720001
92.43
92.949997
92.620003
89.970001
90.18
90.089996
92.629997
94.629997
93.470001
93.360001
89.699997
89.510002
89.779999
89.989998
90.010002
89.599998
91.739998
91.029999
91.709999
89.739998
90.279999
92.139999
92.629997
93.07
93.620003
92.660004
90.860001
92.760002
91.559998
91.690002
93.709999
92.230003
93.629997
94.360001
93.290001
90.480003
91.57
94.120003
93.949997
95.410004
94.269997
97.620003
96.029999
94.940002
94.290001
decrease
