335.589996
338.480011
340.359985
344.5
345.399994
348.799988
345.160004
344.140015
337.690002
324.48999
322.600006
334.779999
323.809998
325.519989
325.579987
324.609985
322.0
321.070007
320.01001
313.109985
315.880005
315.779999
316.420013
318.790009
329.040009
333.76001
337.440002
338.920013
345.549988
346.390015
353.029999
344.429993
342.829987
345.880005
337.450012
332.839996
338.649994
341.809998
338.329987
338.339996
340.220001
340.26001
333.609985
333.880005
334.130005
330.799988
332.649994
329.869995
340.299988
335.73999
336.850006
328.670013
335.109985
332.179993
332.429993
336.600006
337.850006
342.649994
339.040009
342.799988
342.309998
344.630005
346.609985
345.299988
350.070007
348.079987
348.0
348.769989
366.899994
370.26001
391.970001
387.420013
385.540009
384.299988
384.630005
381.019989
389.75
400.899994
398.679993
394.48999
401.079987
397.730011
400.779999
393.359985
392.970001
396.450012
397.049988
390.329987
389.230011
388.790009
389.230011
388.820007
393.369995
398.540009
392.480011
393.320007
402.5
395.640015
392.899994
381.01001
381.570007
385.130005
376.0
369.470001
368.170013
364.019989
367.01001
361.079987
360.299988
357.579987
359.040009
362.850006
360.950012
363.420013
364.109985
369.51001
371.089996
369.720001
367.399994
366.049988
364.920013
365.119995
355.709991
357.399994
362.600006
357.839996
352.070007
351.670013
350.76001
345.070007
340.26001
344.910004
316.290009
319.76001
323.980011
334.170013
338.220001
337.660004
335.429993
348.399994
343.01001
337.899994
341.200012
338.440002
343.720001
336.809998
334.220001
340.630005
341.540009
338.369995
338.420013
334.269989
328.980011
321.839996
325.890015
331.670013
326.209991
336.269989
334.0
330.950012
322.640015
325.220001
324.5
331.48999
329.98999
329.0
328.679993
322.309998
323.230011
316.970001
316.380005
332.940002
338.200012
340.399994
333.25
338.029999
335.959991
348.970001
353.029999
349.790009
350.880005
356.549988
354.76001
350.829987
355.269989
354.0
352.929993
357.839996
365.25
366.049988
370.25
369.25
376.179993
375.140015
377.0
374.5
376.570007
377.25
371.179993
387.5
372.570007
369.75
363.549988
348.649994
349.429993
357.880005
355.679993
358.940002
363.670013
365.660004
358.769989
360.970001
356.75
365.059998
358.019989
351.220001
341.929993
339.410004
332.75
346.600006
337.959991
338.670013
341.190002
347.589996
359.220001
350.01001
340.959991
339.549988
342.170013
332.98999
327.609985
325.470001
322.970001
312.390015
312.179993
310.220001
306.26001
311.220001
303.869995
306.369995
311.690002
317.019989
310.670013
316.51001
308.23999
303.329987
306.339996
305.910004
312.839996
310.480011
317.459991
315.549988
decrease
