155.380005
155.080002
155.960007
157.179993
156.929993
156.210007
156.369995
157.520004
158.380005
157.029999
156.729996
160.25
161.75
162.649994
162.899994
163.820007
162.029999
162.100006
161.339996
158.410004
160.100006
159.479996
159.350006
160.520004
161.860001
161.649994
161.320007
161.5
161.229996
163.949997
164.460007
164.759995
165.5
168.479996
166.509995
166.740005
166.800003
166.550003
168.110001
167.279999
169.080002
170.259995
169.580002
170.179993
170.679993
169.610001
168.259995
167.050003
168.130005
166.699997
167.389999
167.5
169.160004
167.940002
169.610001
169.570007
171.160004
172.059998
173.050003
173.800003
174.190002
172.100006
174.309998
174.490005
174.229996
174.529999
173.809998
173.570007
172.070007
173.970001
173.559998
172.960007
174.740005
176.050003
172.550003
175.979996
175.630005
178.080002
175.360001
174.380005
176.350006
179.160004
179.860001
178.029999
177.029999
177.979996
179.820007
179.389999
179.770004
179.300003
180.5
180.089996
179.669998
182.059998
183.169998
185.309998
182.100006
184.979996
184.559998
186.320007
185.550003
187.619995
185.229996
186.050003
185.300003
181.509995
181.820007
182.130005
182.740005
181.440002
183.639999
184.429993
187.0
186.940002
189.009995
191.990005
190.75
190.679993
190.949997
189.089996
188.070007
186.949997
186.960007
186.149994
184.990005
187.199997
189.360001
188.220001
191.419998
193.380005
193.889999
195.699997
198.75
201.940002
197.720001
197.220001
197.839996
198.389999
201.899994
205.0
205.490005
200.5
197.520004
197.979996
197.610001
197.139999
196.5
200.970001
197.970001
199.410004
201.990005
200.720001
200.600006
199.929993
200.550003
205.830002
211.729996
208.410004
204.110001
204.119995
204.210007
206.0
209.970001
209.160004
208.479996
207.919998
203.630005
204.139999
206.339996
207.259995
206.029999
204.520004
203.389999
203.779999
202.710007
205.240005
203.089996
202.559998
205.960007
207.039993
210.550003
208.220001
207.869995
207.089996
210.889999
213.389999
214.75
220.360001
219.660004
220.149994
220.75
219.789993
221.0
221.880005
226.220001
223.899994
207.889999
208.350006
205.009995
204.460007
196.410004
197.589996
195.440002
189.270004
193.770004
193.559998
195.440002
195.550003
191.940002
193.809998
192.600006
191.649994
191.899994
194.789993
195.880005
196.850006
195.889999
193.419998
193.059998
192.339996
194.130005
194.25
172.0
173.360001
167.309998
164.389999
166.880005
166.899994
168.669998
166.440002
165.0
167.050003
165.339996
164.0
168.679993
165.539993
168.320007
167.740005
164.649994
167.850006
168.789993
169.029999
167.820007
167.940002
169.850006
169.0
170.559998
171.649994
175.080002
174.380005
175.210007
171.729996
decrease
