70.449997
70.18
71.459999
71.82
71.879997
73.040001
72.089996
71.120003
71.059998
71.18
70.959999
70.830002
69.919998
68.989998
69.209999
69.379997
69.059998
69.620003
69.330002
68.690002
68.980003
69.040001
69.529999
69.57
69.699997
70.449997
69.910004
69.529999
70.080002
70.93
70.720001
70.339996
69.480003
69.559998
70.459999
71.779999
73.019997
72.879997
73.050003
73.889999
73.75
73.099998
72.379997
71.620003
71.459999
71.230003
71.959999
71.919998
72.550003
72.419998
72.449997
73.099998
72.559998
72.199997
72.660004
72.150002
71.839996
71.980003
72.5
72.690002
72.730003
72.370003
73.309998
74.059998
74.419998
75.260002
75.690002
74.989998
75.160004
75.809998
76.18
76.489998
77.199997
80.519997
80.300003
79.910004
79.75
80.330002
79.620003
79.0
79.529999
79.440002
79.110001
77.650002
77.339996
76.980003
77.470001
76.849998
76.43
77.459999
77.089996
76.779999
76.830002
76.839996
76.959999
74.769997
75.120003
73.669998
75.769997
76.519997
76.650002
75.940002
75.620003
75.220001
76.080002
76.040001
76.330002
75.580002
75.879997
76.32
76.169998
76.900002
77.379997
76.57
77.5
77.160004
77.379997
77.389999
76.699997
76.360001
77.120003
76.940002
75.93
76.470001
76.419998
75.93
76.0
76.190002
76.459999
76.120003
76.260002
75.75
76.019997
71.029999
70.410004
70.169998
70.709999
72.559998
72.57
73.269997
72.870003
72.699997
73.099998
73.400002
73.300003
74.059998
74.110001
73.589996
73.459999
73.43
73.459999
72.660004
72.510002
73.410004
74.25
74.870003
74.730003
74.519997
75.370003
74.379997
74.459999
74.160004
74.400002
74.559998
74.519997
73.68
72.650002
74.279999
74.580002
73.550003
73.449997
73.660004
73.989998
74.269997
74.550003
75.080002
74.970001
73.080002
72.790001
73.620003
74.0
73.669998
73.209999
72.190002
72.769997
74.029999
74.199997
75.059998
74.860001
75.160004
75.93
77.010002
77.239998
77.220001
77.510002
76.589996
76.389999
76.900002
77.169998
76.379997
73.389999
72.599998
72.629997
70.339996
72.139999
74.309998
73.970001
75.57
76.190002
77.190002
75.690002
75.540001
74.919998
75.800003
77.260002
75.879997
74.589996
73.339996
74.610001
75.889999
76.040001
75.720001
75.260002
77.040001
75.239998
75.080002
74.050003
74.300003
75.129997
75.110001
75.400002
75.550003
73.440002
71.610001
73.139999
73.129997
73.860001
74.260002
72.370003
73.489998
73.900002
74.349998
73.0
72.769997
73.410004
73.410004
73.980003
73.529999
74.739998
74.489998
74.559998
75.040001
increase
