73.18
73.019997
73.660004
74.220001
73.5
73.300003
72.040001
71.800003
70.760002
71.080002
71.949997
71.809998
71.839996
71.5
71.800003
71.620003
71.25
71.650002
71.580002
75.690002
73.93
74.82
74.279999
73.839996
74.599998
75.370003
75.449997
76.089996
76.360001
76.690002
77.110001
77.230003
77.0
77.160004
75.790001
75.769997
75.550003
75.690002
75.879997
76.349998
76.309998
76.900002
76.349998
75.68
75.529999
75.919998
75.889999
75.370003
75.089996
74.120003
74.129997
73.940002
73.760002
73.449997
73.339996
73.080002
72.400002
72.279999
72.230003
72.489998
72.589996
72.519997
72.489998
72.089996
73.269997
71.849998
72.050003
73.0
72.949997
72.540001
72.199997
71.699997
71.620003
71.599998
71.480003
71.739998
71.699997
71.57
71.550003
71.260002
71.449997
71.800003
71.93
71.300003
71.019997
71.610001
71.639999
71.220001
70.779999
71.150002
70.900002
71.300003
70.949997
71.639999
71.300003
71.110001
71.489998
71.559998
71.82
72.019997
71.949997
71.650002
72.139999
72.279999
72.389999
72.809998
72.550003
71.370003
71.190002
73.0
73.389999
73.080002
73.150002
72.849998
72.949997
72.440002
72.879997
73.209999
72.720001
72.360001
72.900002
74.730003
75.160004
75.989998
75.75
74.959999
74.440002
73.139999
72.32
72.190002
71.839996
71.419998
71.209999
70.400002
69.199997
70.449997
70.559998
70.940002
70.150002
70.25
70.900002
73.269997
72.910004
73.209999
73.699997
73.459999
72.480003
72.629997
71.889999
72.07
72.220001
71.75
72.010002
72.0
72.760002
72.010002
72.449997
73.040001
74.519997
74.589996
74.25
73.199997
73.32
73.169998
72.489998
73.349998
73.239998
74.050003
73.989998
74.849998
74.519997
74.660004
75.150002
75.480003
75.370003
75.139999
75.449997
75.139999
74.849998
75.330002
75.419998
75.529999
75.639999
74.82
74.550003
74.620003
75.419998
76.68
76.629997
77.5
77.379997
76.900002
76.800003
77.309998
73.559998
73.790001
74.669998
74.239998
73.330002
72.43
69.809998
70.410004
70.169998
68.949997
69.760002
70.190002
70.300003
69.620003
71.220001
71.459999
70.029999
69.139999
69.389999
70.300003
71.07
69.919998
68.970001
68.860001
69.269997
70.07
69.639999
69.68
71.019997
71.239998
71.080002
70.870003
69.989998
69.559998
69.620003
70.059998
69.690002
68.690002
68.82
68.379997
68.190002
69.279999
70.800003
71.68
70.150002
70.949997
71.650002
71.809998
71.639999
71.419998
71.730003
71.379997
70.940002
71.599998
72.440002
72.230003
72.080002
69.769997
decrease
