135.649994
134.289993
134.929993
136.149994
133.570007
134.0
133.690002
133.490005
130.089996
131.199997
132.360001
132.889999
131.910004
132.429993
133.149994
132.619995
132.160004
132.75
130.710007
131.229996
130.740005
132.160004
132.570007
131.679993
132.779999
135.130005
134.990005
134.929993
135.729996
135.770004
136.630005
136.910004
137.050003
137.550003
136.509995
137.139999
137.190002
137.479996
139.110001
140.160004
139.5
141.149994
140.119995
139.339996
139.380005
138.910004
139.300003
136.940002
136.199997
133.220001
133.240005
133.779999
134.100006
133.770004
134.380005
133.5
131.979996
131.5
130.820007
131.899994
131.470001
131.520004
130.529999
130.889999
132.240005
131.320007
132.869995
133.429993
134.169998
132.770004
133.490005
133.130005
131.970001
134.729996
134.490005
135.5
134.649994
134.210007
133.940002
134.309998
135.570007
136.300003
136.940002
137.169998
137.729996
138.830002
139.039993
138.720001
136.979996
137.479996
137.5
137.369995
137.350006
138.529999
137.979996
138.330002
136.369995
136.029999
134.039993
135.029999
135.570007
134.080002
134.740005
136.179993
136.809998
137.520004
135.369995
131.330002
129.830002
130.470001
131.300003
129.330002
130.029999
131.910004
129.479996
129.830002
131.289993
128.960007
129.139999
127.82
129.220001
130.539993
130.729996
131.289993
131.809998
131.869995
130.960007
130.119995
127.769997
128.570007
127.209999
127.089996
127.860001
127.029999
125.32
126.529999
128.020004
129.279999
128.110001
127.730003
129.699997
131.050003
130.679993
132.050003
135.080002
135.309998
132.779999
134.539993
133.509995
134.589996
135.149994
134.949997
135.389999
135.669998
136.960007
139.220001
139.289993
139.639999
142.990005
144.660004
145.050003
144.240005
145.229996
145.050003
145.149994
146.610001
146.259995
147.630005
148.100006
148.050003
148.389999
148.779999
149.520004
149.690002
149.289993
149.0
148.740005
144.990005
143.429993
145.690002
145.729996
146.440002
146.160004
144.429993
141.990005
140.960007
142.410004
144.320007
143.139999
143.860001
144.479996
143.520004
142.25
146.130005
142.639999
140.960007
141.759995
141.690002
140.330002
130.910004
127.0
130.630005
127.82
127.760002
128.800003
127.949997
128.529999
128.800003
131.029999
131.699997
128.779999
126.290001
127.300003
129.429993
131.520004
130.190002
129.080002
129.770004
130.940002
132.929993
132.330002
130.550003
132.979996
131.570007
130.369995
131.190002
128.570007
127.139999
128.490005
128.520004
128.119995
124.809998
125.510002
124.400002
124.220001
126.379997
130.309998
133.110001
128.690002
128.339996
130.050003
130.25
128.509995
127.970001
126.989998
126.389999
124.669998
125.529999
127.169998
126.839996
126.720001
119.160004
decrease
