69.209999
68.709999
70.110001
70.650002
71.580002
70.75
70.699997
71.480003
71.18
71.980003
71.940002
71.599998
71.910004
71.209999
71.330002
70.639999
70.099998
70.839996
71.279999
67.269997
67.629997
68.360001
68.639999
69.57
69.199997
69.07
69.220001
68.5
68.559998
69.080002
68.57
69.110001
68.419998
68.849998
70.790001
72.669998
72.800003
73.870003
74.260002
74.080002
74.120003
74.620003
73.279999
72.32
71.419998
70.849998
71.07
71.800003
71.940002
72.790001
73.239998
74.389999
74.43
74.129997
74.669998
75.129997
75.230003
74.889999
75.099998
74.260002
74.519997
73.050003
72.489998
72.43
72.459999
73.279999
74.129997
72.529999
72.010002
71.980003
72.309998
72.309998
72.489998
72.839996
73.860001
73.43
73.459999
72.470001
70.809998
70.209999
71.669998
71.940002
71.660004
69.480003
69.370003
68.769997
69.849998
70.110001
70.370003
70.32
69.239998
68.589996
68.650002
68.25
69.300003
66.739998
66.879997
64.459999
64.720001
66.75
69.199997
68.779999
68.18
69.089996
70.68
71.839996
72.529999
73.330002
73.419998
73.620003
73.779999
75.120003
75.519997
76.260002
76.650002
76.169998
75.300003
77.0
76.919998
76.410004
76.949997
76.57
75.830002
75.550003
75.339996
74.800003
76.57
77.480003
79.07
78.540001
79.559998
78.879997
79.709999
79.790001
78.82
78.57
78.449997
79.440002
79.75
79.540001
77.160004
76.139999
75.279999
74.93
76.940002
78.709999
78.879997
78.419998
79.129997
79.800003
79.400002
79.339996
78.669998
78.639999
80.830002
83.489998
83.309998
83.779999
85.110001
83.940002
83.230003
84.43
85.400002
84.669998
85.870003
84.809998
83.75
85.290001
86.260002
86.540001
86.559998
87.660004
87.739998
87.330002
87.120003
87.290001
86.809998
86.57
86.540001
87.510002
88.470001
88.720001
90.370003
91.309998
92.519997
93.040001
93.790001
94.760002
93.809998
94.989998
95.209999
95.25
95.529999
94.699997
95.809998
95.150002
94.760002
95.220001
97.029999
94.959999
90.720001
92.769997
93.580002
89.18
91.610001
93.300003
93.839996
97.400002
97.669998
97.82
97.199997
98.410004
96.669998
98.68
99.669998
98.610001
97.220001
96.93
98.290001
98.849998
100.650002
101.169998
100.339996
102.209999
100.82
99.400002
97.720001
98.050003
98.940002
98.029999
98.559998
98.989998
94.760002
91.690002
96.139999
94.43
94.269997
95.93
93.82
95.440002
96.730003
97.940002
94.919998
95.550003
97.379997
96.260002
98.480003
96.07
96.110001
92.739998
93.279999
95.040001
increase
