38.0
38.16
38.009998
38.490002
38.790001
39.59
39.189999
39.189999
39.34
38.540001
38.290001
39.009998
39.200001
39.080002
39.099998
39.259998
38.98
38.970001
38.82
38.099998
38.669998
38.849998
39.490002
39.779999
40.330002
40.34
40.91
41.099998
41.689999
41.66
41.990002
41.790001
41.720001
41.889999
40.939999
40.689999
40.970001
41.220001
41.09
41.439999
41.279999
41.799999
40.389999
40.279999
39.939999
39.5
39.59
39.25
39.860001
38.869999
38.919998
38.360001
38.709999
38.25
38.57
38.759998
38.77
39.02
39.310001
39.200001
39.200001
39.18
39.34
39.490002
39.630001
39.470001
39.75
39.349998
39.43
39.52
40.450001
40.34
40.009998
39.700001
39.599998
39.610001
39.919998
40.630001
40.73
41.110001
41.900002
41.5
41.240002
40.27
40.52
40.799999
41.349998
40.650002
40.139999
40.200001
40.34
40.16
40.82
40.610001
41.060001
40.669998
41.169998
38.599998
38.209999
37.830002
37.900002
37.959999
37.599998
36.93
37.110001
37.299999
37.459999
37.470001
38.099998
37.91
37.810001
38.529999
37.82
38.48
37.970001
38.299999
38.59
38.349998
38.009998
37.799999
37.689999
37.419998
35.950001
36.009998
36.610001
36.470001
36.200001
36.900002
37.220001
36.549999
36.5
36.830002
36.27
36.790001
36.5
36.029999
36.080002
35.150002
35.68
35.540001
36.389999
36.209999
36.560001
36.849998
37.25
36.860001
37.18
37.07
36.16
35.830002
36.419998
36.41
35.869999
35.549999
36.25
37.189999
37.540001
38.43
40.32
39.52
38.630001
37.889999
37.950001
38.439999
39.509998
38.580002
39.119999
39.709999
39.540001
39.139999
39.380001
40.810001
40.779999
40.82
40.41
40.290001
40.049999
41.07
40.41
40.669998
41.040001
40.48
40.610001
41.09
42.599998
42.439999
41.82
41.68
41.849998
42.5
42.889999
42.439999
42.990002
42.139999
42.799999
41.98
42.34
42.529999
41.889999
41.110001
39.200001
39.669998
40.150002
38.189999
38.57
38.540001
38.959999
39.43
40.080002
39.790001
39.470001
39.009998
38.799999
39.5
39.580002
36.66
36.209999
36.540001
36.490002
36.779999
36.869999
36.119999
36.880001
37.130001
36.959999
36.43
36.02
36.150002
35.830002
35.299999
34.57
34.490002
33.23
33.169998
33.540001
32.990002
33.279999
34.169998
33.52
33.470001
34.310001
34.599998
34.119999
33.950001
33.860001
33.560001
33.130001
33.02
33.529999
33.27
33.27
33.48
decrease
