119.110001
118.769997
119.760002
119.940002
120.040001
115.120003
116.190002
116.639999
117.260002
118.029999
118.639999
118.760002
117.099998
117.639999
117.050003
116.790001
116.169998
117.25
116.68
115.120003
115.760002
116.830002
116.910004
118.199997
117.769997
118.07
117.980003
117.199997
117.290001
117.82
116.93
118.190002
117.220001
119.410004
122.290001
124.389999
125.589996
126.07
127.32
126.779999
126.18
127.440002
126.07
124.900002
124.059998
124.120003
123.650002
124.620003
126.769997
125.040001
125.239998
126.300003
125.949997
123.690002
124.830002
124.110001
123.160004
123.389999
123.389999
120.57
120.639999
120.559998
120.169998
120.559998
121.0
120.419998
121.889999
121.830002
121.360001
121.279999
122.620003
123.790001
124.160004
124.989998
125.830002
124.970001
124.760002
126.190002
124.190002
123.260002
124.68
125.919998
126.220001
125.360001
125.389999
125.279999
126.370003
125.949997
125.919998
127.099998
126.93
126.379997
126.059998
125.800003
126.25
125.459999
128.419998
125.739998
128.039993
128.800003
130.059998
130.869995
132.119995
131.289993
131.300003
131.809998
133.800003
133.800003
134.169998
134.300003
133.089996
134.529999
135.860001
135.679993
136.399994
137.330002
136.880005
138.020004
137.199997
137.990005
137.229996
137.190002
137.710007
137.309998
137.520004
136.190002
136.369995
134.949997
135.130005
134.610001
134.070007
133.850006
136.600006
137.550003
136.110001
137.169998
136.139999
140.300003
140.059998
138.160004
137.550003
137.600006
138.039993
137.880005
140.149994
140.199997
139.669998
140.089996
139.490005
141.899994
142.580002
141.869995
141.860001
142.070007
145.119995
147.830002
149.539993
150.789993
153.410004
152.110001
152.75
152.070007
152.820007
152.710007
153.029999
151.610001
150.419998
151.070007
151.279999
150.160004
149.440002
150.880005
148.979996
148.940002
145.949997
146.309998
146.050003
144.789993
147.110001
148.679993
149.649994
151.729996
152.630005
152.899994
152.809998
152.729996
152.199997
151.449997
152.210007
154.279999
155.449997
154.25
154.990005
154.169998
155.160004
153.449997
153.330002
153.479996
158.910004
159.110001
153.960007
157.649994
159.929993
153.039993
156.850006
160.130005
160.160004
162.149994
165.110001
162.380005
163.350006
161.779999
160.529999
164.020004
166.899994
166.690002
166.160004
162.259995
166.259995
168.490005
169.589996
168.580002
168.440002
171.419998
169.179993
164.809998
162.949997
165.389999
165.119995
163.539993
164.179993
164.5
160.160004
158.119995
161.710007
159.0
158.839996
161.740005
157.699997
160.570007
160.490005
162.990005
158.259995
159.179993
163.589996
161.259995
164.210007
163.419998
164.020004
164.759995
165.199997
164.470001
increase
