478.390015
479.089996
468.790009
471.76001
482.98999
482.0
474.470001
477.579987
486.859985
479.970001
472.399994
475.299988
471.149994
479.130005
486.420013
488.519989
489.329987
495.309998
496.140015
479.829987
484.73999
484.98999
482.790009
475.0
478.799988
481.390015
480.149994
475.700012
477.350006
483.600006
478.070007
472.600006
470.480011
462.230011
459.690002
460.850006
461.549988
464.220001
459.690002
455.670013
451.089996
458.910004
425.600006
417.600006
420.920013
415.279999
413.98999
413.980011
416.869995
419.179993
416.100006
417.329987
413.25
412.76001
413.890015
407.549988
396.079987
396.950012
400.040009
395.829987
392.0
374.980011
372.829987
356.049988
345.339996
339.980011
348.619995
340.600006
349.839996
350.5
343.769989
347.23999
351.059998
345.359985
344.559998
339.450012
333.640015
334.609985
322.649994
326.410004
322.399994
322.779999
320.130005
317.920013
311.23999
308.589996
305.51001
297.089996
301.920013
308.790009
312.019989
310.369995
315.130005
316.709991
319.950012
308.320007
317.880005
317.25
300.029999
305.140015
308.829987
311.600006
310.589996
313.089996
301.869995
303.410004
312.390015
313.220001
314.309998
320.829987
319.209991
313.850006
316.529999
307.829987
301.809998
302.98999
306.809998
310.350006
307.640015
303.920013
310.880005
311.48999
314.170013
326.450012
320.390015
329.299988
318.23999
325.269989
324.76001
320.450012
324.299988
277.01001
281.519989
276.119995
268.700012
271.899994
270.200012
279.459991
273.529999
275.769989
274.5
273.899994
275.0
279.450012
277.5
280.899994
285.450012
283.700012
289.839996
283.25
279.51001
281.269989
279.309998
274.519989
285.859985
301.98999
304.390015
307.589996
315.600006
315.559998
310.670013
313.649994
315.899994
313.390015
318.380005
319.700012
314.019989
312.119995
313.420013
313.170013
298.670013
292.399994
295.230011
295.519989
295.420013
294.820007
289.029999
292.950012
309.0
307.109985
313.790009
318.470001
319.369995
321.799988
325.5
327.339996
327.369995
334.630005
337.529999
343.869995
330.0
328.709991
329.529999
333.970001
330.230011
332.329987
322.079987
324.76001
314.720001
311.640015
300.299988
304.329987
272.209991
266.01001
255.460007
254.449997
251.330002
289.910004
286.649994
305.630005
317.570007
320.959991
313.910004
315.820007
311.890015
319.149994
318.410004
313.26001
319.98999
320.160004
318.040009
319.950012
321.859985
322.160004
323.76001
326.799988
319.660004
318.910004
320.200012
316.799988
320.170013
334.519989
336.709991
322.299988
327.859985
322.959991
319.51001
323.109985
311.160004
316.660004
325.839996
327.709991
318.070007
317.100006
321.769989
321.75
325.079987
318.359985
326.600006
334.609985
339.359985
338.459991
decrease
