146.139999
145.559998
149.100006
152.110001
152.070007
151.059998
150.940002
151.330002
160.559998
158.630005
156.039993
155.479996
156.289993
157.75
159.240005
158.850006
156.979996
156.600006
157.419998
153.309998
151.839996
154.899994
155.389999
155.300003
155.080002
155.860001
156.639999
157.339996
157.699997
160.630005
158.139999
156.100006
157.160004
156.279999
158.369995
159.229996
160.449997
160.389999
159.490005
161.699997
161.559998
164.100006
162.490005
159.190002
158.960007
159.139999
158.899994
158.199997
161.570007
160.119995
162.220001
163.360001
164.100006
164.210007
164.699997
165.080002
164.770004
165.320007
165.169998
165.860001
166.139999
164.820007
164.639999
164.429993
165.220001
166.470001
167.699997
165.970001
165.779999
167.220001
167.899994
157.479996
157.779999
157.740005
160.160004
160.029999
159.820007
159.399994
155.830002
155.649994
156.240005
155.589996
154.380005
151.279999
150.789993
152.059998
153.100006
152.380005
151.800003
152.100006
152.710007
154.839996
157.789993
159.380005
159.360001
159.070007
159.479996
161.850006
162.820007
164.669998
165.509995
166.509995
166.679993
165.229996
166.940002
167.5
167.220001
166.479996
167.979996
167.779999
167.800003
168.350006
168.330002
168.029999
169.330002
170.820007
171.75
171.710007
172.110001
171.740005
172.960007
172.330002
171.910004
172.619995
174.130005
174.720001
175.020004
175.309998
177.100006
177.229996
178.399994
176.919998
178.639999
179.5
180.350006
176.880005
172.830002
173.289993
173.070007
172.589996
171.860001
171.380005
167.960007
168.949997
169.199997
169.119995
166.839996
167.130005
159.410004
159.800003
160.639999
163.389999
160.660004
161.160004
164.520004
164.520004
167.399994
165.009995
164.960007
164.839996
165.380005
169.300003
170.880005
170.770004
169.220001
169.580002
168.550003
169.630005
172.039993
174.0
175.149994
174.660004
175.759995
176.139999
176.240005
177.199997
176.639999
177.059998
179.009995
181.75
181.460007
182.119995
181.960007
180.559998
183.899994
184.179993
182.550003
183.690002
183.720001
189.080002
189.580002
188.429993
188.350006
189.399994
192.5
190.809998
187.25
188.0
189.169998
184.309998
179.009995
174.830002
172.740005
165.729996
164.050003
165.770004
165.630005
166.0
165.020004
165.600006
166.820007
166.279999
167.020004
169.529999
171.639999
170.059998
168.169998
160.889999
158.940002
160.940002
160.649994
159.25
159.199997
162.369995
160.059998
160.350006
159.610001
160.160004
162.570007
159.610001
161.0
161.479996
157.550003
155.419998
160.720001
158.75
159.669998
162.089996
158.729996
160.100006
160.949997
162.419998
157.899994
156.5
161.919998
158.860001
161.789993
162.389999
166.669998
167.470001
170.830002
169.520004
decrease
