44.82
45.189999
45.470001
45.509998
45.360001
45.490002
45.400002
45.150002
45.32
44.98
45.130001
45.439999
45.48
44.900002
45.18
45.200001
45.540001
45.709999
45.310001
45.560001
45.75
46.049999
46.470001
46.669998
46.82
47.41
47.41
47.48
47.41
47.68
47.790001
47.32
47.32
47.52
46.919998
46.98
47.02
47.27
47.740002
48.080002
48.25
47.959999
48.02
47.709999
47.619999
47.310001
47.560001
47.02
46.599998
46.330002
46.25
46.0
45.810001
45.700001
45.75
45.59
45.57
46.040001
45.700001
45.900002
46.0
46.099998
46.240002
46.59
46.75
46.389999
46.16
46.529999
46.889999
46.299999
46.240002
46.639999
46.639999
47.02
47.029999
47.189999
47.419998
47.380001
47.48
47.310001
47.459999
47.759998
48.009998
47.84
48.209999
48.279999
48.259998
48.580002
48.34
48.5
48.630001
48.740002
48.57
48.540001
48.419998
48.43
48.18
48.459999
48.66
49.099998
48.080002
47.5
47.889999
47.869999
47.630001
47.389999
47.07
47.060001
46.470001
47.099998
46.939999
46.23
46.349998
46.32
46.419998
45.970001
46.490002
46.529999
46.299999
46.48
47.0
47.349998
47.720001
47.540001
47.41
47.810001
47.810001
48.189999
48.18
48.209999
48.419998
47.970001
47.939999
48.200001
47.799999
48.369999
48.07
48.119999
48.130001
48.049999
48.91
49.130001
49.279999
49.27
49.630001
50.549999
50.220001
50.169998
49.59
49.41
49.48
49.400002
49.439999
49.75
49.700001
49.610001
49.900002
49.740002
49.759998
49.310001
49.41
49.580002
49.869999
50.09
49.169998
49.25
49.07
49.25
48.650002
47.720001
47.16
47.259998
47.349998
46.810001
47.209999
47.389999
47.299999
46.950001
46.66
46.139999
45.810001
46.34
45.709999
44.98
44.389999
44.009998
44.259998
44.549999
44.099998
44.049999
44.16
44.459999
44.259998
45.0
44.790001
44.099998
44.32
44.75
44.16
43.48
42.73
42.16
42.16
41.77
42.790001
42.880001
43.049999
42.900002
43.740002
44.200001
43.360001
43.02
43.009998
43.860001
43.77
42.75
42.450001
42.360001
42.59
43.290001
42.689999
42.490002
42.560001
42.860001
43.09
42.959999
43.32
43.709999
44.279999
43.98
43.990002
43.810001
43.950001
43.25
43.82
44.75
45.07
45.290001
45.009998
45.279999
45.310001
45.560001
45.32
45.099998
44.630001
44.549999
43.959999
44.209999
45.0
45.259998
45.07
45.369999
decrease
