71.730003
70.639999
71.989998
73.449997
72.800003
72.949997
74.400002
75.330002
76.989998
76.040001
75.870003
76.879997
75.790001
75.730003
77.360001
76.239998
75.669998
76.400002
76.440002
75.419998
75.620003
75.07
74.019997
73.989998
74.75
75.25
74.57
73.459999
72.629997
75.25
75.190002
75.599998
76.230003
77.620003
77.669998
77.5
76.489998
78.059998
78.360001
79.019997
78.629997
78.629997
78.32
80.120003
83.0
84.150002
82.349998
81.010002
81.360001
79.949997
79.879997
80.139999
81.589996
79.699997
81.260002
81.129997
81.980003
82.5
82.400002
82.800003
83.690002
84.440002
84.650002
85.400002
84.730003
84.199997
82.849998
83.389999
81.169998
82.690002
79.419998
80.449997
81.790001
83.190002
82.379997
82.599998
82.720001
82.730003
81.410004
82.139999
82.949997
82.849998
82.870003
83.620003
83.489998
84.260002
86.25
85.699997
86.0
85.900002
86.339996
86.220001
86.43
88.849998
88.620003
88.629997
88.32
89.080002
89.540001
90.540001
90.879997
98.160004
95.919998
95.980003
94.580002
89.779999
90.760002
90.739998
92.220001
90.330002
92.32
93.720001
95.839996
96.769997
96.959999
96.970001
96.769997
97.349998
98.010002
97.220001
96.349998
96.050003
93.68
90.559998
90.919998
93.800003
93.540001
94.699997
96.5
97.989998
93.019997
90.760002
91.129997
94.410004
93.809998
93.669998
96.650002
95.809998
96.029999
95.32
94.809998
93.150002
93.279999
93.68
94.360001
93.029999
92.150002
95.940002
95.139999
93.779999
93.919998
96.949997
97.169998
98.089996
97.809998
99.010002
102.089996
101.099998
98.279999
99.730003
98.510002
100.900002
101.339996
99.699997
100.860001
101.190002
99.019997
94.860001
97.93
100.940002
102.949997
102.589996
102.160004
102.260002
103.019997
102.900002
100.879997
102.589996
104.43
102.5
105.489998
104.919998
105.970001
105.800003
106.779999
109.480003
109.300003
111.349998
111.0
110.669998
111.589996
110.970001
111.019997
110.660004
110.800003
111.269997
108.690002
107.239998
106.730003
103.75
99.379997
103.669998
104.379997
100.360001
101.660004
103.089996
103.0
102.129997
99.760002
100.220001
100.260002
100.199997
99.489998
100.449997
102.68
102.370003
101.419998
99.809998
100.779999
101.919998
101.029999
101.709999
100.279999
102.660004
100.300003
101.669998
103.559998
105.239998
105.610001
104.410004
103.650002
104.690002
103.839996
101.470001
101.699997
101.139999
100.349998
106.870003
106.25
106.209999
106.410004
108.949997
107.029999
106.580002
107.959999
105.93
106.019997
106.639999
109.919998
112.110001
112.220001
111.370003
decrease
