27.9
28.120001
28.32
28.389999
28.33
28.639999
28.530001
28.309999
28.190001
28.1
27.98
28.049999
27.870001
27.450001
27.540001
27.42
27.290001
27.42
27.190001
27.17
27.209999
27.48
27.700001
27.75
27.969999
28.18
28.33
28.389999
28.610001
28.93
28.879999
28.549999
28.5
28.32
28.209999
28.24
28.110001
28.129999
28.370001
28.610001
28.879999
28.709999
28.41
27.98
28.09
28.049999
28.379999
28.18
27.83
27.459999
27.379999
27.58
27.450001
27.280001
27.32
27.27
27.16
27.48
27.360001
27.620001
27.77
27.780001
27.629999
28.049999
28.15
28.17
27.92
28.08
28.129999
28.139999
28.190001
28.25
28.17
28.469999
28.540001
28.74
29.049999
29.059999
29.129999
28.82
28.799999
28.84
28.950001
28.77
29.01
29.280001
29.51
29.73
29.639999
29.73
29.93
29.889999
29.66
29.620001
29.629999
29.620001
29.440001
29.959999
30.01
30.450001
29.98
29.940001
30.139999
30.27
29.98
29.969999
29.700001
29.49
29.200001
29.66
29.639999
29.08
29.15
29.209999
28.959999
28.780001
28.99
29.059999
28.879999
28.73
29.120001
29.309999
29.719999
29.360001
29.459999
29.530001
29.58
29.75
29.700001
29.67
29.59
29.379999
29.49
29.75
29.469999
29.58
29.709999
29.74
29.59
29.719999
29.950001
29.950001
29.809999
29.41
29.629999
29.950001
29.35
29.030001
29.0
29.120001
29.09
29.15
29.030001
29.540001
29.58
29.67
30.01
29.530001
29.360001
28.91
29.01
28.860001
28.91
28.85
28.379999
28.4
28.620001
28.799999
28.459999
28.01
28.02
27.77
28.07
28.030001
28.15
28.360001
28.360001
28.02
27.959999
27.99
27.870001
28.040001
27.76
27.26
27.43
27.370001
27.52
27.879999
27.83
27.799999
27.790001
28.08
28.139999
28.379999
28.459999
27.73
27.82
28.18
27.719999
27.549999
26.91
26.32
26.360001
25.85
26.5
26.73
26.77
26.190001
26.76
26.91
26.73
26.23
27.0
27.73
27.790001
27.25
27.049999
26.719999
26.690001
27.15
26.77
26.709999
27.09
27.129999
27.43
27.309999
27.049999
26.92
27.15
26.950001
26.809999
26.84
26.73
26.5
26.84
27.09
26.950001
27.4
26.98
27.08
27.200001
27.290001
26.889999
27.129999
27.1
26.83
26.530001
26.67
27.07
27.17
27.139999
26.98
decrease
