83.720001
82.669998
84.68
85.580002
83.059998
82.309998
80.379997
81.57
82.459999
82.489998
82.489998
82.269997
82.120003
82.32
81.669998
80.160004
79.400002
81.150002
80.690002
78.470001
79.269997
80.269997
79.629997
80.339996
79.919998
79.510002
79.790001
78.279999
76.919998
77.919998
78.040001
78.330002
78.269997
78.900002
79.419998
80.07
80.169998
80.57
80.089996
81.349998
81.309998
81.730003
81.220001
80.879997
80.389999
79.519997
80.589996
81.379997
82.980003
81.470001
82.620003
83.559998
82.699997
82.110001
82.5
82.050003
81.040001
82.199997
82.589996
82.5
82.169998
81.57
81.379997
81.010002
87.940002
87.120003
87.089996
85.709999
84.800003
84.970001
86.18
86.010002
85.709999
84.589996
84.410004
85.150002
85.510002
85.139999
83.059998
82.800003
84.260002
84.150002
83.82
81.989998
81.529999
81.419998
81.440002
81.290001
81.43
81.489998
80.550003
79.739998
80.089996
79.610001
80.309998
78.660004
79.470001
78.230003
78.209999
79.059998
79.57
80.209999
78.699997
80.040001
80.25
80.959999
81.800003
81.580002
81.940002
82.480003
82.800003
83.93
84.120003
84.660004
85.919998
86.370003
86.339996
87.089996
87.040001
87.300003
87.300003
86.75
84.589996
85.360001
86.849998
86.07
86.660004
87.480003
89.669998
89.720001
89.519997
90.82
92.519997
92.779999
92.43
92.18
91.900002
92.449997
91.599998
92.300003
90.120003
88.970001
88.110001
87.150002
86.949997
86.0
87.629997
87.150002
87.830002
88.269997
87.949997
87.260002
87.379997
86.870003
89.75
90.970001
92.0
92.720001
94.889999
93.910004
93.870003
95.07
95.790001
95.970001
96.209999
94.720001
94.059998
96.309998
99.309998
98.739998
98.589996
99.519997
100.5
99.919998
99.75
100.300003
99.580002
99.610001
99.440002
101.419998
101.43
100.800003
101.690002
103.139999
104.419998
105.43
104.419998
104.389999
103.410004
104.379997
105.489998
105.709999
105.260002
104.260002
104.900002
104.599998
103.470001
103.959999
104.720001
101.57
97.0
98.440002
98.120003
91.800003
92.019997
95.190002
95.309998
97.379997
98.669998
99.529999
98.459999
97.389999
96.669998
99.040001
100.75
99.25
97.93
96.510002
96.720001
97.900002
98.040001
97.629997
98.150002
100.790001
100.459999
98.82
97.199997
98.050003
99.360001
98.650002
98.669998
98.18
94.650002
92.389999
95.07
93.620003
94.269997
95.82
93.75
95.440002
96.349998
97.519997
94.720001
95.5
96.82
95.349998
96.879997
96.389999
96.900002
97.480003
97.139999
98.349998
decrease
