24.469999
24.08
23.73
24.41
24.309999
24.120001
23.24
23.799999
24.129999
24.25
23.48
24.17
23.709999
23.82
24.879999
24.809999
24.34
24.26
23.82
23.219999
23.07
23.48
23.48
23.549999
22.82
22.85
22.959999
22.459999
22.190001
22.15
21.59
21.5
22.0
22.1
22.32
22.879999
22.780001
23.370001
23.1
23.34
23.120001
22.59
22.4
22.35
22.860001
23.74
24.299999
24.5
24.48
24.82
25.08
25.129999
24.9
24.26
24.26
24.67
24.889999
25.09
25.42
25.35
25.43
24.82
25.17
25.0
24.98
24.780001
25.120001
25.16
25.18
25.5
24.870001
25.360001
24.57
24.57
24.709999
24.370001
24.57
24.83
24.58
24.610001
24.450001
24.59
24.540001
24.530001
24.389999
24.5
24.98
24.9
24.98
24.85
24.76
24.870001
24.790001
25.549999
26.870001
26.959999
26.92
26.639999
25.969999
26.030001
26.33
26.41
26.74
26.809999
26.52
26.209999
26.290001
26.41
26.58
26.799999
26.870001
26.83
26.82
26.75
26.77
26.58
26.43
26.389999
25.709999
25.440001
25.360001
25.51
26.0
26.0
25.690001
25.879999
25.620001
25.48
25.530001
25.23
24.92
24.42
24.65
26.75
27.190001
27.700001
27.91
28.26
28.23
28.780001
27.84
27.82
28.559999
28.99
29.059999
28.459999
28.450001
28.74
29.389999
29.01
29.07
29.440001
29.25
29.139999
29.1
29.17
28.950001
28.68
28.57
28.33
28.049999
27.780001
27.75
28.33
27.6
27.76
27.26
26.639999
27.09
26.82
26.969999
27.719999
27.59
28.1
28.129999
28.540001
28.6
28.9
29.030001
28.91
28.76
28.91
29.120001
27.959999
28.4
28.879999
28.030001
27.98
27.57
27.51
28.110001
28.360001
28.110001
27.620001
27.83
27.059999
26.690001
26.35
26.200001
25.190001
24.08
24.6
23.370001
23.01
23.639999
23.84
23.73
24.0
24.049999
23.889999
23.92
23.25
23.879999
24.459999
24.940001
24.24
24.16
24.92
25.26
25.309999
25.190001
25.41
24.950001
25.52
25.52
25.639999
25.57
25.049999
24.99
24.41
24.07
24.389999
23.959999
23.51
23.969999
23.790001
23.719999
23.98
23.15
23.540001
23.709999
23.940001
23.17
22.950001
23.549999
23.5
23.559999
23.67
23.959999
23.84
24.040001
23.559999
decrease
