99.589996
104.699997
105.419998
105.510002
105.139999
104.480003
104.089996
103.349998
104.050003
103.32
103.440002
104.059998
104.040001
105.07
104.559998
104.360001
103.309998
103.739998
103.989998
102.07
102.050003
102.650002
103.739998
103.68
103.959999
106.910004
107.300003
107.230003
109.050003
108.0
108.230003
106.830002
105.25
104.879997
105.5
104.989998
104.470001
105.940002
106.5
107.089996
107.32
106.529999
105.449997
105.07
103.989998
104.940002
103.879997
103.459999
104.07
104.169998
105.080002
105.610001
106.089996
105.400002
106.360001
107.620003
108.25
109.029999
109.07
110.510002
110.309998
109.57
110.639999
109.349998
109.309998
109.860001
109.730003
109.550003
109.019997
113.730003
106.529999
111.32
112.360001
118.440002
119.0
127.07
125.699997
126.43
125.75
124.580002
125.739998
124.830002
125.449997
122.889999
124.519997
123.690002
124.290001
124.589996
129.279999
129.089996
127.989998
130.740005
130.539993
131.050003
130.610001
131.0
130.550003
131.350006
130.949997
130.809998
130.970001
131.210007
131.350006
131.089996
130.559998
130.570007
130.149994
130.389999
130.479996
130.009995
129.910004
130.220001
130.110001
130.710007
131.460007
132.220001
133.160004
132.899994
132.619995
133.199997
133.960007
134.600006
134.940002
134.710007
134.679993
134.529999
134.610001
134.570007
135.0
134.990005
135.119995
134.919998
135.050003
135.300003
135.690002
135.600006
135.850006
136.020004
135.929993
135.039993
134.979996
134.550003
133.490005
133.580002
133.369995
132.880005
132.050003
132.610001
132.270004
132.470001
132.759995
132.529999
132.580002
132.410004
132.330002
131.979996
132.309998
132.899994
132.839996
133.039993
133.229996
133.610001
134.610001
134.520004
134.520004
134.210007
133.710007
134.529999
134.830002
134.889999
135.070007
134.979996
135.089996
134.929993
135.309998
135.699997
135.619995
135.880005
136.550003
136.429993
136.660004
136.889999
137.940002
137.949997
137.789993
137.830002
136.649994
136.850006
137.399994
137.669998
137.350006
137.449997
137.850006
138.559998
139.369995
138.259995
137.789993
138.490005
139.410004
137.679993
134.25
135.020004
135.399994
133.309998
133.240005
134.679993
134.059998
134.440002
136.139999
135.919998
135.259995
136.580002
137.529999
137.130005
138.100006
137.669998
137.720001
136.039993
135.979996
137.009995
136.389999
136.25
136.490005
137.820007
136.429993
136.039993
135.740005
135.5
135.869995
136.380005
136.520004
136.059998
134.970001
134.539993
136.070007
135.970001
135.300003
134.850006
134.410004
135.380005
135.009995
135.309998
133.899994
133.869995
133.850006
133.940002
133.960007
133.770004
134.660004
135.020004
135.009995
133.360001
decrease
