200.5
199.139999
201.539993
201.320007
199.990005
199.369995
200.330002
201.050003
202.119995
202.220001
204.889999
205.710007
206.399994
207.649994
207.339996
207.399994
207.589996
209.869995
210.460007
209.410004
210.389999
212.619995
217.339996
217.080002
217.669998
218.320007
217.460007
218.199997
218.75
219.789993
238.320007
240.889999
241.619995
243.100006
241.759995
237.429993
236.75
240.880005
238.990005
239.839996
238.949997
242.110001
242.789993
243.860001
245.059998
246.190002
246.759995
243.25
242.350006
237.119995
239.419998
236.380005
238.029999
236.190002
242.729996
244.139999
244.529999
247.910004
246.449997
250.360001
251.979996
253.199997
254.899994
254.0
248.410004
250.619995
250.830002
247.009995
246.639999
246.600006
243.869995
245.289993
244.270004
244.779999
243.720001
244.630005
243.589996
242.710007
239.990005
240.919998
243.279999
242.919998
244.570007
245.179993
245.050003
247.699997
249.119995
246.360001
245.660004
246.330002
247.630005
246.149994
246.110001
250.830002
236.179993
239.910004
241.139999
244.809998
251.479996
253.389999
250.029999
246.600006
247.039993
245.210007
249.110001
235.990005
236.110001
232.410004
239.770004
239.850006
235.850006
235.419998
231.600006
237.110001
240.559998
240.119995
241.029999
241.669998
241.330002
236.619995
233.970001
237.520004
237.669998
236.0
236.949997
235.979996
235.779999
236.080002
235.350006
237.309998
239.550003
237.899994
240.410004
244.429993
242.75
240.259995
233.970001
226.899994
229.270004
227.639999
229.330002
230.479996
231.949997
229.059998
237.070007
236.779999
234.660004
239.449997
238.649994
239.940002
240.110001
238.899994
242.289993
243.289993
243.25
242.589996
241.179993
238.100006
229.740005
231.889999
234.070007
238.800003
226.559998
228.449997
229.660004
224.190002
224.860001
229.300003
224.059998
223.880005
224.610001
221.770004
219.800003
220.440002
221.190002
220.179993
217.880005
220.619995
226.740005
223.550003
230.5
231.649994
234.25
230.990005
228.639999
230.839996
230.960007
235.190002
235.520004
240.649994
241.309998
238.699997
239.330002
243.789993
245.580002
243.600006
242.860001
244.669998
243.610001
241.320007
230.990005
229.279999
230.470001
223.169998
226.759995
226.759995
225.820007
229.789993
232.529999
232.470001
230.369995
229.139999
227.970001
230.539993
232.839996
232.179993
230.520004
226.869995
234.380005
236.5
240.399994
246.229996
248.580002
251.429993
240.949997
236.860001
233.889999
234.009995
235.690002
232.850006
232.020004
228.339996
224.779999
218.740005
226.839996
225.089996
225.149994
228.809998
221.669998
221.309998
221.210007
223.550003
217.979996
219.830002
223.339996
220.610001
221.020004
221.369995
228.0
227.339996
226.990005
225.220001
decrease
