47.950001
47.740002
47.91
48.790001
48.34
47.860001
47.91
47.48
46.700001
47.080002
45.919998
46.77
47.130001
46.27
47.610001
47.419998
46.970001
47.439999
47.130001
46.41
46.419998
47.48
46.93
46.759998
46.669998
45.049999
45.349998
44.790001
44.689999
44.860001
44.259998
44.02
44.48
43.560001
43.07
44.82
45.720001
46.43
45.419998
45.389999
46.529999
46.360001
45.82
44.950001
44.810001
44.830002
44.23
43.970001
43.959999
44.080002
43.959999
45.66
44.16
43.310001
43.0
43.240002
43.349998
43.240002
43.25
43.450001
43.189999
43.07
43.66
43.23
42.650002
42.610001
43.650002
43.700001
44.66
45.259998
45.369999
44.75
45.610001
44.91
45.560001
45.169998
45.630001
45.650002
44.970001
44.790001
44.540001
44.5
43.689999
43.0
43.110001
42.5
43.189999
43.689999
43.299999
43.580002
43.049999
42.849998
43.41
43.66
44.240002
44.389999
45.060001
45.110001
44.470001
44.93
44.93
45.560001
45.830002
46.509998
47.09
47.549999
48.330002
48.689999
49.080002
49.98
49.669998
50.220001
50.0
50.049999
50.310001
49.240002
49.310001
49.700001
48.860001
48.91
49.189999
49.599998
49.810001
49.400002
49.720001
49.720001
49.709999
49.709999
50.25
50.259998
50.990002
49.959999
51.459999
51.209999
51.389999
51.150002
52.099998
52.48
52.959999
53.669998
53.48
53.52
53.529999
52.990002
52.57
51.23
50.490002
50.220001
50.130001
50.080002
50.009998
50.220001
50.470001
49.16
50.130001
50.73
50.880001
51.740002
51.290001
51.23
50.380001
50.540001
51.57
51.689999
51.959999
51.68
52.310001
52.169998
52.34
52.68
54.25
55.950001
55.5
56.23
55.59
55.18
54.889999
55.32
56.34
56.990002
56.880001
57.459999
57.93
57.650002
59.18
60.049999
58.84
59.860001
59.759998
59.75
60.669998
60.470001
60.490002
59.48
60.389999
59.66
58.459999
58.810001
59.349998
57.720001
55.939999
55.939999
55.630001
53.240002
52.02
53.41
53.32
55.509998
54.540001
54.650002
54.84
53.75
54.91
57.049999
56.59
55.830002
54.310001
53.880001
54.060001
53.990002
54.060001
54.07
53.57
55.060001
54.740002
53.959999
53.959999
54.029999
54.93
53.57
54.700001
57.040001
56.5
57.740002
59.080002
59.139999
58.73
59.290001
58.09
60.029999
59.560001
60.459999
59.259998
60.619999
62.34
63.23
63.240002
64.900002
65.730003
66.510002
66.419998
66.309998
decrease
