170.149994
170.770004
172.330002
172.679993
176.800003
177.449997
177.520004
177.860001
178.589996
179.820007
182.449997
180.199997
172.639999
172.679993
171.350006
171.259995
170.880005
171.570007
171.0
169.149994
170.720001
171.639999
172.399994
172.470001
173.009995
174.729996
177.860001
178.919998
180.429993
180.630005
180.970001
182.080002
181.449997
182.199997
181.410004
180.380005
179.639999
180.509995
181.669998
180.059998
167.110001
164.339996
162.899994
163.149994
159.789993
157.130005
160.199997
159.259995
160.169998
158.679993
159.929993
158.820007
158.020004
157.089996
154.110001
151.0
151.110001
151.75
153.600006
153.0
152.839996
151.5
151.240005
150.990005
150.440002
151.0
153.169998
152.089996
152.520004
152.889999
158.509995
159.720001
161.279999
157.910004
156.440002
156.949997
157.75
156.860001
156.639999
156.649994
157.910004
156.880005
159.759995
158.570007
157.080002
157.070007
158.699997
159.369995
151.330002
152.449997
152.550003
153.559998
154.440002
156.740005
158.240005
159.139999
158.860001
159.279999
157.309998
157.360001
160.039993
162.990005
162.369995
162.300003
160.910004
161.559998
162.850006
161.479996
161.289993
162.330002
164.070007
164.419998
163.899994
164.289993
165.889999
165.080002
165.210007
167.070007
157.089996
154.610001
156.869995
157.869995
157.220001
159.850006
158.809998
158.380005
157.550003
158.460007
160.770004
162.039993
162.289993
162.179993
162.460007
162.380005
160.229996
161.080002
162.690002
164.949997
166.440002
165.050003
166.279999
169.050003
169.110001
171.360001
171.460007
171.440002
169.0
170.979996
170.979996
172.279999
173.419998
172.479996
171.619995
172.610001
173.649994
177.529999
184.429993
185.130005
189.559998
187.820007
187.220001
186.199997
188.070007
188.860001
188.300003
188.279999
186.529999
192.729996
192.309998
188.330002
187.509995
186.800003
186.630005
186.550003
186.300003
186.619995
186.119995
188.320007
190.580002
189.100006
187.75
188.479996
186.289993
185.419998
189.380005
191.839996
191.529999
192.289993
191.509995
192.289993
194.380005
193.419998
194.240005
197.949997
198.910004
198.320007
197.910004
194.869995
193.470001
190.990005
182.770004
185.009995
183.190002
178.610001
180.720001
181.059998
184.149994
187.350006
191.479996
191.559998
188.119995
185.75
186.589996
189.809998
192.809998
190.100006
190.899994
189.029999
189.330002
191.479996
191.460007
187.360001
185.690002
188.580002
189.369995
187.460007
184.630005
185.509995
185.869995
184.149994
187.350006
186.070007
182.639999
180.839996
187.220001
183.149994
183.610001
188.429993
182.75
182.610001
185.520004
186.25
183.960007
184.410004
183.550003
184.649994
188.820007
188.910004
194.580002
196.0
196.509995
195.070007
decrease
