17.9
17.6
17.83
18.219999
18.120001
18.01
17.85
18.120001
18.059999
18.110001
18.33
18.07
18.02
17.83
19.950001
19.6
19.58
19.17
18.870001
18.66
18.629999
18.75
18.809999
18.98
18.9
18.73
19.059999
18.870001
18.940001
19.32
19.09
19.01
19.08
18.83
18.49
18.74
19.299999
19.34
19.209999
19.0
19.049999
19.309999
19.059999
18.98
19.08
19.139999
19.200001
18.82
18.809999
18.9
18.76
19.139999
18.860001
18.790001
18.790001
18.43
18.219999
18.15
18.26
18.379999
18.440001
18.5
18.700001
18.889999
18.92
19.18
19.530001
19.809999
20.34
20.540001
20.48
20.23
20.18
19.93
19.709999
20.040001
19.9
19.860001
19.459999
19.48
19.700001
19.559999
19.67
19.16
19.23
19.549999
17.709999
16.74
16.24
16.4
16.09
16.51
16.530001
16.58
16.549999
16.370001
16.49
16.35
16.469999
16.719999
17.059999
17.17
17.16
16.860001
16.93
16.620001
16.65
16.0
16.15
16.24
16.280001
16.309999
16.15
16.530001
16.65
16.719999
16.639999
16.9
16.879999
16.75
16.809999
16.85
16.76
17.059999
16.83
16.0
15.76
15.83
15.85
15.45
15.35
15.25
15.24
14.91
14.97
15.4
15.31
14.46
14.36
14.52
14.45
14.76
16.799999
16.309999
16.75
16.950001
16.82
16.85
17.049999
17.1
16.870001
16.98
17.0
17.0
17.200001
17.09
17.23
17.049999
17.559999
17.639999
17.629999
17.6
17.780001
17.91
18.620001
19.42
19.540001
19.780001
19.700001
19.379999
19.450001
19.75
19.93
20.15
19.85
20.07
19.889999
19.879999
19.77
20.08
20.4
20.32
20.59
20.52
20.52
20.780001
20.4
20.700001
20.01
20.530001
20.889999
20.77
20.379999
20.25
20.219999
19.700001
19.690001
19.610001
18.860001
18.049999
17.280001
17.43
17.48
19.959999
19.860001
20.42
20.559999
21.25
21.530001
21.450001
21.190001
20.799999
20.66
20.76
20.639999
19.85
19.32
19.040001
19.450001
19.34
19.25
19.209999
19.32
19.4
19.190001
19.200001
18.969999
18.57
18.82
18.58
18.370001
18.360001
18.200001
18.07
18.459999
18.290001
18.25
18.299999
17.68
18.24
18.290001
18.450001
18.290001
18.33
18.129999
18.27
18.0
17.66
17.719999
17.83
17.68
17.17
decrease
