57.5
57.349998
57.98
57.59
57.400002
57.110001
57.540001
56.860001
56.91
56.810001
57.240002
57.400002
57.849998
57.169998
57.5
57.639999
57.220001
57.490002
57.110001
57.41
56.939999
55.779999
57.490002
58.119999
58.380001
58.830002
58.959999
57.880001
57.650002
57.959999
57.73
57.48
57.57
57.349998
56.66
56.540001
56.889999
56.970001
56.990002
56.959999
55.049999
54.82
54.669998
54.099998
53.950001
53.580002
53.790001
52.880001
52.889999
51.990002
52.150002
52.189999
52.0
51.68
51.580002
50.959999
51.110001
51.389999
51.349998
51.73
51.790001
50.990002
52.57
51.919998
52.0
52.009998
52.529999
52.610001
53.07
52.849998
52.830002
52.52
52.709999
53.009998
53.18
53.240002
53.25
53.209999
53.25
53.610001
53.849998
53.73
53.990002
53.959999
53.689999
53.82
54.0
54.189999
52.48
51.400002
50.740002
50.810001
50.25
46.200001
45.400002
46.669998
47.529999
47.389999
47.919998
47.73
47.380001
47.689999
47.75
48.73
48.07
47.32
46.509998
45.66
45.130001
46.580002
46.669998
47.049999
47.049999
46.82
46.860001
46.189999
46.560001
46.59
46.48
45.509998
46.240002
45.740002
45.990002
46.18
46.650002
46.139999
45.639999
45.369999
45.970001
46.450001
46.130001
46.209999
47.52
48.130001
46.360001
47.369999
47.529999
46.849998
46.48
45.43
46.23
47.16
45.639999
47.419998
47.27
47.810001
46.419998
48.32
49.720001
49.93
45.84
46.77
46.040001
46.779999
46.939999
48.990002
49.299999
49.220001
50.32
49.830002
50.189999
49.279999
48.950001
48.549999
49.759998
49.189999
48.560001
49.59
49.66
48.779999
48.330002
48.669998
48.77
48.290001
48.580002
48.459999
48.110001
47.389999
46.720001
47.110001
47.290001
47.630001
47.299999
45.82
45.75
45.509998
46.439999
46.959999
46.25
47.389999
47.650002
47.57
47.099998
47.459999
47.34
46.950001
46.400002
46.549999
46.779999
44.599998
44.220001
45.139999
44.799999
44.830002
45.73
46.310001
46.650002
46.959999
47.700001
46.169998
46.080002
42.900002
43.959999
44.119999
44.369999
43.939999
43.049999
42.279999
42.02
43.52
43.900002
43.080002
43.139999
43.610001
43.59
43.939999
44.200001
43.310001
43.580002
43.599998
43.119999
42.169998
42.099998
42.27
42.470001
42.689999
43.41
43.310001
42.25
42.279999
43.23
43.48
43.73
43.259998
42.59
42.84
42.669998
42.450001
42.810001
42.529999
41.84
41.27
decrease
