84.050003
83.790001
84.169998
84.75
84.949997
85.849998
86.120003
86.660004
87.089996
86.550003
86.519997
86.970001
86.860001
87.129997
87.309998
87.709999
89.040001
89.800003
89.75
87.839996
87.75
87.400002
88.940002
88.489998
89.599998
91.269997
90.830002
90.860001
89.639999
90.050003
90.860001
91.379997
91.099998
91.389999
91.25
87.269997
86.18
87.269997
87.169998
86.269997
86.0
87.540001
86.919998
87.559998
88.470001
88.620003
88.110001
87.68
88.089996
86.800003
86.599998
86.099998
87.5
86.849998
87.919998
88.5
88.349998
90.400002
89.57
90.0
89.290001
89.269997
89.559998
90.540001
89.690002
89.669998
90.629997
91.07
90.510002
90.620003
90.800003
91.220001
89.889999
90.349998
90.449997
90.5
90.260002
90.120003
87.629997
88.290001
90.25
90.699997
92.239998
90.879997
90.760002
91.760002
92.949997
93.07
94.150002
94.099998
93.660004
93.830002
94.860001
95.489998
96.010002
96.18
95.82
96.730003
96.43
97.709999
96.849998
95.610001
95.300003
94.629997
95.739998
95.349998
95.209999
94.860001
94.940002
92.470001
92.339996
93.209999
92.599998
93.419998
93.940002
95.360001
95.519997
95.730003
96.32
96.269997
95.389999
96.010002
96.739998
96.940002
97.150002
96.720001
96.440002
97.190002
98.900002
98.440002
98.660004
99.589996
100.050003
100.699997
100.699997
102.339996
101.949997
102.599998
102.709999
102.419998
102.720001
105.029999
103.599998
105.239998
105.779999
106.230003
105.43
107.029999
107.580002
107.370003
108.800003
106.830002
107.150002
106.580002
106.459999
103.529999
104.32
103.830002
99.849998
100.690002
102.919998
104.07
103.440002
104.540001
103.669998
103.940002
104.239998
105.480003
105.080002
104.260002
103.389999
103.620003
102.629997
102.540001
102.650002
102.790001
102.230003
104.410004
105.290001
106.68
108.099998
108.860001
109.150002
108.800003
109.099998
110.239998
108.889999
110.040001
111.769997
111.93
112.889999
113.239998
112.849998
111.959999
113.699997
113.300003
112.230003
113.910004
112.739998
110.779999
107.650002
109.57
110.050003
104.029999
106.980003
108.550003
107.690002
109.019997
113.120003
112.860001
114.349998
114.480003
113.0
114.959999
116.650002
116.470001
116.25
119.43
121.919998
122.5
124.480003
125.330002
126.360001
127.410004
126.779999
126.730003
127.989998
127.220001
125.970001
124.980003
125.120003
121.699997
118.040001
114.43
118.970001
113.809998
112.879997
116.300003
115.300003
116.489998
119.480003
119.040001
116.099998
117.190002
119.489998
119.160004
121.400002
119.010002
119.410004
123.349998
124.459999
124.059998
decrease
