32.830002
32.82
33.279999
33.419998
33.400002
33.75
34.07
33.970001
34.240002
34.25
34.18
34.389999
34.290001
33.900002
33.740002
33.630001
33.450001
34.23
34.299999
33.82
31.379999
31.209999
31.59
31.76
31.49
31.440001
31.5
31.68
31.530001
31.82
31.98
31.76
31.559999
31.610001
31.610001
31.370001
31.25
31.700001
31.6
31.58
31.629999
31.99
31.85
31.84
31.85
32.09
32.240002
31.76
32.080002
31.41
31.299999
31.33
31.110001
30.719999
30.9
30.98
31.09
31.16
31.27
31.42
31.5
31.51
31.9
31.860001
31.84
31.860001
32.119999
31.66
31.57
31.52
31.450001
31.65
31.52
31.559999
31.799999
31.84
31.67
31.620001
31.0
31.469999
31.84
32.09
32.34
31.040001
30.370001
30.68
31.27
30.92
31.24
31.440001
31.540001
31.48
31.99
32.209999
32.299999
31.620001
31.870001
31.76
31.48
32.189999
32.41
32.18
32.189999
32.439999
32.52
32.490002
32.599998
32.700001
33.369999
33.720001
33.759998
33.48
33.349998
33.630001
33.75
33.849998
33.439999
33.59
33.75
33.759998
33.549999
33.59
33.259998
33.470001
33.540001
33.599998
33.549999
33.75
34.25
34.349998
34.580002
34.299999
34.27
34.43
34.040001
34.150002
34.619999
34.209999
34.470001
34.41
34.400002
34.5
34.049999
33.990002
33.950001
34.040001
34.110001
35.880001
35.900002
36.5
36.650002
36.450001
36.490002
36.869999
37.73
37.48
37.299999
37.599998
37.720001
37.310001
37.41
37.400002
37.610001
37.959999
37.91
38.150002
37.900002
38.189999
38.48
38.299999
38.740002
38.529999
38.549999
38.48
38.560001
38.59
38.299999
38.860001
39.169998
38.990002
39.529999
39.939999
39.689999
39.91
40.099998
40.869999
40.540001
41.200001
41.299999
41.290001
41.66
42.099998
42.169998
41.900002
42.560001
42.849998
42.25
41.540001
41.700001
40.93
38.779999
40.169998
40.34
38.77
39.529999
40.599998
41.23
42.09
44.080002
44.330002
44.060001
43.310001
42.939999
44.0
45.360001
45.040001
44.779999
43.799999
44.060001
44.52
44.290001
44.200001
44.34
45.369999
45.549999
45.16
45.279999
45.330002
45.009998
44.27
44.369999
44.310001
43.07
42.419998
44.060001
42.68
41.66
42.889999
41.009998
41.380001
41.200001
41.82
40.73
41.169998
42.509998
42.43
43.34
43.0
43.299999
44.59
44.630001
44.560001
decrease
