49.560001
50.77
50.130001
50.939999
50.790001
51.25
50.84
51.52
51.490002
51.52
51.720001
52.5
51.810001
51.810001
51.720001
52.139999
52.139999
51.34
51.119999
49.470001
50.23
50.380001
51.459999
51.799999
52.330002
53.790001
53.959999
54.220001
54.169998
54.59
54.540001
54.029999
53.950001
53.77
53.759998
53.049999
53.52
53.869999
53.18
53.290001
52.740002
53.259998
52.130001
52.189999
52.599998
52.650002
53.119999
53.32
54.580002
53.82
54.560001
54.490002
55.09
54.59
54.849998
54.889999
54.139999
55.189999
54.830002
55.080002
54.619999
54.639999
51.869999
50.869999
51.68
50.82
51.560001
52.060001
50.0
49.990002
49.34
48.599998
48.139999
49.27
48.740002
49.619999
50.139999
50.700001
49.84
50.27
50.75
51.130001
50.380001
48.880001
48.779999
48.700001
49.919998
48.869999
48.380001
48.849998
49.5
49.779999
50.41
50.200001
49.779999
48.990002
50.209999
51.470001
51.139999
52.07
51.919998
52.07
52.080002
52.48
51.849998
51.779999
52.810001
52.849998
53.099998
53.330002
53.580002
53.830002
53.689999
54.259998
52.779999
52.119999
51.82
52.349998
52.349998
52.810001
52.389999
53.080002
53.580002
52.830002
52.84
54.23
53.68
54.060001
54.52
54.119999
54.330002
52.919998
52.349998
52.540001
51.599998
50.43
50.150002
51.619999
51.310001
51.150002
51.82
51.490002
50.23
50.080002
49.75
49.400002
48.630001
50.119999
49.919998
49.709999
50.220001
51.009998
50.900002
50.66
52.130001
54.439999
55.75
56.139999
56.990002
55.790001
55.630001
56.16
56.459999
56.970001
56.98
57.689999
57.310001
52.93
53.59
54.849998
55.41
54.880001
55.0
54.869999
55.139999
55.0
55.009998
56.34
57.049999
56.779999
57.720001
58.740002
59.259998
58.48
58.689999
59.25
58.130001
57.689999
58.049999
57.490002
57.73
57.099998
56.869999
56.139999
57.91
57.23
56.860001
56.77
56.580002
55.25
51.990002
53.82
52.970001
50.470001
50.889999
53.16
53.560001
55.150002
55.560001
56.099998
54.59
54.959999
54.990002
55.84
56.209999
55.119999
53.720001
54.52
55.040001
56.380001
56.139999
56.25
56.25
58.0
57.59
57.48
56.830002
56.75
56.919998
56.689999
56.970001
56.900002
55.290001
54.27
55.650002
54.700001
54.310001
55.709999
54.740002
55.73
55.470001
55.599998
54.349998
54.419998
55.259998
55.009998
56.110001
55.59
56.41
56.57
61.009998
61.189999
decrease
