123.099998
123.139999
125.449997
125.110001
124.230003
123.940002
122.470001
121.580002
121.809998
120.879997
121.940002
122.989998
120.910004
121.5
121.440002
122.540001
122.300003
122.370003
122.57
120.169998
120.580002
121.019997
121.739998
122.389999
124.690002
125.550003
125.160004
124.75
125.879997
126.93
128.279999
126.610001
124.629997
124.489998
123.669998
123.699997
126.300003
127.25
127.959999
127.790001
130.449997
131.350006
130.070007
129.610001
129.160004
129.410004
129.5
125.82
126.760002
124.349998
126.040001
125.989998
126.120003
123.730003
126.129997
126.540001
125.830002
127.160004
126.470001
126.43
126.190002
125.419998
126.080002
126.779999
138.429993
138.190002
137.300003
137.110001
135.820007
135.610001
134.850006
135.520004
135.0
134.139999
135.0
134.449997
133.389999
133.300003
130.809998
130.330002
132.949997
133.149994
133.339996
131.190002
132.610001
133.869995
135.259995
134.050003
133.199997
133.820007
133.860001
132.970001
133.770004
135.009995
134.559998
133.289993
133.399994
133.139999
133.720001
135.0
134.679993
135.25
134.610001
134.149994
134.300003
134.75
136.520004
137.449997
136.649994
136.869995
136.100006
144.009995
142.770004
144.279999
145.429993
147.380005
147.199997
148.009995
149.080002
149.600006
150.240005
150.669998
151.509995
151.940002
151.220001
151.050003
151.160004
150.949997
152.199997
151.490005
150.850006
150.160004
151.550003
151.559998
149.220001
149.039993
147.119995
147.550003
148.369995
147.570007
147.869995
149.610001
145.429993
146.100006
147.350006
149.199997
149.5
150.110001
148.919998
148.25
147.580002
147.360001
147.710007
147.960007
152.029999
153.729996
157.440002
157.5
158.710007
156.279999
156.5
158.0
159.179993
158.330002
157.190002
157.289993
157.179993
158.0
159.880005
158.990005
159.089996
159.649994
156.850006
155.520004
156.020004
156.619995
155.830002
156.850006
158.419998
161.169998
161.639999
161.899994
161.220001
160.330002
162.050003
160.460007
161.220001
162.669998
161.800003
164.059998
165.139999
164.899994
164.979996
166.580002
167.770004
166.0
165.820007
168.449997
165.179993
161.820007
156.460007
156.350006
156.600006
149.320007
152.729996
154.399994
156.070007
164.360001
166.940002
167.119995
166.649994
167.339996
167.080002
169.990005
170.789993
171.0
170.660004
169.559998
169.940002
171.410004
172.0
172.190002
172.229996
178.300003
176.610001
176.130005
173.610001
173.300003
173.279999
172.990005
172.520004
173.289993
163.110001
167.850006
170.979996
169.589996
169.050003
170.580002
167.460007
169.830002
169.460007
171.699997
166.740005
167.669998
170.330002
170.139999
172.169998
170.160004
172.910004
173.949997
174.380005
174.160004
decrease
