25.49
25.32
25.450001
25.93
25.870001
25.790001
25.67
25.379999
25.950001
25.42
23.74
23.6
24.799999
25.030001
25.110001
24.440001
24.629999
24.809999
24.77
24.549999
24.59
24.870001
24.950001
25.190001
24.959999
24.93
24.799999
24.98
24.950001
25.870001
25.870001
25.85
25.84
25.790001
25.98
26.110001
26.6
27.24
27.309999
26.950001
25.719999
25.360001
24.700001
24.440001
24.35
24.41
24.549999
24.559999
24.860001
24.18
23.879999
23.969999
23.74
23.9
23.6
23.469999
23.25
22.5
22.780001
22.99
22.879999
22.33
22.68
23.219999
23.370001
22.76
22.959999
22.860001
23.6
23.280001
23.27
23.360001
23.74
22.440001
22.469999
22.34
21.870001
21.82
21.68
21.66
21.959999
20.540001
20.889999
19.379999
19.16
19.200001
19.9
20.379999
20.059999
20.23
20.74
20.629999
20.41
19.719999
20.040001
19.52
19.0
18.66
18.540001
18.34
19.110001
18.75
18.700001
18.98
18.32
18.530001
18.67
18.49
18.540001
19.34
19.360001
19.309999
19.209999
18.9
19.32
20.18
20.09
20.02
20.0
20.1
20.32
20.27
20.35
20.25
19.76
19.02
18.65
18.49
19.040001
18.799999
18.74
18.530001
18.51
17.48
18.4
18.99
17.85
17.459999
16.370001
16.67
16.219999
16.26
15.48
15.48
15.33
14.4
14.78
14.75
14.8
14.8
14.53
14.34
13.84
13.62
13.69
14.54
14.59
14.3
14.81
14.39
13.84
14.1
14.67
15.87
15.7
16.75
16.469999
16.99
17.75
17.4
17.15
17.469999
17.24
17.360001
17.07
17.120001
16.68
17.41
17.08
16.969999
17.0
17.23
16.540001
17.48
17.469999
17.360001
17.34
17.43
17.34
17.309999
17.67
17.33
17.389999
17.780001
18.219999
18.030001
17.809999
17.809999
17.950001
17.73
16.799999
17.07
17.059999
16.200001
15.98
16.76
17.209999
17.58
19.129999
18.93
18.469999
17.9
17.98
18.209999
18.41
18.08
17.67
17.4
17.35
17.84
18.059999
17.879999
17.82
17.940001
18.02
17.700001
17.33
16.969999
17.129999
16.68
16.25
16.35
15.79
15.52
16.209999
16.129999
16.209999
16.43
16.290001
16.51
17.16
17.360001
17.209999
17.309999
17.690001
17.469999
17.25
17.049999
17.360001
17.620001
17.549999
17.32
increase
