57.779999
57.849998
58.889999
59.09
59.419998
59.700001
60.23
60.349998
60.490002
60.560001
60.75
63.220001
64.279999
64.169998
63.970001
64.25
64.389999
64.489998
65.190002
64.5
65.019997
65.419998
65.790001
66.010002
66.489998
66.879997
66.790001
66.489998
66.910004
67.389999
67.470001
67.559998
67.410004
66.959999
66.870003
66.309998
66.290001
66.43
66.470001
66.389999
66.589996
67.400002
67.269997
67.910004
67.120003
67.379997
67.459999
66.529999
67.029999
66.139999
66.400002
66.699997
66.889999
66.290001
66.959999
67.279999
67.599998
68.129997
67.900002
68.830002
68.889999
68.790001
69.5
69.959999
69.980003
69.959999
69.970001
70.050003
69.720001
69.32
69.32
69.510002
68.519997
69.949997
71.18
69.589996
70.279999
71.010002
70.010002
70.610001
71.839996
71.669998
72.059998
70.389999
70.07
69.519997
70.150002
70.019997
69.82
69.779999
69.959999
69.650002
69.669998
70.769997
70.830002
70.540001
70.93
71.419998
71.099998
72.18
72.839996
72.269997
71.739998
71.82
72.040001
72.5
72.459999
71.860001
72.059998
71.690002
71.620003
71.910004
72.139999
72.540001
72.449997
72.550003
72.650002
73.199997
73.800003
73.650002
74.0
73.599998
74.089996
74.379997
74.169998
73.970001
73.940002
74.269997
74.800003
74.400002
74.690002
74.25
74.580002
75.389999
75.510002
75.669998
73.540001
74.360001
74.269997
74.779999
74.650002
74.379997
73.940002
74.260002
74.559998
74.970001
74.089996
75.379997
72.910004
71.900002
71.769997
71.709999
72.269997
72.400002
72.870003
72.110001
72.279999
71.360001
70.32
70.43
71.5
71.610001
71.82
71.559998
71.449997
71.190002
71.809998
72.080002
71.870003
71.93
72.709999
72.400002
71.699997
71.239998
71.199997
71.389999
71.019997
70.949997
71.550003
72.68
73.300003
73.370003
73.459999
73.970001
74.010002
74.559998
74.730003
75.839996
76.75
77.290001
77.959999
78.260002
78.449997
77.949997
78.43
78.150002
77.760002
77.980003
77.5
75.720001
73.290001
73.900002
76.519997
75.160004
76.290001
77.43
78.110001
79.82
81.370003
80.949997
81.540001
81.800003
81.610001
82.529999
82.970001
82.510002
82.019997
80.650002
81.279999
82.269997
83.07
83.25
83.220001
84.709999
84.07
83.790001
83.629997
84.830002
84.599998
83.809998
84.309998
83.349998
80.970001
79.260002
81.629997
80.080002
79.669998
80.5
79.209999
80.050003
80.720001
80.919998
79.07
78.910004
80.400002
79.93
81.550003
80.82
81.769997
82.190002
82.699997
82.370003
decrease
