83.669998
83.089996
84.370003
84.050003
84.120003
81.440002
80.940002
81.75
81.290001
87.050003
86.550003
87.480003
87.190002
86.82
86.989998
87.110001
85.919998
86.330002
84.830002
82.739998
82.589996
82.790001
82.949997
82.059998
82.300003
83.150002
82.489998
82.150002
82.540001
82.860001
83.43
83.32
82.849998
83.269997
83.209999
78.32
80.849998
80.75
79.970001
79.260002
79.919998
81.410004
80.349998
80.68
81.18
81.410004
81.269997
80.459999
81.230003
79.510002
79.580002
78.779999
79.400002
78.669998
79.269997
79.93
78.559998
80.43
80.370003
80.989998
81.43
81.209999
82.779999
82.580002
81.860001
81.580002
81.790001
81.519997
79.739998
79.709999
78.980003
79.610001
79.110001
77.510002
78.160004
78.470001
76.75
76.220001
74.669998
74.610001
75.839996
74.949997
76.300003
74.519997
74.709999
75.089996
76.010002
75.290001
75.349998
75.370003
75.599998
76.419998
76.989998
78.209999
78.519997
76.989998
76.349998
75.360001
75.139999
76.279999
76.5
77.160004
76.629997
76.220001
76.470001
76.480003
76.470001
76.279999
76.230003
75.730003
75.550003
76.470001
76.690002
76.82
79.5
78.510002
78.300003
79.68
79.470001
80.620003
81.199997
80.57
81.300003
81.470001
81.610001
81.989998
82.269997
82.739998
83.489998
83.150002
83.190002
82.43
81.199997
82.699997
82.389999
82.610001
82.230003
82.360001
84.900002
84.339996
84.480003
85.910004
84.029999
84.220001
84.260002
85.220001
84.120003
85.639999
86.510002
86.129997
86.559998
86.68
86.25
86.150002
87.690002
87.0
87.629997
88.349998
86.769997
87.199997
87.389999
87.169998
87.589996
87.019997
87.220001
87.150002
87.050003
87.529999
87.769997
87.860001
88.139999
88.139999
87.879997
87.93
88.440002
88.629997
88.0
88.690002
89.650002
90.699997
91.480003
90.970001
91.190002
90.82
89.809998
90.040001
89.959999
91.190002
91.379997
92.720001
93.839996
94.010002
93.779999
94.0
94.699997
93.68
92.690002
92.760002
93.43
92.190002
89.07
89.120003
87.599998
84.529999
85.75
86.790001
86.870003
89.440002
90.989998
91.209999
91.779999
91.379997
91.610001
92.809998
92.949997
92.370003
92.0
90.809998
91.980003
92.709999
93.639999
94.360001
94.57
95.510002
95.879997
95.599998
95.260002
95.480003
95.129997
94.529999
94.550003
94.449997
93.32
91.599998
93.790001
92.459999
91.699997
92.800003
91.330002
91.870003
92.690002
92.709999
91.779999
92.260002
93.400002
93.629997
94.550003
94.900002
95.970001
97.519997
98.220001
97.220001
decrease
