79.43
79.279999
80.050003
82.169998
82.0
82.790001
82.440002
81.959999
79.0
79.699997
81.129997
81.059998
81.050003
81.099998
80.940002
82.279999
80.209999
80.470001
79.120003
76.330002
76.620003
76.32
76.339996
77.269997
76.419998
75.949997
76.639999
76.769997
76.830002
78.290001
79.050003
78.790001
77.900002
78.160004
78.43
79.709999
79.68
79.849998
80.800003
80.089996
77.059998
78.099998
77.779999
78.160004
77.220001
77.410004
80.120003
80.489998
81.25
80.269997
80.459999
80.620003
79.660004
78.709999
78.639999
78.139999
77.639999
77.449997
77.919998
77.93
78.300003
78.0
77.389999
77.160004
77.029999
77.099998
78.910004
78.290001
78.919998
79.75
79.93
79.699997
79.75
78.599998
77.970001
79.120003
78.57
79.43
79.139999
79.410004
79.300003
79.110001
79.25
78.889999
77.660004
77.639999
77.760002
77.610001
75.389999
75.349998
75.459999
76.089996
76.379997
77.339996
77.919998
78.690002
79.879997
80.410004
79.720001
79.720001
82.43
83.080002
82.639999
83.169998
83.309998
83.099998
80.699997
79.559998
79.629997
81.370003
81.650002
81.470001
81.260002
81.32
80.769997
80.910004
80.07
80.900002
76.919998
74.300003
74.709999
73.900002
73.779999
72.599998
72.440002
72.629997
74.099998
74.629997
76.489998
75.910004
76.010002
75.529999
73.309998
68.989998
68.449997
68.529999
69.0
69.379997
69.25
66.800003
68.949997
68.989998
69.019997
70.989998
71.480003
70.440002
69.800003
70.260002
70.68
70.379997
71.5
71.480003
70.550003
70.400002
72.699997
73.400002
76.599998
75.120003
71.690002
71.010002
71.379997
71.089996
73.089996
73.080002
72.849998
71.620003
70.800003
73.080002
71.669998
72.309998
73.559998
74.639999
73.410004
73.68
72.760002
73.050003
72.5
73.519997
73.199997
75.129997
78.449997
77.769997
77.690002
77.440002
79.019997
78.779999
79.440002
79.5
79.349998
79.860001
80.949997
80.440002
80.919998
81.580002
82.010002
83.629997
80.190002
78.690002
78.790001
76.449997
73.32
74.019997
74.349998
70.550003
69.389999
69.870003
70.110001
69.790001
70.489998
71.900002
70.660004
68.760002
68.0
68.160004
68.230003
68.25
67.730003
67.150002
67.459999
68.309998
67.650002
67.510002
68.360001
69.269997
69.010002
68.25
67.050003
65.860001
65.650002
63.630001
62.939999
62.419998
61.790001
60.860001
61.599998
60.599998
62.709999
62.209999
61.040001
62.580002
64.279999
64.660004
63.380001
63.310001
63.970001
63.07
64.0
63.43
66.099998
67.110001
66.610001
65.860001
decrease
