104.879997
104.889999
105.93
106.730003
106.080002
105.470001
106.699997
105.919998
105.360001
106.720001
104.809998
105.790001
106.68
105.080002
106.5
106.209999
105.959999
106.849998
107.25
104.699997
105.169998
106.519997
106.120003
106.269997
106.220001
105.110001
104.720001
104.059998
103.480003
104.269997
103.110001
103.190002
104.169998
103.769997
104.0
106.400002
108.040001
108.129997
106.599998
106.330002
108.349998
107.459999
106.480003
104.489998
104.449997
105.0
104.139999
104.07
104.279999
104.120003
104.330002
106.300003
104.620003
103.82
103.489998
103.040001
103.120003
103.889999
104.129997
104.440002
104.209999
103.720001
104.459999
104.629997
103.25
103.199997
104.389999
105.120003
106.110001
108.120003
109.190002
110.779999
110.459999
109.43
110.110001
109.779999
110.349998
110.889999
110.110001
109.230003
108.709999
108.57
106.839996
105.919998
106.480003
105.779999
106.360001
106.610001
107.440002
108.230003
107.760002
107.860001
107.730003
107.620003
108.760002
109.440002
111.790001
111.800003
110.779999
112.519997
112.489998
114.18
114.449997
114.629997
115.190002
116.339996
116.370003
116.470001
117.290001
117.989998
117.519997
117.449997
117.620003
117.5
117.43
117.82
117.580002
118.580002
117.029999
117.709999
118.800003
119.330002
119.139999
119.160004
120.129997
120.220001
118.150002
118.199997
118.639999
118.93
119.230003
118.440002
118.440002
113.540001
114.389999
115.889999
115.900002
115.330002
114.989998
117.040001
117.239998
116.669998
117.239998
117.18
117.230003
116.919998
116.449997
114.57
114.709999
114.720001
115.169998
115.910004
116.510002
115.589996
116.449997
117.18
118.989998
119.510002
120.839996
120.389999
119.610001
119.629997
119.919998
120.419998
119.68
119.93
119.529999
119.730003
119.699997
119.839996
120.889999
124.82
124.980003
125.980003
125.550003
125.580002
125.190002
127.580002
128.509995
128.110001
127.900002
128.529999
127.839996
128.660004
132.570007
133.600006
132.009995
132.360001
131.589996
131.300003
132.559998
131.020004
131.389999
130.649994
131.190002
128.479996
125.230003
125.349998
125.57
118.580002
112.620003
117.18
115.290001
112.300003
113.5
113.980003
113.290001
113.629997
112.529999
112.139999
110.980003
109.059998
109.889999
112.589996
114.599998
113.610001
111.919998
112.040001
111.639999
113.150002
113.650002
113.839996
113.349998
117.220001
116.790001
116.459999
115.129997
115.580002
115.400002
113.889999
114.5
117.040001
113.699997
112.980003
115.349998
114.660004
112.099998
114.040001
112.239998
114.830002
114.480003
117.290001
114.760002
115.980003
118.849998
119.25
119.230003
119.919998
120.699997
121.459999
123.82
123.709999
decrease
