127.459999
128.009995
129.429993
130.979996
129.240005
127.18
126.660004
125.379997
125.75
128.789993
127.110001
129.570007
130.910004
129.600006
132.669998
132.490005
133.339996
134.009995
133.080002
132.470001
130.119995
132.710007
131.809998
131.460007
131.0
128.440002
131.279999
129.509995
126.779999
127.879997
124.410004
122.139999
123.980003
120.610001
121.199997
123.879997
123.239998
124.849998
121.550003
116.580002
116.989998
116.230003
115.93
114.790001
113.879997
116.480003
115.910004
117.010002
118.110001
120.639999
121.529999
124.239998
122.190002
121.769997
120.75
121.57
123.57
123.040001
123.660004
124.790001
126.019997
124.379997
127.639999
126.470001
127.199997
128.380005
131.699997
132.059998
132.100006
130.559998
130.259995
130.759995
128.660004
117.459999
118.730003
116.160004
117.919998
118.82
116.089996
115.410004
113.110001
111.080002
110.550003
108.050003
108.519997
108.5
109.419998
110.040001
110.0
109.440002
108.940002
108.470001
108.760002
110.970001
111.790001
113.529999
115.0
115.209999
112.07
114.160004
115.620003
119.639999
121.779999
122.839996
123.050003
122.529999
124.779999
126.300003
127.059998
129.929993
130.690002
132.25
131.850006
131.720001
135.320007
135.389999
135.220001
135.699997
134.910004
134.960007
135.080002
135.669998
135.0
133.389999
133.270004
133.419998
133.059998
132.259995
134.110001
131.699997
130.660004
130.529999
130.119995
132.369995
132.800003
134.210007
140.259995
139.979996
142.850006
146.619995
146.710007
145.059998
144.429993
143.210007
142.410004
140.460007
138.160004
138.240005
138.649994
139.029999
139.630005
140.289993
140.580002
138.419998
137.779999
137.509995
139.860001
141.460007
139.190002
138.309998
135.970001
138.210007
140.210007
141.149994
139.5
138.289993
136.800003
136.399994
138.509995
140.309998
146.809998
149.830002
151.770004
153.919998
151.029999
151.330002
150.220001
151.899994
152.589996
153.610001
155.600006
156.039993
154.990005
154.509995
157.860001
159.089996
156.720001
156.580002
156.470001
156.190002
160.410004
160.529999
160.899994
159.789993
161.660004
161.279999
157.360001
157.440002
159.259995
154.529999
151.440002
149.050003
148.100006
140.089996
138.979996
143.479996
141.660004
146.860001
146.039993
146.520004
147.149994
149.160004
149.179993
152.809998
154.949997
153.089996
150.800003
150.339996
150.570007
152.949997
151.360001
152.550003
149.740005
153.289993
153.479996
150.5
150.210007
148.259995
148.490005
146.339996
148.639999
153.160004
153.020004
153.529999
157.220001
157.0
143.25
150.330002
140.419998
141.589996
141.179993
139.649994
133.630005
133.380005
140.440002
146.770004
146.320007
151.020004
153.369995
153.470001
156.830002
157.449997
decrease
