77.360001
77.540001
78.07
77.699997
77.489998
77.690002
77.43
76.940002
77.220001
76.57
77.300003
78.230003
78.529999
77.480003
77.730003
77.610001
77.93
77.970001
77.209999
77.480003
78.32
78.589996
79.699997
79.709999
80.290001
80.970001
81.029999
81.019997
80.769997
81.410004
81.199997
80.68
80.300003
80.459999
79.669998
79.279999
79.459999
79.370003
79.989998
80.18
80.709999
80.370003
80.199997
79.160004
78.93
78.389999
78.650002
77.900002
77.050003
77.059998
76.629997
76.099998
75.800003
75.720001
75.790001
75.599998
76.029999
76.580002
76.110001
76.550003
76.620003
76.860001
76.980003
76.949997
77.57
76.769997
76.790001
77.050003
77.120003
76.989998
77.18
77.300003
77.860001
78.400002
78.080002
77.919998
77.959999
77.839996
77.82
77.389999
77.68
77.900002
78.239998
78.120003
78.690002
78.739998
78.970001
79.220001
79.449997
80.080002
80.139999
80.239998
78.82
78.769997
78.330002
78.190002
77.989998
78.25
79.239998
79.919998
78.18
78.07
79.169998
79.5
78.550003
78.330002
77.620003
77.300003
77.040001
78.019997
78.209999
76.779999
77.029999
76.93
76.739998
75.949997
76.870003
76.809998
76.809998
76.639999
77.739998
78.010002
78.629997
78.620003
79.029999
78.959999
78.879997
79.949997
80.0
80.379997
80.349998
79.68
80.410004
80.510002
81.480003
81.139999
80.489998
80.839996
80.669998
80.559998
81.389999
80.879997
81.239998
80.809998
81.849998
82.839996
82.230003
81.959999
81.32
81.150002
81.370003
82.160004
82.209999
82.959999
83.940002
84.0
84.129997
83.57
83.550003
83.120003
83.529999
83.68
83.879997
84.139999
83.43
84.110001
84.379997
84.910004
82.75
81.339996
80.589996
80.650002
80.440002
80.330002
80.660004
81.07
81.059998
80.279999
77.190002
76.830002
76.839996
78.019997
77.209999
76.209999
76.209999
75.940002
75.269997
75.5
74.889999
74.989998
74.889999
75.709999
75.559998
76.690002
75.5
75.089996
75.32
76.440002
75.900002
75.68
74.690002
74.110001
73.760002
73.309998
74.379997
75.260002
75.07
74.339996
75.419998
75.800003
74.75
73.540001
73.580002
75.519997
75.989998
74.260002
74.07
72.349998
72.5
73.699997
72.919998
72.889999
72.830002
72.870003
72.970001
73.0
73.519997
71.239998
70.610001
69.150002
68.449997
67.639999
67.870003
67.300003
68.099998
69.220001
67.790001
67.43
67.089996
67.330002
66.949997
67.339996
66.220001
66.370003
65.5
64.879997
64.07
63.939999
64.730003
65.690002
66.07
66.059998
decrease
