45.93
45.529999
46.810001
46.73
46.369999
45.740002
45.439999
45.400002
47.830002
48.310001
48.639999
48.700001
48.52
49.560001
49.970001
49.689999
48.990002
49.509998
49.509998
47.740002
47.66
48.200001
48.490002
48.59
48.869999
50.400002
50.799999
49.060001
49.130001
49.849998
51.189999
51.389999
51.23
52.27
52.84
53.009998
52.25
51.869999
51.91
51.560001
52.0
52.509998
51.759998
52.27
52.810001
52.919998
52.869999
52.84
53.84
53.869999
53.740002
54.060001
54.330002
54.369999
55.459999
54.810001
54.279999
55.48
54.5
55.130001
54.639999
53.959999
53.790001
52.830002
52.259998
51.529999
51.139999
51.130001
50.080002
50.330002
49.360001
50.07
50.009998
50.57
50.610001
50.75
50.310001
49.669998
49.040001
49.48
50.07
49.919998
50.130001
47.529999
47.529999
47.810001
47.150002
46.18
45.209999
46.68
46.950001
46.619999
46.830002
47.189999
47.52
45.84
47.389999
47.119999
47.450001
48.82
49.040001
48.98
48.27
48.25
47.959999
47.900002
48.040001
48.16
48.470001
48.32
48.5
47.720001
48.310001
48.220001
48.07
51.25
51.560001
51.68
52.009998
51.740002
52.700001
53.07
53.110001
53.959999
53.619999
52.759998
52.860001
52.27
53.27
52.279999
53.18
52.240002
50.93
50.560001
50.330002
50.029999
50.349998
50.34
50.400002
50.57
49.91
50.060001
49.189999
48.889999
48.860001
48.900002
49.330002
50.450001
49.82
49.790001
50.669998
50.41
50.110001
49.59
50.580002
52.099998
52.919998
52.060001
52.91
52.389999
52.299999
53.41
53.459999
54.369999
53.619999
53.630001
55.25
56.099998
56.07
55.75
56.220001
56.029999
56.029999
56.43
56.119999
56.349998
56.0
56.740002
55.689999
55.689999
55.970001
54.68
54.169998
55.860001
58.52
59.830002
59.349998
59.720001
59.450001
60.009998
60.130001
59.93
56.799999
54.810001
55.259998
55.759998
56.119999
56.77
56.419998
54.619999
52.52
53.099998
53.849998
51.23
50.459999
52.049999
52.169998
52.200001
52.950001
52.849998
52.470001
53.16
52.549999
53.459999
54.689999
53.619999
53.900002
53.349998
53.259998
53.790001
53.84
53.529999
54.639999
56.09
56.16
56.59
56.150002
56.34
56.689999
55.959999
56.5
55.950001
54.669998
53.900002
55.060001
54.259998
53.93
54.810001
51.950001
53.720001
53.860001
54.209999
53.049999
52.560001
52.360001
51.470001
52.98
52.919998
54.299999
54.549999
55.209999
55.07
increase
