108.800003
107.540001
110.25
113.150002
112.550003
111.18
111.610001
111.970001
110.93
110.790001
112.029999
113.110001
112.639999
113.580002
113.550003
113.470001
113.110001
113.800003
114.800003
113.230003
112.669998
120.900002
121.709999
122.129997
122.779999
122.43
122.790001
122.260002
122.459999
124.699997
124.910004
125.330002
125.050003
125.290001
126.0
125.949997
126.0
126.419998
126.43
126.370003
127.900002
126.989998
126.040001
124.779999
123.860001
123.599998
123.349998
122.0
123.470001
121.910004
123.589996
124.949997
125.599998
125.089996
126.639999
128.139999
128.059998
123.480003
124.419998
125.470001
125.879997
126.089996
126.309998
125.599998
125.75
126.550003
127.900002
127.82
128.440002
128.910004
128.279999
129.020004
128.979996
129.509995
129.75
129.960007
132.020004
132.410004
127.779999
126.699997
128.570007
127.18
126.629997
123.980003
117.309998
116.519997
117.480003
116.449997
115.440002
115.839996
115.959999
115.889999
115.489998
115.93
116.139999
115.529999
116.220001
116.330002
117.300003
117.93
117.260002
117.370003
118.370003
119.010002
119.889999
123.080002
123.949997
124.779999
123.75
123.769997
123.279999
123.32
123.660004
125.589996
127.290001
128.100006
128.330002
128.009995
128.130005
128.639999
128.25
127.769997
128.5
127.910004
127.720001
128.690002
128.720001
128.520004
129.149994
129.589996
131.020004
130.559998
132.139999
133.25
132.300003
132.880005
134.270004
134.440002
135.029999
135.309998
135.710007
134.639999
131.279999
132.229996
131.910004
132.880005
132.270004
134.610001
135.770004
136.919998
139.229996
145.25
145.5
148.770004
149.380005
148.440002
149.860001
149.940002
150.970001
150.669998
149.449997
151.110001
151.580002
151.330002
151.070007
151.949997
149.440002
150.869995
154.039993
154.479996
154.369995
155.860001
157.529999
158.75
158.580002
157.699997
156.509995
158.009995
158.729996
159.639999
160.320007
161.110001
165.600006
164.940002
167.460007
169.300003
167.539993
167.429993
167.899994
170.320007
170.380005
168.660004
169.600006
169.130005
171.490005
169.179993
168.509995
166.419998
167.850006
164.960007
157.020004
161.880005
161.440002
153.660004
154.929993
159.210007
161.300003
163.279999
166.809998
169.440002
164.770004
162.089996
164.160004
166.240005
167.460007
163.580002
160.869995
156.809998
153.309998
157.539993
158.509995
157.899994
161.059998
167.929993
164.029999
161.320007
160.210007
159.600006
163.880005
159.529999
159.990005
158.050003
151.580002
148.0
153.339996
152.160004
151.479996
155.320007
151.820007
153.039993
148.570007
151.339996
145.389999
142.960007
148.009995
144.410004
150.259995
149.979996
148.979996
149.149994
149.770004
148.100006
decrease
