66.690002
66.230003
66.910004
67.279999
65.230003
64.32
62.59
61.970001
61.93
61.139999
60.549999
60.299999
60.43
60.700001
60.310001
60.240002
60.27
60.810001
60.169998
58.84
59.279999
60.110001
59.709999
59.740002
59.200001
59.040001
59.799999
58.860001
58.700001
59.07
58.91
59.02
58.689999
59.369999
59.73
60.57
60.73
61.360001
60.630001
60.720001
61.099998
61.139999
60.779999
60.360001
60.240002
60.040001
60.610001
61.07
61.880001
61.509998
62.189999
62.27
61.509998
61.200001
61.369999
61.099998
60.759998
61.139999
61.419998
61.259998
61.07
61.040001
61.139999
61.369999
62.529999
62.529999
63.790001
63.130001
60.439999
60.259998
60.939999
60.610001
60.779999
60.459999
61.040001
61.389999
61.959999
61.259998
60.099998
59.639999
60.5
61.869999
61.709999
59.900002
59.43
59.27
59.5
59.310001
59.470001
59.689999
59.099998
58.450001
58.970001
58.950001
59.59
58.439999
58.860001
58.09
57.66
58.189999
57.990002
59.290001
58.650002
59.43
60.25
60.490002
60.34
60.5
61.41
61.91
62.689999
64.059998
64.360001
64.480003
65.160004
65.739998
65.489998
65.970001
65.75
65.379997
65.339996
64.839996
63.810001
63.880001
65.349998
64.660004
65.389999
65.660004
66.57
66.839996
67.389999
65.150002
66.690002
66.779999
66.510002
66.529999
66.900002
66.93
67.440002
67.019997
66.440002
66.089996
65.470001
64.760002
65.0
64.209999
65.269997
64.82
65.059998
65.82
65.639999
65.5
65.400002
65.339996
67.629997
69.010002
70.599998
71.120003
73.440002
73.18
72.940002
73.449997
73.800003
74.349998
75.089996
73.82
73.669998
74.589996
75.959999
75.949997
75.739998
76.040001
77.129997
77.260002
76.959999
77.5
76.919998
76.910004
77.480003
78.25
78.160004
77.57
78.239998
79.470001
80.360001
80.510002
78.940002
78.93
78.220001
78.32
78.870003
78.720001
78.739998
80.300003
80.980003
81.309998
79.720001
79.800003
80.620003
78.970001
74.879997
76.139999
76.629997
72.400002
74.110001
75.949997
76.5
77.610001
78.57
79.529999
79.629997
78.589996
77.75
79.419998
80.43
79.559998
78.830002
75.209999
75.839996
77.07
76.809998
76.629997
77.099998
78.419998
78.150002
77.330002
76.459999
75.370003
76.540001
76.040001
75.360001
74.860001
71.889999
70.07
71.790001
70.230003
70.279999
71.93
69.580002
70.599998
71.690002
72.129997
70.339996
70.669998
71.900002
70.900002
71.610001
70.540001
71.559998
71.919998
72.089996
73.290001
increase
