70.669998
70.720001
71.419998
71.550003
72.599998
73.220001
72.709999
72.050003
73.769997
73.989998
73.370003
73.620003
73.690002
73.690002
73.910004
72.059998
71.580002
71.720001
70.940002
70.669998
71.129997
71.949997
72.449997
70.709999
70.209999
72.470001
72.32
73.019997
73.389999
78.190002
78.910004
78.309998
75.339996
74.07
73.690002
75.220001
75.110001
75.709999
75.660004
72.32
70.120003
71.699997
71.400002
71.730003
71.080002
69.75
70.410004
70.790001
71.480003
70.839996
72.089996
71.93
71.239998
70.029999
70.230003
69.489998
69.040001
69.690002
70.580002
71.139999
71.870003
70.800003
71.389999
71.349998
72.199997
71.980003
73.57
74.599998
75.120003
74.75
75.160004
75.519997
74.709999
74.489998
74.860001
76.410004
76.690002
77.150002
75.580002
75.489998
76.57
73.639999
74.5
74.269997
73.82
74.709999
76.459999
76.330002
75.690002
77.669998
77.370003
76.889999
76.730003
72.559998
72.540001
74.360001
75.290001
76.389999
75.559998
75.970001
76.959999
77.839996
77.230003
77.599998
77.279999
76.989998
77.550003
76.769997
77.660004
79.339996
79.330002
79.93
80.019997
81.050003
81.900002
81.400002
81.290001
81.480003
80.330002
79.18
80.940002
82.540001
82.18
82.57
82.120003
82.099998
82.800003
82.910004
83.610001
83.919998
84.099998
83.970001
84.370003
83.260002
81.230003
80.839996
81.230003
82.510002
81.870003
80.68
80.660004
80.699997
81.910004
84.150002
83.550003
83.25
82.300003
84.910004
85.5
86.940002
86.650002
87.230003
86.279999
86.349998
87.730003
88.68
88.080002
87.980003
90.769997
90.370003
90.849998
93.370003
93.379997
93.349998
91.230003
91.639999
90.790001
90.93
92.550003
92.099998
91.730003
91.639999
92.910004
92.480003
92.620003
92.580002
93.010002
94.059998
93.989998
95.089996
95.720001
94.150002
94.25
94.779999
98.190002
99.099998
98.440002
100.5
101.029999
101.980003
102.269997
103.169998
102.690002
103.75
105.300003
105.339996
104.230003
103.120003
102.279999
99.440002
95.800003
97.599998
97.879997
95.099998
98.260002
95.089996
96.860001
96.669998
98.449997
97.730003
94.559998
95.269997
96.099998
97.199997
97.550003
95.519997
94.589996
95.309998
94.279999
93.43
93.440002
89.389999
86.050003
86.940002
88.610001
89.529999
89.199997
93.440002
95.43
94.040001
93.410004
92.980003
91.75
90.059998
92.650002
92.43
92.940002
93.550003
93.43
93.309998
95.0
96.400002
94.970001
95.699997
96.440002
96.269997
96.889999
96.279999
97.07
99.870003
100.18
99.0
decrease
