104.029999
103.300003
104.089996
105.870003
105.760002
105.809998
105.510002
106.269997
106.800003
106.739998
107.220001
107.089996
107.190002
107.279999
107.849998
107.410004
106.470001
107.589996
106.389999
105.120003
105.650002
105.889999
106.550003
106.510002
106.540001
108.139999
107.980003
107.889999
108.769997
109.720001
109.940002
109.339996
109.139999
108.93
108.32
108.410004
107.440002
108.43
107.230003
107.730003
107.669998
108.139999
108.339996
109.029999
109.559998
109.699997
110.050003
109.470001
111.110001
110.540001
111.160004
110.660004
110.790001
109.010002
109.730003
108.589996
108.559998
108.900002
108.669998
109.029999
109.660004
109.610001
109.93
109.650002
109.389999
109.440002
108.18
108.220001
108.989998
109.510002
108.309998
108.339996
107.970001
107.559998
106.970001
106.730003
106.209999
106.5
105.610001
106.099998
106.459999
106.599998
106.75
105.370003
104.870003
105.0
106.839996
106.739998
106.57
107.019997
107.040001
106.790001
107.260002
108.349998
108.169998
107.419998
107.260002
107.290001
107.540001
108.230003
107.529999
106.889999
105.599998
104.959999
103.860001
101.860001
101.800003
101.550003
102.110001
94.57
94.300003
93.089996
91.959999
93.639999
93.57
92.889999
92.959999
92.440002
92.419998
91.059998
90.860001
91.449997
91.519997
91.059998
91.529999
92.18
92.050003
93.230003
95.080002
95.199997
95.269997
94.209999
94.800003
95.68
93.779999
93.779999
93.099998
93.75
94.089996
93.150002
92.660004
93.150002
93.019997
92.050003
92.0
92.419998
91.849998
92.940002
93.040001
92.410004
92.459999
92.519997
91.620003
92.5
93.349998
97.330002
98.459999
99.209999
100.239998
97.870003
97.389999
96.620003
97.089996
97.099998
97.010002
97.139999
97.120003
98.989998
98.730003
99.480003
99.040001
99.150002
99.239998
99.269997
99.199997
99.129997
98.489998
98.900002
99.25
99.080002
99.910004
99.690002
101.139999
100.370003
101.019997
101.629997
101.220001
101.489998
101.57
103.059998
103.57
103.120003
104.620003
105.150002
106.620003
107.879997
107.160004
105.82
103.580002
103.110001
100.099998
101.129997
100.580002
96.419998
98.339996
99.07
101.389999
101.510002
103.089996
104.529999
102.260002
101.910004
100.849998
102.599998
104.089996
104.790001
103.050003
100.410004
101.440002
102.889999
104.139999
104.360001
104.639999
106.989998
105.599998
104.989998
104.959999
104.720001
104.349998
103.860001
103.57
103.629997
102.300003
99.779999
100.419998
99.949997
99.510002
100.300003
97.809998
98.900002
99.290001
99.830002
97.349998
97.959999
98.940002
99.059998
100.25
99.760002
101.230003
100.800003
100.790001
101.489998
decrease
