33.099998
32.869999
33.049999
32.650002
32.990002
33.25
32.889999
32.75
32.279999
32.380001
32.509998
32.599998
32.66
33.209999
33.16
33.25
33.07
33.450001
33.560001
32.860001
33.25
33.790001
33.91
33.369999
33.599998
33.220001
33.110001
32.93
32.689999
33.099998
33.790001
33.290001
33.209999
33.700001
33.540001
33.619999
33.389999
33.98
34.369999
33.82
33.650002
33.849998
34.169998
33.970001
33.470001
33.880001
33.950001
33.77
34.27
33.790001
34.57
34.360001
34.630001
34.490002
35.790001
37.169998
36.98
36.580002
36.5
36.700001
36.68
36.41
36.639999
36.330002
36.610001
36.560001
37.0
36.290001
36.07
35.849998
35.689999
36.080002
36.450001
36.330002
36.59
36.41
36.25
36.369999
35.889999
36.09
36.619999
36.779999
36.830002
36.049999
35.689999
35.779999
35.57
35.439999
35.380001
35.779999
35.310001
35.279999
35.439999
36.150002
36.240002
35.709999
36.099998
35.970001
36.25
36.93
37.740002
37.16
37.330002
37.169998
37.490002
37.57
37.049999
36.860001
36.900002
37.080002
37.439999
38.150002
38.98
39.93
39.98
40.27
40.84
40.619999
41.080002
41.23
41.279999
41.48
41.279999
41.34
41.369999
41.490002
41.509998
42.529999
42.669998
42.869999
43.32
43.259998
44.0
44.299999
44.310001
44.209999
44.73
44.630001
44.32
44.84
44.950001
45.41
45.990002
46.0
47.09
47.639999
47.529999
47.52
48.130001
48.200001
49.349998
49.580002
50.0
49.470001
50.110001
50.66
51.0
50.43
50.580002
50.240002
49.709999
50.16
50.779999
50.470001
50.0
49.810001
50.34
50.580002
51.450001
50.799999
50.779999
50.93
50.830002
50.970001
51.02
51.34
51.07
51.060001
52.860001
52.07
52.490002
52.869999
52.830002
50.970001
52.040001
51.91
50.830002
52.099998
50.939999
51.48
52.369999
52.380001
51.849998
50.349998
50.349998
48.32
48.529999
49.049999
48.080002
46.369999
44.740002
46.110001
46.290001
44.549999
44.080002
44.84
44.849998
45.419998
45.110001
45.57
45.16
44.93
44.259998
44.470001
44.299999
43.349998
41.900002
42.279999
42.049999
42.220001
43.439999
43.450001
43.59
43.799999
44.34
44.759998
44.389999
43.450001
43.759998
43.540001
43.18
44.439999
43.560001
43.299999
44.68
43.77
43.279999
43.84
42.310001
42.880001
45.630001
46.560001
45.349998
45.080002
45.330002
44.52
44.220001
44.48
44.790001
45.43
45.57
43.759998
decrease
