82.889999
81.699997
82.459999
83.300003
82.980003
82.910004
83.330002
83.129997
83.0
82.809998
84.080002
83.860001
83.389999
83.169998
83.209999
82.779999
82.839996
83.279999
83.010002
81.900002
81.779999
82.139999
82.910004
83.949997
83.959999
84.510002
84.400002
84.809998
84.940002
86.099998
86.839996
86.529999
85.730003
85.43
84.559998
84.489998
84.07
84.169998
84.459999
84.379997
84.480003
85.269997
85.68
86.480003
85.959999
85.660004
85.470001
84.620003
84.720001
84.029999
84.389999
84.260002
84.089996
82.93
83.07
82.559998
83.099998
83.489998
84.260002
85.0
85.470001
85.480003
85.790001
83.199997
83.050003
83.029999
81.989998
82.010002
81.160004
81.43
81.489998
80.82
81.279999
81.279999
81.010002
81.43
80.269997
80.230003
79.290001
79.82
80.599998
80.559998
81.559998
80.910004
80.870003
81.080002
82.519997
81.82
81.809998
82.160004
82.370003
81.989998
82.139999
83.419998
83.230003
83.059998
84.019997
85.099998
86.760002
87.07
87.269997
87.239998
88.449997
88.209999
88.110001
86.870003
86.459999
86.419998
86.779999
86.0
85.459999
85.459999
85.040001
85.779999
86.519997
86.519997
86.879997
86.970001
87.629997
87.029999
87.169998
86.959999
87.029999
86.839996
86.129997
85.260002
86.050003
90.099998
90.790001
90.470001
90.949997
90.650002
91.459999
92.25
91.809998
92.269997
92.910004
92.709999
93.129997
92.620003
93.199997
93.239998
92.980003
92.239998
93.330002
93.190002
92.419998
93.580002
93.300003
93.68
94.18
93.760002
94.019997
94.050003
94.32
93.940002
94.360001
93.82
92.82
92.739998
92.529999
92.68
93.18
93.209999
93.720001
94.150002
92.849998
94.0
94.360001
94.379997
94.620003
93.82
93.459999
93.32
93.559998
93.559998
92.82
92.440002
93.669998
94.120003
94.709999
95.25
98.610001
98.239998
98.589996
99.389999
99.470001
99.589996
99.739998
100.559998
99.970001
99.949997
101.379997
102.699997
103.800003
103.690002
101.599998
101.279999
101.860001
102.18
96.699997
97.050003
95.25
92.160004
94.459999
95.410004
94.980003
96.099998
97.470001
97.540001
96.849998
97.349998
97.360001
99.330002
100.830002
99.57
97.779999
95.989998
96.220001
97.580002
97.75
100.82
101.610001
103.739998
103.400002
102.800003
102.18
102.220001
101.93
100.309998
100.559998
99.809998
97.489998
95.940002
98.160004
97.25
96.519997
97.910004
96.099998
98.230003
99.059998
99.220001
96.660004
97.599998
99.519997
98.419998
99.0
99.239998
100.419998
101.690002
102.400002
101.5
decrease
