114.790001
114.440002
113.699997
115.18
115.580002
115.839996
115.599998
114.730003
114.370003
111.620003
111.169998
111.989998
111.419998
112.07
109.660004
109.580002
109.690002
109.129997
107.980003
106.309998
106.68
107.519997
107.629997
107.019997
107.709999
107.269997
108.410004
108.339996
107.940002
108.209999
107.18
106.519997
105.5
105.919998
104.32
105.620003
107.040001
106.559998
106.139999
105.980003
105.510002
105.370003
103.940002
104.800003
104.220001
104.360001
105.57
105.410004
106.860001
105.709999
106.25
107.459999
105.629997
103.349998
103.32
103.589996
103.839996
104.379997
104.290001
105.089996
104.790001
105.75
106.82
107.360001
107.089996
107.0
106.419998
106.940002
110.0
109.959999
109.93
110.610001
108.669998
109.120003
107.690002
106.349998
106.980003
102.830002
101.349998
101.989998
101.400002
101.510002
102.199997
101.379997
100.699997
101.169998
102.769997
101.5
101.519997
102.410004
102.559998
102.57
102.870003
101.199997
101.5
101.599998
101.5
97.059998
97.07
97.089996
97.889999
98.82
97.900002
98.519997
98.099998
98.43
99.209999
98.889999
98.599998
99.57
98.629997
99.239998
98.050003
98.57
99.860001
100.790001
100.550003
100.110001
100.07
99.57
99.580002
98.550003
96.93
97.379997
98.129997
98.360001
98.25
99.010002
99.400002
98.699997
98.290001
97.800003
98.559998
98.309998
98.040001
97.809998
99.029999
98.349998
98.639999
100.639999
101.610001
101.18
102.68
104.779999
104.739998
103.169998
103.690002
103.599998
103.440002
102.75
103.0
102.739998
102.639999
102.790001
103.410004
105.239998
104.82
105.25
110.220001
107.220001
105.459999
105.260002
104.230003
106.830002
107.43
107.610001
110.57
111.269997
111.029999
111.809998
109.690002
109.57
108.669998
108.120003
107.639999
107.769997
107.510002
111.800003
112.279999
112.230003
111.620003
110.019997
109.940002
109.470001
110.989998
112.470001
110.690002
111.970001
110.419998
110.589996
111.099998
110.410004
110.5
110.550003
112.190002
111.540001
110.110001
108.669998
110.489998
108.699997
104.699997
106.169998
104.760002
101.349998
103.089996
103.389999
104.120003
104.599998
105.18
106.529999
105.980003
105.050003
105.239998
107.25
109.809998
104.870003
103.160004
102.57
102.989998
103.410004
104.940002
103.589996
104.029999
104.730003
105.169998
103.730003
103.900002
103.239998
102.870003
101.480003
101.349998
101.82
100.599998
98.540001
100.650002
99.360001
98.540001
100.440002
98.660004
99.419998
100.949997
102.110001
100.349998
99.699997
101.370003
100.800003
100.389999
100.349998
100.239998
102.169998
101.209999
100.889999
decrease
