28.719999
28.65
28.9
28.77
28.790001
28.709999
27.98
27.190001
27.209999
26.190001
26.08
26.459999
26.51
26.0
25.450001
25.700001
25.450001
25.26
24.809999
24.389999
24.530001
25.18
25.459999
24.969999
24.870001
25.0
25.25
25.530001
25.83
26.059999
25.85
25.629999
25.51
25.629999
25.280001
25.27
25.6
25.540001
25.42
25.52
25.6
25.549999
24.73
24.799999
24.82
25.059999
25.440001
25.389999
25.4
25.24
25.209999
25.51
25.450001
25.08
25.15
25.469999
25.48
25.49
25.49
25.549999
25.559999
25.360001
26.209999
25.709999
25.51
25.48
25.07
25.540001
25.139999
25.5
23.129999
22.98
23.790001
23.59
22.6
23.02
23.02
22.389999
21.93
21.870001
21.75
21.52
21.35
21.030001
21.25
21.09
21.219999
21.200001
21.25
21.389999
21.52
21.18
20.85
21.01
20.92
20.41
20.629999
20.1
20.059999
19.620001
19.77
19.959999
20.200001
20.639999
20.139999
20.059999
20.07
20.299999
20.42
20.360001
20.290001
20.34
20.24
20.26
20.41
20.4
20.57
20.370001
20.25
19.790001
19.4
18.93
18.23
18.25
18.049999
18.09
18.530001
18.969999
19.26
18.66
18.450001
18.18
18.27
17.98
17.93
17.809999
18.09
16.26
15.39
16.01
16.209999
15.99
16.1
16.120001
15.93
15.27
15.75
15.72
16.459999
16.280001
16.209999
16.719999
16.459999
16.389999
16.870001
17.780001
18.08
18.4
19.52
18.57
18.26
18.34
18.4
18.440001
18.32
18.5
18.65
19.75
20.41
20.84
21.120001
22.16
22.469999
22.299999
21.74
21.280001
21.17
21.83
21.48
20.889999
20.790001
21.129999
20.5
21.690001
22.709999
23.0
23.200001
23.4
24.23
24.43
25.09
24.5
24.67
24.440001
24.82
24.700001
23.870001
23.860001
24.17
22.799999
21.709999
22.66
21.950001
21.58
21.389999
21.870001
22.27
22.68
22.82
22.65
23.040001
22.889999
22.6
22.74
23.83
24.75
22.98
22.700001
23.15
23.01
22.860001
22.389999
22.459999
22.49
22.620001
22.450001
22.25
21.610001
21.58
21.24
20.309999
20.5
19.879999
19.42
19.889999
19.73
19.27
19.52
19.57
20.17
20.66
20.73
20.73
20.67
20.68
20.549999
21.35
21.040001
21.49
21.959999
21.74
21.629999
decrease
