29.32
29.16
29.4
29.290001
29.389999
29.389999
28.780001
27.98
27.959999
26.780001
26.629999
27.09
27.25
26.66
26.110001
26.33
26.07
26.01
25.58
25.110001
25.18
25.870001
26.209999
25.629999
25.459999
25.6
25.870001
26.200001
26.5
26.74
26.49
26.209999
26.16
26.41
26.07
26.1
26.59
26.440001
26.27
26.41
26.52
26.43
25.51
25.58
25.52
25.790001
26.200001
26.129999
26.139999
26.0
25.83
26.200001
26.08
25.780001
25.82
26.25
26.200001
26.17
26.16
26.219999
26.4
26.049999
27.18
26.6
26.549999
26.49
25.93
26.58
26.389999
26.799999
24.6
24.379999
25.01
24.74
23.73
24.25
24.299999
23.6
23.0
22.91
22.9
22.76
22.6
22.24
22.49
22.34
22.49
22.49
22.52
22.66
22.809999
22.450001
22.190001
22.209999
22.16
21.620001
21.860001
21.34
21.25
20.799999
21.0
21.200001
21.48
21.940001
21.32
21.290001
21.26
21.35
21.41
21.35
21.280001
21.469999
21.389999
21.290001
21.530001
21.530001
21.719999
21.52
21.41
20.83
20.530001
20.0
19.280001
19.24
19.059999
19.16
19.629999
20.09
20.290001
19.620001
19.459999
19.26
19.34
19.08
18.98
18.879999
19.16
17.309999
16.52
17.1
17.33
17.1
17.17
17.190001
16.99
16.280001
16.719999
16.76
17.549999
17.360001
17.25
17.790001
17.5
17.469999
17.969999
18.870001
19.02
19.459999
20.85
19.860001
19.440001
19.530001
19.66
19.77
19.65
19.790001
20.040001
21.040001
21.639999
22.01
22.370001
23.360001
23.73
23.57
23.049999
22.549999
22.379999
23.110001
22.620001
22.129999
22.0
22.370001
21.65
22.83
24.01
24.33
24.530001
24.700001
25.59
25.709999
26.33
25.700001
26.01
25.73
26.040001
25.91
24.969999
25.07
25.280001
23.809999
22.780001
23.84
23.120001
22.870001
22.610001
23.09
23.530001
23.83
24.040001
23.860001
24.309999
24.09
23.799999
24.01
25.17
26.040001
24.32
24.059999
24.67
24.540001
24.42
23.940001
23.959999
24.190001
24.42
24.25
24.07
23.4
23.209999
22.950001
21.99
22.16
21.52
21.08
21.74
21.68
21.17
21.43
21.58
22.030001
22.540001
22.629999
22.620001
22.530001
22.6
22.549999
23.18
22.83
23.4
23.77
23.51
23.379999
decrease
