59.84
59.610001
60.34
62.540001
63.299999
65.0
64.440002
62.93
63.169998
60.380001
60.060001
61.599998
61.279999
61.240002
61.669998
61.630001
61.369999
61.509998
62.27
62.77
62.549999
63.529999
63.799999
63.860001
63.330002
63.900002
64.120003
63.630001
63.77
65.209999
66.080002
66.190002
64.580002
64.889999
63.970001
65.019997
64.989998
66.040001
64.879997
65.279999
64.5
64.980003
63.240002
63.240002
63.02
63.889999
63.849998
63.830002
64.739998
62.689999
62.759998
62.880001
62.77
63.400002
63.889999
64.300003
64.779999
65.190002
64.650002
66.0
65.870003
65.529999
65.089996
65.089996
64.720001
64.330002
64.440002
64.269997
63.880001
63.939999
64.029999
65.489998
64.0
61.110001
60.619999
60.040001
59.709999
59.740002
58.189999
58.459999
58.720001
58.150002
58.459999
56.939999
56.84
56.650002
57.450001
57.279999
57.310001
56.639999
56.66
57.77
57.200001
57.290001
58.470001
57.150002
57.599998
55.48
54.599998
54.560001
54.59
53.939999
53.07
52.950001
52.849998
53.380001
53.560001
53.25
53.259998
54.0
52.150002
53.310001
53.009998
54.23
53.830002
54.32
54.09
54.029999
53.330002
51.68
51.700001
51.650002
49.029999
48.380001
49.029999
48.849998
49.709999
49.32
49.299999
48.98
49.0
49.0
47.919998
46.490002
48.389999
48.540001
48.77
48.27
48.07
50.82
50.07
48.73
50.299999
50.810001
50.860001
50.509998
50.610001
50.5
50.66
50.009998
50.040001
50.43
49.869999
49.650002
50.41
51.279999
50.650002
50.32
51.599998
52.029999
49.310001
48.950001
48.59
49.43
49.630001
48.990002
48.52
48.57
49.849998
48.470001
48.700001
49.119999
48.529999
48.34
47.669998
47.849998
47.75
50.200001
49.360001
49.380001
49.220001
48.900002
48.57
48.41
49.25
49.48
47.990002
45.450001
45.16
45.259998
46.259998
46.330002
47.73
47.029999
47.189999
47.299999
47.259998
46.900002
47.16
46.790001
44.73
43.32
45.099998
43.77
43.400002
44.0
44.330002
44.93
45.689999
45.689999
44.57
43.18
43.869999
44.48
44.950001
43.639999
41.689999
40.720001
40.98
41.450001
41.220001
41.419998
41.380001
40.759998
41.349998
40.990002
40.5
40.080002
40.759998
39.650002
38.799999
39.060001
37.77
36.650002
37.09
37.25
37.439999
37.889999
37.209999
38.5
38.779999
39.459999
38.509998
38.419998
39.240002
38.84
38.68
38.529999
38.970001
38.689999
39.110001
38.52
decrease
