113.279999
112.879997
111.949997
112.089996
111.220001
113.290001
114.839996
114.260002
112.769997
111.510002
111.870003
113.809998
113.540001
114.0
114.43
113.669998
115.080002
115.959999
115.220001
115.209999
114.660004
114.839996
115.879997
116.190002
117.169998
118.760002
117.809998
118.0
118.190002
117.800003
119.769997
118.959999
118.830002
118.019997
116.75
113.32
114.699997
115.360001
117.449997
117.75
116.610001
116.550003
117.639999
119.080002
120.419998
120.540001
120.150002
116.639999
115.360001
112.93
112.949997
113.309998
111.0
109.360001
110.150002
110.059998
109.599998
112.0
112.5
112.43
112.709999
113.010002
112.349998
112.110001
112.459999
113.25
112.440002
113.32
114.150002
113.18
115.339996
117.589996
117.129997
115.75
115.199997
114.559998
113.769997
114.410004
112.849998
111.82
114.849998
115.129997
116.489998
115.489998
114.860001
116.440002
117.629997
118.139999
117.940002
118.139999
117.57
117.370003
118.059998
118.339996
117.709999
119.18
119.690002
121.43
120.629997
126.040001
124.779999
121.540001
120.93
117.589996
117.099998
117.260002
114.949997
116.230003
114.510002
114.220001
113.290001
115.25
116.160004
118.330002
118.459999
116.5
117.050003
118.410004
118.220001
118.959999
119.760002
120.620003
122.75
121.779999
121.739998
122.720001
123.849998
123.879997
123.389999
120.220001
121.190002
122.980003
115.809998
116.550003
117.589996
118.440002
116.940002
118.769997
119.059998
121.830002
122.010002
123.5
122.239998
120.849998
122.699997
122.720001
120.150002
120.269997
118.110001
117.410004
118.279999
117.209999
117.540001
118.059998
118.529999
116.989998
116.699997
118.809998
110.589996
113.019997
112.639999
114.139999
114.809998
114.949997
114.900002
115.309998
115.269997
114.459999
114.099998
111.779999
110.419998
109.309998
110.980003
111.589996
112.5
114.029999
113.900002
112.660004
113.690002
112.279999
113.0
114.150002
112.599998
109.540001
107.940002
105.779999
107.480003
107.010002
106.959999
107.300003
109.339996
111.110001
110.849998
111.410004
111.650002
107.370003
106.559998
111.949997
107.980003
107.709999
104.330002
104.5
104.169998
98.959999
102.209999
105.050003
105.120003
105.269997
105.449997
102.199997
99.580002
97.949997
100.830002
102.199997
101.580002
100.300003
100.639999
98.900002
98.220001
100.360001
101.18
103.059998
103.720001
103.139999
104.349998
105.660004
105.470001
105.330002
106.370003
104.75
104.970001
103.370003
102.910004
102.300003
102.099998
102.709999
105.040001
105.379997
102.93
103.019997
104.599998
105.209999
104.300003
104.379997
103.480003
104.550003
100.989998
102.440002
103.190002
104.510002
104.120003
103.169998
decrease
