79.57
78.809998
79.790001
80.690002
81.730003
83.129997
82.769997
80.75
81.699997
81.919998
81.959999
82.0
82.290001
82.779999
83.019997
81.489998
81.290001
80.940002
79.099998
78.080002
79.0
79.68
80.919998
78.849998
78.080002
78.800003
78.279999
78.169998
77.699997
80.559998
80.43
79.279999
76.879997
75.410004
74.839996
75.379997
75.349998
75.5
75.269997
72.730003
70.07
70.550003
68.940002
68.050003
67.68
66.599998
68.489998
69.220001
69.970001
69.730003
69.919998
69.889999
68.209999
67.93
67.980003
66.389999
66.870003
67.400002
68.57
69.110001
69.870003
69.279999
70.349998
70.769997
70.889999
69.279999
70.589996
70.919998
72.239998
71.800003
72.080002
73.010002
72.970001
73.529999
74.110001
75.529999
75.75
74.919998
73.080002
73.5
74.620003
73.440002
74.440002
74.339996
74.25
74.25
74.949997
74.32
78.5
80.389999
80.379997
79.699997
79.720001
79.639999
81.059998
82.489998
82.730003
83.230003
82.830002
83.400002
83.980003
84.410004
83.459999
83.480003
83.190002
83.43
83.419998
83.139999
84.620003
84.989998
84.889999
85.669998
85.68
86.82
86.470001
86.82
89.050003
89.150002
89.419998
88.370003
89.300003
91.230003
91.370003
91.5
91.949997
91.529999
91.470001
91.410004
92.370003
91.720001
91.779999
91.610001
93.230003
93.209999
91.440002
91.25
91.120003
92.550003
93.75
93.389999
93.620003
93.900002
94.379997
95.059998
93.690002
93.449997
93.089996
94.629997
94.610001
97.110001
99.459999
99.769997
98.379997
98.199997
100.940002
104.139999
102.760002
103.010002
106.370003
105.889999
105.519997
107.309998
108.669998
107.07
106.220001
105.589996
104.650002
106.290001
109.099998
109.169998
108.919998
108.470001
109.459999
108.5
107.489998
108.07
107.309998
108.690002
108.019997
108.860001
111.139999
109.099998
109.690002
109.629997
111.349998
114.839996
112.879997
112.800003
112.900002
114.730003
115.019997
114.699997
114.339996
115.07
115.43
116.349998
114.599998
115.0
113.870003
108.830002
105.239998
107.849998
106.080002
101.580002
107.620003
104.739998
104.839996
105.870003
108.57
107.959999
106.809998
105.690002
107.0
106.610001
106.220001
103.93
102.639999
104.089996
104.410004
102.639999
104.360001
89.25
91.32
92.699997
94.290001
94.419998
92.809998
94.160004
95.75
94.57
94.940002
94.720001
93.540001
91.949997
95.209999
93.629997
93.910004
94.900002
94.400002
94.879997
97.559998
99.0
98.720001
98.739998
99.07
98.25
98.099998
97.129997
97.550003
98.870003
100.519997
98.900002
decrease
