79.709999
79.32
80.660004
81.269997
81.010002
79.639999
78.879997
78.559998
77.830002
77.43
77.059998
78.760002
78.830002
79.43
80.050003
79.889999
79.599998
81.32
81.190002
80.309998
80.830002
83.139999
83.150002
83.5
83.239998
82.290001
82.5
83.389999
82.550003
83.550003
83.150002
83.43
83.709999
81.620003
82.379997
83.019997
82.849998
83.470001
81.800003
82.379997
82.940002
83.050003
80.949997
77.650002
77.739998
78.510002
78.699997
78.139999
79.300003
78.779999
80.220001
82.0
81.620003
82.209999
83.169998
83.330002
83.209999
84.400002
83.730003
84.32
84.470001
84.459999
85.199997
83.169998
82.870003
83.949997
84.279999
83.360001
83.860001
83.959999
84.0
83.620003
84.300003
86.459999
86.540001
87.25
86.870003
86.830002
85.510002
85.050003
85.580002
85.129997
85.360001
84.040001
83.860001
83.699997
84.790001
84.489998
84.199997
85.269997
84.480003
83.849998
84.739998
84.879997
85.389999
85.0
85.959999
86.300003
87.300003
87.940002
88.040001
88.580002
90.040001
89.809998
90.050003
90.959999
92.279999
92.040001
92.43
92.239998
91.870003
91.440002
91.510002
91.389999
92.489998
93.040001
93.690002
93.760002
94.07
93.830002
93.610001
93.82
94.07
94.480003
94.769997
94.050003
93.57
89.5
94.949997
95.540001
95.889999
95.0
96.470001
96.0
95.849998
95.489998
94.540001
95.040001
95.919998
96.120003
96.160004
96.050003
94.010002
93.790001
93.790001
93.610001
92.699997
94.010002
94.220001
94.639999
94.790001
94.709999
94.550003
94.400002
96.519997
95.860001
97.709999
96.879997
97.540001
95.949997
96.279999
96.709999
98.599998
96.779999
97.190002
96.18
95.75
97.480003
99.269997
99.540001
99.510002
100.860001
100.459999
101.120003
101.139999
101.440002
100.989998
101.690002
102.510002
103.099998
102.379997
102.440002
104.050003
102.699997
103.510002
104.139999
103.360001
104.339996
103.989998
104.410004
104.839996
105.559998
104.779999
104.43
105.040001
103.68
107.050003
106.209999
105.339996
103.220001
98.57
99.830002
99.919998
96.199997
97.349998
98.269997
98.120003
99.690002
101.589996
101.209999
100.209999
99.980003
102.059998
102.730003
104.389999
101.940002
100.099998
97.900002
97.970001
98.57
100.010002
99.510002
100.190002
102.690002
101.5
100.620003
99.0
99.120003
100.080002
99.900002
103.910004
103.07
98.980003
98.349998
99.809998
98.110001
96.209999
98.220001
95.870003
96.489998
97.129997
97.690002
93.190002
93.0
94.540001
93.550003
93.690002
93.860001
94.300003
94.0
95.989998
96.0
increase
