98.089996
97.970001
98.25
98.410004
92.980003
92.169998
91.650002
90.879997
90.230003
90.830002
91.209999
91.209999
91.080002
90.510002
90.470001
90.900002
90.349998
91.089996
90.970001
90.32
90.43
90.919998
91.470001
91.900002
93.279999
93.300003
93.449997
92.589996
92.809998
92.93
92.839996
92.879997
92.290001
93.5
92.099998
91.400002
92.660004
92.910004
93.739998
93.779999
93.260002
95.529999
96.059998
95.779999
92.300003
92.910004
92.919998
91.629997
92.220001
90.900002
91.110001
91.5
89.769997
89.07
89.260002
89.209999
88.730003
89.279999
89.449997
90.32
90.279999
90.970001
91.400002
91.260002
91.379997
91.5
91.889999
92.150002
92.029999
90.839996
91.160004
91.050003
90.989998
90.860001
90.660004
91.059998
90.309998
90.32
90.379997
90.379997
91.290001
91.970001
92.440002
91.720001
91.080002
91.400002
91.93
91.129997
89.959999
90.339996
90.339996
90.400002
90.790001
91.050003
91.720001
91.82
92.080002
92.089996
91.519997
92.110001
92.239998
91.730003
91.589996
91.540001
91.970001
91.800003
91.68
89.5
88.739998
87.940002
88.709999
87.650002
88.360001
88.470001
87.669998
87.129997
87.68
87.93
88.260002
88.059998
88.610001
88.800003
89.059998
89.25
89.629997
89.370003
89.150002
89.309998
89.029999
90.330002
89.709999
85.519997
86.459999
85.75
85.050003
85.660004
85.889999
85.339996
85.620003
84.470001
84.480003
85.610001
85.690002
86.32
87.029999
87.82
87.330002
87.120003
87.260002
87.230003
87.029999
86.400002
86.559998
86.910004
87.620003
89.459999
90.190002
90.260002
93.099998
93.5
94.949997
94.099998
94.150002
94.519997
94.160004
93.760002
92.980003
93.919998
94.160004
94.230003
95.980003
95.800003
96.120003
96.330002
97.019997
96.889999
97.059998
95.269997
95.32
95.769997
95.5
95.68
95.519997
95.669998
95.639999
95.239998
94.910004
95.900002
95.32
96.349998
96.760002
96.730003
95.959999
95.690002
95.650002
117.07
119.0
119.349998
120.099998
118.709999
118.330002
118.349998
118.0
116.93
116.709999
116.739998
115.949997
114.910004
115.510002
115.120003
116.059998
115.379997
114.809998
115.370003
115.959999
116.300003
116.25
116.440002
116.239998
115.910004
116.120003
116.300003
117.349998
117.949997
117.589996
117.650002
117.809998
117.269997
117.599998
118.360001
118.400002
118.0
118.019997
117.949997
118.419998
118.279999
118.360001
118.379997
118.099998
118.190002
118.419998
118.650002
118.599998
119.5
120.339996
120.529999
120.75
120.809998
121.040001
120.669998
119.959999
120.440002
decrease
