27.610001
27.73
27.459999
27.459999
27.43
27.959999
27.73
27.73
27.780001
27.549999
27.639999
27.870001
28.16
27.879999
28.01
28.01
27.700001
28.120001
28.139999
28.49
28.299999
28.57
28.719999
28.83
28.969999
28.870001
28.66
28.51
28.67
29.0
29.18
28.879999
28.709999
28.6
28.33
28.450001
28.66
28.65
28.870001
29.059999
28.83
28.879999
28.459999
28.5
28.280001
28.16
28.049999
27.67
27.76
27.65
27.950001
28.09
27.620001
27.33
27.700001
27.440001
27.49
27.9
27.65
27.83
28.15
28.360001
28.790001
27.98
27.77
27.91
27.73
28.42
28.75
28.870001
28.59
28.889999
28.9
28.709999
28.690001
28.42
28.74
28.52
28.26
28.26
28.82
28.860001
28.9
28.52
28.860001
29.43
29.18
29.540001
29.33
29.379999
29.299999
29.41
29.469999
29.719999
29.530001
29.48
29.440001
29.41
29.33
30.139999
29.51
29.360001
29.700001
29.57
29.58
29.450001
29.49
29.42
29.110001
29.280001
28.860001
28.610001
28.950001
28.82
28.959999
29.01
29.1
29.0
29.01
29.02
28.9
28.93
29.049999
29.030001
28.940001
28.950001
29.139999
28.879999
28.85
28.74
28.639999
28.790001
28.610001
28.620001
28.379999
28.48
28.709999
28.709999
28.82
28.92
28.98
29.030001
28.93
28.959999
29.110001
29.120001
28.700001
29.01
28.84
28.91
29.299999
29.219999
29.15
29.08
29.0
28.65
28.129999
28.280001
27.85
27.360001
27.379999
27.780001
27.91
27.709999
27.809999
27.719999
27.809999
27.82
27.85
27.27
27.02
26.790001
26.860001
26.92
27.120001
27.299999
27.209999
26.889999
26.809999
26.299999
26.459999
26.48
26.23
25.870001
25.629999
25.709999
25.799999
26.030001
25.389999
25.639999
25.98
26.200001
26.02
26.01
26.09
25.790001
25.700001
26.41
26.969999
26.780001
25.610001
25.52
25.370001
24.52
25.370001
25.299999
25.620001
25.530001
25.639999
25.879999
25.469999
24.82
24.9
25.469999
25.41
24.83
24.77
24.75
24.59
24.98
24.940001
25.190001
25.440001
25.76
25.73
25.6
25.700001
25.85
26.129999
26.08
26.07
26.02
25.75
25.27
25.42
26.030001
26.27
26.48
25.74
25.889999
26.030001
25.969999
25.68
25.610001
25.709999
25.66
25.389999
25.719999
25.940001
26.440001
26.620001
26.209999
decrease
