84.050003
84.160004
85.18
85.550003
86.050003
85.959999
85.190002
85.629997
86.82
87.419998
87.330002
87.330002
87.080002
87.269997
87.629997
88.220001
88.309998
88.400002
85.959999
85.529999
86.449997
86.959999
87.400002
86.639999
87.209999
88.099998
87.949997
87.489998
88.93
90.089996
91.300003
91.82
91.980003
92.050003
91.849998
92.120003
91.940002
90.019997
90.470001
89.800003
89.300003
90.57
88.68
88.279999
89.160004
88.730003
90.080002
92.690002
91.559998
91.760002
90.440002
91.339996
90.129997
89.68
90.169998
89.25
89.300003
89.610001
88.57
88.949997
89.660004
89.040001
89.860001
89.57
88.68
86.629997
86.849998
85.830002
84.489998
83.849998
83.879997
84.800003
84.559998
82.080002
83.150002
83.769997
81.830002
81.279999
82.529999
83.339996
82.75
83.480003
84.389999
84.129997
83.989998
84.510002
85.300003
83.440002
82.379997
83.68
84.839996
82.639999
82.879997
82.089996
81.919998
81.190002
78.360001
77.050003
78.550003
79.739998
81.220001
83.620003
83.199997
83.860001
84.370003
83.309998
83.800003
83.059998
82.879997
83.139999
77.709999
79.150002
78.959999
78.779999
79.169998
80.110001
79.599998
79.720001
80.830002
79.739998
79.279999
79.339996
79.209999
79.419998
80.199997
81.559998
81.959999
81.970001
82.769997
82.349998
82.639999
81.809998
82.790001
83.330002
82.769997
82.269997
82.080002
81.809998
82.279999
82.400002
81.650002
82.120003
82.139999
82.639999
82.839996
82.849998
81.949997
82.330002
82.809998
82.290001
80.330002
79.760002
80.239998
80.279999
83.059998
84.809998
84.32
85.040001
86.059998
86.139999
85.529999
85.279999
86.410004
86.550003
87.139999
87.599998
86.959999
88.410004
90.540001
96.690002
95.669998
95.059998
96.400002
97.150002
97.410004
97.5
96.019997
96.32
98.540001
98.519997
99.309998
98.779999
97.489998
96.790001
97.599998
98.019997
96.739998
97.459999
97.360001
99.040001
98.059998
97.489998
97.550003
97.860001
98.489998
98.230003
96.540001
95.849998
97.510002
96.040001
94.220001
94.379997
95.080002
91.330002
92.690002
94.220001
94.720001
95.610001
97.690002
96.519997
94.900002
95.300003
95.190002
95.349998
96.32
92.879997
92.190002
92.5
95.470001
94.449997
94.120003
93.389999
93.620003
94.809998
94.75
94.480003
94.209999
93.620003
94.550003
94.370003
95.110001
93.309998
85.940002
84.25
84.82
84.220001
84.379997
85.25
84.07
84.559998
86.839996
86.669998
86.860001
86.550003
86.589996
86.5
86.849998
87.720001
88.949997
89.419998
89.760002
89.760002
increase
