103.440002
103.949997
104.449997
104.279999
104.440002
105.07
104.589996
103.940002
104.260002
103.839996
104.190002
104.540001
104.489998
103.970001
104.620003
104.760002
105.419998
105.949997
104.800003
105.169998
105.339996
106.029999
107.040001
107.370003
107.919998
108.980003
108.879997
109.150002
109.519997
110.410004
110.93
110.209999
110.160004
110.629997
108.980003
108.980003
108.970001
109.410004
110.489998
110.559998
111.190002
110.900002
111.019997
110.129997
109.580002
108.889999
109.400002
107.669998
106.239998
105.919998
105.790001
105.540001
105.440002
105.169998
105.260002
104.93
104.68
105.589996
104.889999
105.389999
106.080002
105.75
105.940002
106.769997
107.940002
106.370003
106.300003
107.379997
107.349998
106.720001
107.059998
106.989998
107.599998
108.870003
108.940002
108.93
109.400002
108.529999
109.059998
107.870003
109.050003
109.169998
109.879997
109.900002
110.629997
110.889999
111.370003
111.889999
111.739998
111.5
112.139999
112.110001
111.970001
112.32
112.120003
112.769997
111.68
111.860001
112.839996
113.510002
111.290001
110.230003
111.580002
111.449997
110.529999
110.18
108.879997
109.019997
108.379997
109.739998
109.529999
107.239998
107.660004
107.360001
107.370003
106.599998
107.550003
107.75
107.68
107.93
109.290001
109.699997
110.669998
109.889999
109.629997
110.160004
110.550003
112.139999
112.239998
113.050003
112.699997
110.769997
110.120003
110.830002
110.339996
110.459999
110.279999
110.800003
110.900002
111.580002
112.809998
113.190002
113.220001
112.449997
114.239998
115.580002
114.470001
113.989998
112.919998
112.230003
112.639999
112.620003
112.650002
113.639999
114.339996
114.559998
115.57
115.209999
115.529999
114.349998
115.0
115.07
115.489998
115.989998
114.010002
113.82
113.620003
113.230003
111.160004
109.010002
108.25
108.25
108.720001
108.129997
108.739998
109.610001
109.459999
108.449997
108.099998
106.300003
106.199997
106.980003
105.68
104.639999
103.93
103.919998
104.139999
104.089996
103.470001
103.150002
103.360001
104.669998
104.43
105.959999
105.5
104.389999
104.239998
105.639999
104.220001
103.279999
102.0
99.360001
99.269997
98.489998
101.059998
101.25
102.209999
101.230003
103.150002
105.220001
103.199997
101.900002
101.860001
104.699997
103.760002
102.029999
100.779999
100.730003
100.790001
102.57
101.199997
99.919998
100.400002
100.529999
100.910004
100.93
101.769997
101.720001
102.269997
102.190002
102.150002
102.529999
102.550003
101.089996
102.120003
103.809998
104.0
104.400002
103.669998
104.419998
103.889999
104.629997
104.059998
104.339996
103.559998
103.339996
102.099998
102.440002
103.610001
104.489998
104.010002
103.739998
decrease
