82.029999
82.209999
82.580002
82.690002
82.599998
82.900002
82.5
82.07
82.389999
82.040001
82.589996
82.980003
82.919998
82.110001
82.480003
83.0
83.480003
83.580002
83.120003
82.779999
83.25
83.370003
84.099998
84.300003
84.690002
85.139999
85.07
85.410004
85.68
86.400002
86.279999
85.830002
85.809998
86.089996
85.379997
85.720001
85.620003
85.949997
86.32
86.949997
87.139999
86.889999
86.910004
86.57
86.279999
85.959999
86.699997
85.699997
84.970001
84.029999
83.589996
83.309998
83.290001
83.209999
83.419998
83.190002
83.18
83.980003
83.370003
83.839996
84.029999
84.190002
84.349998
84.93
85.199997
84.550003
83.809998
84.449997
85.050003
84.910004
85.120003
85.169998
85.739998
86.510002
86.480003
86.260002
86.599998
86.199997
86.389999
85.699997
86.120003
86.889999
86.309998
85.870003
86.379997
86.580002
86.550003
86.879997
86.769997
87.230003
87.419998
87.5
87.279999
87.300003
87.089996
87.410004
86.989998
87.339996
87.779999
88.339996
87.279999
86.769997
87.5
87.300003
86.059998
85.980003
85.199997
85.160004
84.25
85.139999
84.82
83.940002
84.260002
83.919998
84.360001
83.849998
84.470001
84.290001
84.639999
84.82
85.790001
86.389999
86.970001
86.790001
87.129997
87.510002
87.040001
87.849998
87.93
87.540001
87.989998
87.75
87.360001
87.949997
88.110001
88.309998
87.860001
88.559998
88.519997
87.870003
89.360001
89.230003
89.629997
88.889999
89.879997
91.089996
90.580002
89.209999
88.519997
88.660004
88.809998
88.629997
88.779999
88.879997
88.980003
89.0
89.18
88.730003
88.620003
87.959999
88.309998
87.900002
88.050003
88.370003
87.129997
87.559998
87.559998
87.839996
86.540001
85.010002
84.489998
84.300003
84.169998
83.599998
83.980003
83.989998
84.110001
83.230003
82.970001
82.32
81.940002
82.199997
81.239998
80.110001
79.279999
78.900002
78.419998
78.410004
77.339996
76.82
76.949997
77.709999
77.239998
78.900002
78.830002
77.290001
77.660004
78.5
76.839996
76.529999
75.809998
74.489998
74.400002
74.32
76.099998
76.809998
77.080002
75.480003
76.199997
76.699997
75.690002
75.330002
75.540001
77.220001
77.919998
76.330002
75.339996
75.559998
75.349998
77.489998
75.860001
75.25
75.989998
76.129997
76.550003
76.470001
77.0
76.739998
77.589996
77.040001
76.43
76.18
76.190002
75.169998
75.919998
77.099998
77.419998
77.470001
77.099998
77.260002
77.709999
78.599998
78.160004
78.470001
77.519997
77.080002
76.139999
76.669998
77.959999
78.5
78.279999
78.519997
decrease
