68.43
67.739998
68.269997
68.5
68.480003
68.82
69.010002
69.080002
70.089996
66.449997
65.239998
65.449997
65.389999
65.870003
66.540001
66.879997
66.639999
66.029999
62.09
63.950001
64.099998
64.57
64.699997
64.879997
64.769997
66.269997
64.75
65.199997
66.260002
67.419998
66.43
65.690002
65.480003
64.050003
63.610001
64.470001
65.220001
65.610001
65.970001
65.559998
66.169998
66.050003
65.080002
64.290001
65.07
64.889999
64.449997
64.120003
64.720001
64.059998
64.760002
64.379997
64.099998
63.049999
63.419998
62.34
63.360001
63.880001
64.239998
64.699997
65.269997
65.209999
65.410004
66.419998
65.760002
65.480003
65.370003
64.889999
64.879997
65.470001
64.779999
64.129997
58.459999
58.5
57.700001
56.849998
57.049999
56.52
56.130001
56.549999
56.919998
56.98
57.34
56.560001
56.23
56.470001
56.779999
56.709999
56.939999
57.23
57.32
57.07
57.52
58.560001
57.880001
57.23
57.419998
57.369999
58.310001
59.799999
60.290001
59.779999
59.709999
59.630001
60.709999
59.279999
60.529999
61.259998
57.490002
57.68
58.470001
58.310001
58.470001
59.389999
60.18
60.91
59.919998
60.380001
59.82
53.889999
54.32
54.560001
54.400002
54.73
56.93
56.490002
57.720001
58.700001
59.349998
61.0
62.5
62.599998
61.529999
61.889999
61.07
60.740002
59.830002
59.52
59.91
59.41
58.959999
54.34
55.110001
55.0
54.990002
54.66
54.380001
55.639999
54.91
54.759998
55.169998
55.389999
57.150002
57.990002
58.48
60.639999
61.060001
61.110001
61.93
60.93
69.199997
67.139999
67.709999
69.510002
70.400002
71.300003
69.029999
70.519997
71.07
71.800003
71.75
71.900002
71.980003
72.099998
72.309998
72.360001
72.25
72.540001
72.910004
74.849998
75.529999
75.660004
77.470001
78.07
80.029999
79.129997
79.150002
79.059998
78.190002
78.610001
78.949997
79.040001
78.639999
78.959999
79.099998
79.089996
78.93
78.040001
77.550003
75.650002
72.839996
74.029999
74.660004
71.910004
72.970001
73.410004
73.540001
74.75
73.839996
73.650002
72.769997
72.550003
72.07
73.18
73.5
73.669998
72.019997
70.449997
71.910004
72.190002
72.059998
72.190002
72.599998
72.459999
72.260002
70.190002
70.029999
69.449997
68.529999
68.410004
66.370003
66.839996
65.790001
65.0
65.639999
65.339996
66.0
65.940002
63.790001
64.349998
63.669998
64.190002
63.029999
62.77
63.18
62.959999
62.869999
62.900002
63.169998
63.080002
64.160004
64.120003
decrease
