39.700001
39.73
39.82
40.59
40.59
39.349998
39.490002
39.310001
38.849998
38.169998
36.98
38.02
38.16
37.889999
38.540001
37.950001
37.860001
38.16
37.919998
37.349998
36.900002
38.389999
38.080002
37.82
37.130001
35.73
35.82
34.490002
33.98
34.27
33.130001
33.049999
33.900002
31.92
31.49
32.580002
32.720001
33.490002
32.189999
31.49
31.76
31.32
31.16
30.15
30.01
30.48
30.719999
30.35
30.549999
31.809999
31.969999
32.779999
31.1
30.18
29.540001
29.73
30.530001
30.809999
31.200001
31.65
31.35
31.360001
32.5
31.99
31.959999
31.74
32.98
32.990002
33.470001
33.209999
33.310001
32.98
33.400002
32.27
33.66
32.400002
32.139999
32.080002
31.76
31.610001
31.07
30.92
30.66
30.18
30.4
30.34
30.4
30.98
31.120001
31.16
30.93
30.99
30.959999
31.4
32.110001
32.130001
32.68
32.389999
31.469999
31.809999
32.169998
33.509998
33.900002
33.650002
33.970001
33.77
34.889999
35.349998
35.779999
36.669998
36.93
37.169998
36.59
36.709999
36.599998
36.529999
35.860001
36.349998
35.779999
35.889999
36.0
36.080002
35.610001
35.869999
35.849998
35.73
35.220001
34.950001
34.93
34.650002
34.84
34.349998
34.91
35.880001
36.0
36.900002
39.080002
38.830002
39.27
40.860001
41.259998
40.259998
40.810001
40.41
39.650002
38.23
37.91
38.16
38.68
37.41
37.549999
37.990002
38.029999
36.790001
37.169998
37.099998
38.529999
38.84
38.639999
38.380001
36.880001
37.150002
38.049999
38.490002
38.41
38.119999
38.0
37.68
38.060001
38.700001
39.84
40.919998
41.57
42.580002
41.84
41.759998
41.400002
42.23
42.720001
43.23
43.110001
43.25
42.540001
42.18
43.07
44.040001
43.259998
43.439999
43.200001
42.849998
44.810001
44.52
44.52
43.91
43.860001
43.330002
41.52
41.369999
42.220001
40.029999
38.650002
38.380001
36.759998
34.939999
34.68
35.779999
34.57
35.560001
34.740002
34.110001
34.650002
30.57
30.41
31.43
31.610001
31.860001
30.67
30.540001
31.360001
32.0
31.33
30.950001
32.389999
32.720001
32.82
32.790001
32.619999
31.709999
31.959999
31.16
31.549999
32.919998
32.290001
32.23
32.470001
31.709999
31.200001
31.790001
30.35
31.370001
31.32
32.290001
31.450001
31.469999
33.599998
33.740002
32.830002
33.599998
33.619999
33.689999
36.099998
35.689999
decrease
