61.939999
62.16
62.82
64.809998
64.330002
63.189999
62.799999
62.52
62.52
61.709999
61.419998
63.09
62.369999
61.830002
61.709999
61.860001
62.040001
62.400002
62.299999
60.200001
60.580002
61.290001
60.98
60.779999
61.450001
60.650002
61.060001
60.889999
61.959999
62.759998
63.049999
63.209999
63.73
63.98
63.970001
64.739998
64.010002
65.260002
64.529999
64.099998
64.389999
65.220001
65.099998
63.68
63.830002
63.470001
63.57
63.09
63.25
62.709999
63.07
63.939999
63.419998
63.560001
63.889999
64.519997
64.550003
66.279999
65.610001
66.239998
66.120003
65.75
66.769997
66.389999
66.139999
66.220001
66.849998
66.419998
66.099998
65.68
64.239998
64.690002
64.300003
63.43
64.110001
63.880001
63.41
63.5
63.110001
63.259998
63.41
63.669998
63.939999
63.18
63.400002
63.860001
64.779999
64.580002
64.349998
64.540001
64.669998
64.220001
64.900002
66.650002
67.18
64.980003
64.870003
64.68
64.849998
66.849998
68.519997
69.5
70.019997
69.860001
69.769997
70.050003
70.410004
70.32
69.959999
70.339996
69.349998
68.800003
69.059998
69.230003
70.419998
70.360001
70.449997
70.970001
71.220001
71.68
71.57
71.620003
71.400002
71.43
70.93
70.879997
70.779999
70.889999
71.18
71.550003
71.860001
71.089996
73.050003
72.540001
71.68
72.309998
73.32
72.040001
71.160004
70.239998
71.139999
70.809998
70.230003
69.970001
70.459999
68.57
68.970001
70.68
70.739998
70.849998
71.260002
70.599998
71.160004
70.129997
71.089996
71.779999
71.959999
71.010002
72.129997
71.540001
71.080002
71.370003
70.730003
70.809998
70.790001
70.559998
70.32
70.0
71.389999
71.419998
71.269997
71.639999
72.110001
71.440002
71.440002
71.510002
71.220001
71.900002
73.050003
74.449997
75.419998
75.160004
75.339996
74.199997
75.220001
75.410004
74.949997
75.769997
76.029999
76.010002
76.18
76.139999
76.010002
76.650002
77.019997
75.870003
75.129997
75.580002
73.5
70.889999
67.839996
71.889999
70.599998
68.209999
69.480003
71.839996
70.75
71.330002
71.849998
71.949997
71.620003
70.959999
71.93
73.260002
74.059998
72.360001
70.300003
68.760002
68.43
69.660004
70.790001
70.169998
70.580002
72.230003
71.339996
70.57
68.989998
67.879997
67.959999
66.559998
66.389999
67.43
65.620003
63.060001
64.480003
63.639999
62.41
63.709999
62.040001
63.32
63.689999
65.440002
63.709999
63.689999
65.889999
64.730003
66.470001
66.169998
67.010002
67.550003
68.059998
66.529999
decrease
