75.489998
76.32
75.690002
76.129997
76.139999
75.879997
75.339996
76.400002
76.980003
77.269997
77.559998
78.389999
78.410004
79.0
79.610001
79.419998
79.620003
80.529999
80.589996
78.779999
78.120003
78.07
78.480003
78.269997
77.949997
78.639999
78.660004
78.339996
77.519997
77.139999
77.589996
77.75
76.870003
76.769997
76.150002
75.099998
75.550003
75.93
74.790001
74.099998
74.839996
76.709999
75.919998
76.419998
76.720001
78.459999
78.849998
77.519997
78.400002
78.540001
76.720001
75.949997
76.239998
76.510002
77.459999
77.849998
77.730003
78.68
78.559998
78.510002
78.209999
77.980003
78.709999
78.639999
79.940002
80.25
80.059998
80.059998
78.480003
78.43
78.379997
79.330002
78.110001
78.440002
78.720001
78.870003
77.489998
82.980003
81.269997
82.050003
84.230003
85.349998
85.790001
83.580002
83.339996
83.269997
85.510002
85.07
85.029999
84.879997
84.790001
84.699997
84.43
85.0
84.910004
84.440002
84.010002
84.330002
84.169998
85.25
85.910004
85.360001
85.400002
85.07
84.849998
84.769997
84.889999
84.839996
85.510002
84.57
84.019997
84.620003
84.790001
85.879997
85.349998
85.110001
85.5
85.779999
87.440002
88.410004
88.089996
87.650002
91.199997
91.040001
91.489998
92.110001
91.57
91.029999
91.889999
91.489998
91.410004
90.629997
90.93
91.910004
91.18
91.519997
91.5
90.690002
91.449997
93.019997
92.529999
96.75
94.629997
95.940002
96.800003
95.760002
95.989998
97.32
96.900002
97.910004
99.019997
97.790001
97.760002
97.540001
98.0
95.519997
96.139999
95.580002
93.220001
92.870003
93.379997
94.650002
95.93
95.769997
94.790001
94.949997
94.199997
95.25
95.910004
94.93
95.379997
96.32
95.889999
95.900002
94.730003
94.970001
94.900002
95.050003
96.849998
99.18
100.629997
100.550003
101.629997
101.230003
101.089996
101.290001
101.059998
100.610001
100.480003
100.980003
101.709999
101.949997
101.190002
101.860001
102.5
100.120003
99.0
99.550003
99.489998
98.889999
96.089996
95.940002
96.080002
91.919998
96.989998
97.900002
97.239998
100.139999
101.089996
100.82
100.669998
100.879997
101.110001
103.980003
104.639999
103.139999
102.540001
100.93
101.099998
102.0
101.849998
102.400002
103.169998
106.720001
106.080002
106.040001
104.339996
104.440002
104.510002
105.75
107.309998
106.379997
103.040001
101.400002
103.940002
101.970001
100.599998
100.529999
99.480003
100.129997
101.459999
102.129997
99.760002
100.040001
102.529999
102.480003
104.0
103.080002
104.010002
104.309998
104.489998
104.059998
decrease
