91.209999
91.940002
92.809998
92.989998
93.5
94.239998
94.82
94.790001
94.25
94.110001
94.760002
95.739998
95.730003
96.010002
108.160004
108.580002
109.089996
110.900002
111.760002
105.239998
106.93
107.639999
108.389999
109.010002
112.309998
113.830002
112.129997
112.849998
113.330002
113.870003
114.519997
114.690002
113.690002
115.370003
114.290001
110.459999
108.900002
109.980003
110.019997
110.529999
110.510002
113.650002
113.470001
113.169998
112.620003
110.870003
111.860001
108.32
108.809998
106.68
105.720001
105.419998
106.760002
105.75
107.449997
107.839996
108.419998
110.68
108.980003
108.989998
109.440002
110.279999
111.580002
111.970001
112.220001
113.75
113.660004
118.0
117.599998
118.25
116.739998
116.919998
116.830002
118.849998
117.220001
116.959999
116.5
116.110001
113.989998
115.449997
117.110001
117.43
119.25
116.470001
116.879997
116.839996
119.029999
118.18
117.82
116.93
118.730003
119.230003
121.970001
121.5
119.309998
118.209999
117.0
118.93
118.279999
121.190002
120.410004
119.599998
119.190002
119.419998
119.959999
120.209999
120.339996
118.019997
118.5
114.199997
113.919998
115.970001
116.610001
118.059998
117.949997
117.959999
118.559998
119.519997
120.089996
118.620003
117.82
116.050003
117.139999
118.620003
117.480003
115.980003
113.160004
113.07
113.620003
113.660004
113.389999
114.559998
115.830002
116.889999
117.580002
119.599998
114.470001
112.690002
113.199997
112.459999
111.699997
114.150002
111.889999
112.75
112.010002
112.269997
111.480003
111.599998
108.82
107.639999
107.709999
107.32
107.940002
106.989998
109.470001
105.489998
106.349998
106.019997
100.830002
103.379997
103.18
104.370003
105.269997
107.919998
107.660004
105.540001
106.419998
109.279999
107.339996
107.0
108.449997
107.970001
106.019997
105.059998
105.230003
105.309998
105.059998
109.449997
109.75
107.190002
112.389999
113.220001
112.18
112.25
112.0
113.129997
111.919998
113.139999
115.279999
116.18
117.989998
117.669998
114.660004
114.5
115.199997
117.650002
118.699997
126.959999
128.179993
124.529999
121.639999
123.129997
123.050003
116.540001
120.639999
122.220001
122.279999
123.769997
126.480003
126.019997
126.339996
124.900002
124.610001
127.099998
128.570007
125.800003
123.699997
122.169998
125.089996
126.099998
124.550003
127.169998
128.820007
128.490005
128.119995
126.57
127.970001
129.119995
128.520004
125.440002
126.849998
126.0
122.980003
121.440002
126.440002
119.980003
119.330002
121.239998
118.720001
119.510002
120.110001
121.230003
118.360001
118.860001
120.709999
118.779999
121.089996
120.529999
122.190002
124.309998
124.93
123.110001
decrease
