32.529999
32.18
32.049999
32.810001
33.009998
33.060001
33.41
33.310001
33.509998
33.259998
33.509998
33.5
33.240002
33.720001
33.880001
34.119999
34.07
34.18
34.810001
33.580002
33.73
33.830002
33.860001
34.610001
34.82
35.220001
34.900002
34.619999
34.299999
34.790001
35.32
35.549999
35.470001
35.77
36.139999
34.939999
34.150002
34.459999
34.5
34.09
33.959999
34.900002
34.93
34.959999
35.119999
35.57
35.09
34.91
35.310001
34.509998
34.919998
34.599998
34.720001
34.029999
34.23
35.040001
35.189999
36.029999
36.5
37.080002
37.049999
36.799999
37.080002
37.18
36.610001
36.380001
36.32
37.040001
36.169998
35.939999
35.73
35.91
35.900002
35.709999
35.619999
36.110001
36.360001
36.080002
34.990002
35.049999
35.200001
35.25
35.360001
34.849998
34.779999
34.240002
34.810001
34.889999
34.880001
34.68
34.810001
35.200001
35.689999
36.130001
36.349998
36.09
36.759998
38.009998
37.790001
38.09
38.18
38.27
38.310001
38.400002
38.389999
38.59
38.540001
38.25
38.290001
37.779999
37.849998
38.049999
37.73
38.459999
38.73
38.709999
38.66
38.990002
38.810001
38.990002
38.84
38.310001
38.09
38.349998
37.77
37.490002
37.970001
37.290001
37.610001
36.830002
36.740002
36.68
36.900002
36.799999
37.0
37.639999
37.540001
37.400002
37.5
37.369999
37.41
37.009998
35.689999
35.970001
35.849998
35.220001
35.299999
35.619999
35.580002
35.529999
35.959999
35.939999
35.84
35.990002
35.5
34.380001
34.669998
35.200001
35.700001
36.810001
36.830002
36.849998
37.650002
37.52
37.439999
37.400002
37.599998
38.369999
38.18
37.799999
37.93
37.810001
37.759998
37.939999
37.610001
37.919998
37.740002
38.060001
39.220001
38.57
39.689999
39.799999
39.529999
37.700001
37.810001
38.02
37.68
37.990002
38.740002
38.43
39.580002
39.77
39.82
40.02
40.889999
40.799999
40.400002
40.580002
46.189999
44.299999
42.369999
42.790001
42.330002
41.02
41.66
42.32
42.150002
42.439999
43.009998
43.34
43.389999
43.119999
42.830002
43.68
43.830002
43.150002
42.860001
42.27
42.950001
43.189999
43.139999
43.93
43.68
43.810001
43.900002
42.82
42.830002
42.59
42.459999
42.09
41.959999
41.669998
40.580002
39.709999
41.009998
40.220001
40.110001
40.240002
39.360001
39.610001
39.790001
40.029999
39.09
38.880001
39.59
39.830002
40.529999
39.900002
40.189999
40.610001
41.75
42.110001
increase
