126.349998
126.199997
127.300003
128.25
128.800003
129.369995
129.089996
129.25
125.260002
125.57
126.220001
126.470001
125.949997
125.610001
126.660004
126.730003
126.510002
127.269997
127.379997
126.389999
126.739998
127.089996
127.82
128.050003
129.309998
130.309998
131.300003
131.559998
132.839996
133.779999
134.330002
133.660004
133.350006
133.520004
132.729996
133.809998
133.179993
134.490005
133.880005
133.850006
134.279999
134.610001
134.110001
132.139999
131.679993
131.660004
132.020004
131.779999
132.899994
131.449997
132.75
132.940002
133.270004
132.179993
132.619995
132.050003
131.889999
133.039993
132.059998
132.720001
132.169998
132.449997
133.050003
132.449997
133.050003
132.039993
132.899994
132.449997
131.820007
131.919998
131.669998
131.429993
132.899994
132.619995
132.899994
131.949997
131.240005
132.360001
130.229996
129.809998
131.460007
131.149994
132.410004
130.229996
130.110001
130.399994
131.479996
130.779999
130.330002
131.039993
131.460007
130.869995
130.979996
133.300003
132.850006
133.229996
130.889999
131.529999
131.119995
129.830002
129.979996
129.419998
131.009995
131.050003
130.529999
130.740005
130.800003
130.940002
131.330002
131.490005
130.229996
128.970001
129.270004
128.610001
130.649994
130.559998
130.759995
131.740005
131.970001
132.059998
132.699997
132.550003
133.910004
134.089996
134.449997
132.580002
131.699997
131.740005
132.800003
132.600006
132.300003
132.490005
132.669998
131.990005
130.919998
130.660004
131.270004
131.240005
131.380005
131.910004
130.949997
130.389999
130.25
130.300003
131.639999
131.399994
130.229996
131.990005
131.449997
132.130005
132.449997
132.990005
132.860001
132.809998
134.25
135.0
135.919998
134.889999
137.259995
137.419998
136.880005
135.919998
135.330002
134.669998
134.850006
135.0
134.369995
135.190002
135.839996
135.089996
134.080002
133.509995
133.970001
133.699997
134.100006
134.529999
134.179993
134.5
135.369995
136.470001
137.179993
136.699997
136.660004
135.119995
137.029999
137.679993
137.020004
137.429993
138.350006
139.75
140.339996
137.759995
137.309998
138.320007
138.149994
137.5
137.580002
137.679993
138.490005
137.059998
132.050003
131.740005
133.119995
127.760002
128.520004
130.160004
129.339996
129.800003
131.770004
131.490005
131.720001
129.899994
129.449997
130.839996
131.990005
131.089996
130.449997
128.710007
127.860001
129.949997
131.009995
132.800003
134.339996
134.910004
136.779999
136.830002
136.309998
136.699997
138.080002
136.479996
136.630005
136.419998
134.119995
132.25
134.740005
134.979996
135.309998
137.070007
133.970001
136.899994
138.869995
141.25
139.779999
140.25
141.639999
140.649994
141.380005
141.179993
146.960007
148.070007
149.839996
148.979996
decrease
