78.279999
79.089996
79.400002
79.400002
79.139999
79.580002
79.279999
78.849998
79.260002
78.760002
78.879997
79.809998
79.389999
78.809998
79.040001
79.459999
79.900002
79.610001
79.139999
79.360001
79.919998
80.370003
80.949997
81.309998
81.449997
82.040001
82.099998
82.199997
82.790001
83.43
83.529999
83.050003
82.900002
83.760002
83.040001
83.25
83.300003
82.879997
83.589996
84.260002
84.849998
84.75
84.959999
84.650002
84.199997
83.839996
84.040001
82.669998
81.82
80.830002
80.82
80.57
80.470001
80.389999
80.529999
80.370003
80.410004
81.110001
80.330002
80.730003
81.110001
81.209999
81.75
82.410004
82.93
82.139999
81.510002
82.110001
82.290001
82.379997
82.860001
82.739998
82.699997
83.120003
82.800003
83.5
84.059998
83.260002
83.639999
82.870003
82.550003
83.050003
83.440002
83.019997
83.529999
83.75
83.93
84.260002
84.230003
84.480003
84.589996
84.419998
84.080002
84.269997
83.989998
84.370003
84.050003
84.739998
85.529999
86.050003
84.209999
83.760002
84.510002
84.440002
83.57
83.410004
82.599998
82.43
81.589996
82.239998
81.839996
80.620003
80.709999
80.68
81.110001
80.900002
81.779999
81.769997
81.559998
81.489998
82.400002
82.839996
83.529999
83.080002
82.849998
83.559998
83.779999
84.839996
84.860001
85.099998
85.760002
85.330002
85.5
85.919998
85.900002
86.050003
85.800003
86.800003
87.040001
86.32
87.690002
87.860001
87.660004
87.190002
88.309998
88.959999
88.019997
87.360001
86.529999
86.0
86.480003
86.660004
86.900002
87.5
87.980003
88.400002
89.040001
88.82
88.480003
88.019997
88.470001
88.489998
88.919998
89.660004
88.089996
87.980003
87.589996
88.239998
87.32
85.559998
84.910004
84.790001
84.75
84.199997
84.660004
85.089996
84.949997
83.580002
82.790001
81.82
81.739998
82.889999
82.010002
80.919998
80.389999
79.489998
79.019997
79.269997
78.279999
78.269997
78.529999
79.660004
79.419998
80.379997
80.400002
79.129997
79.589996
80.360001
78.75
77.959999
77.129997
75.879997
75.260002
74.730003
76.889999
77.400002
77.029999
75.889999
77.110001
77.769997
76.360001
75.470001
75.790001
77.629997
76.959999
75.660004
74.889999
74.589996
74.349998
76.089996
75.139999
74.480003
75.309998
75.239998
75.690002
75.489998
75.970001
76.580002
77.449997
77.050003
76.889999
76.669998
76.760002
75.580002
76.419998
77.620003
77.559998
77.940002
77.07
77.660004
78.269997
78.889999
78.559998
78.459999
77.599998
77.510002
76.309998
76.690002
77.790001
78.459999
78.010002
78.110001
decrease
