137.309998
137.330002
139.240005
139.470001
138.740005
136.190002
135.309998
135.0
136.479996
136.080002
136.860001
138.809998
137.229996
135.869995
135.910004
135.649994
135.050003
136.630005
135.679993
134.229996
135.270004
136.369995
137.300003
136.759995
136.389999
137.130005
136.429993
136.710007
136.800003
137.889999
137.610001
138.160004
137.130005
137.380005
135.449997
135.520004
136.830002
140.339996
141.009995
141.619995
142.580002
141.800003
139.559998
139.029999
138.929993
139.389999
139.429993
138.350006
139.509995
137.149994
137.419998
138.009995
139.550003
137.220001
138.369995
139.0
138.929993
139.800003
139.130005
139.770004
140.059998
141.520004
142.720001
142.990005
143.889999
144.520004
144.800003
146.210007
142.679993
145.089996
145.440002
146.259995
145.490005
144.940002
145.429993
145.470001
142.369995
142.940002
142.059998
141.350006
142.809998
142.880005
143.0
140.630005
139.889999
139.839996
142.220001
140.979996
140.380005
140.699997
140.619995
140.800003
141.419998
142.470001
141.589996
141.100006
141.389999
142.720001
123.230003
113.120003
115.959999
98.989998
96.660004
92.980003
94.379997
94.870003
96.0
98.25
105.040001
105.089996
106.050003
106.440002
106.370003
105.989998
107.809998
110.449997
111.93
112.970001
111.339996
112.25
113.540001
110.5
108.809998
109.5
108.699997
108.580002
110.620003
110.510002
109.970001
109.360001
108.800003
107.540001
108.949997
109.389999
109.010002
108.529999
109.800003
108.919998
108.699997
108.029999
107.419998
107.199997
108.949997
108.739998
108.790001
109.309998
110.209999
109.580002
111.370003
110.910004
110.709999
109.809998
109.900002
110.5
112.089996
112.650002
114.120003
112.93
113.400002
114.389999
115.690002
116.830002
117.400002
118.519997
118.220001
117.400002
118.190002
119.510002
118.330002
119.440002
118.889999
119.57
119.730003
118.980003
119.779999
119.730003
117.919998
119.540001
120.160004
121.639999
122.830002
121.989998
122.25
121.18
121.489998
122.849998
122.160004
123.220001
122.839996
124.529999
125.0
124.989998
125.730003
126.75
127.489998
124.769997
123.080002
124.93
124.150002
121.489998
118.400002
118.410004
117.599998
114.0
112.199997
114.400002
114.550003
114.050003
117.169998
117.459999
115.550003
113.830002
115.209999
115.400002
115.040001
114.190002
113.0
111.5
117.230003
121.349998
121.389999
121.120003
120.959999
124.919998
124.870003
123.739998
123.190002
123.650002
123.459999
122.260002
123.089996
121.07
117.629997
115.849998
117.970001
116.419998
119.040001
117.809998
114.949997
118.379997
119.080002
119.620003
117.580002
116.849998
117.980003
117.309998
116.910004
116.0
116.660004
118.900002
118.400002
118.779999
increase
