80.309998
80.599998
80.940002
80.82
80.190002
80.349998
79.970001
79.239998
79.110001
78.82
79.779999
79.699997
79.599998
79.529999
79.040001
78.57
78.779999
78.720001
77.870003
77.589996
77.959999
78.199997
78.910004
78.82
79.220001
79.949997
79.959999
80.669998
81.57
82.150002
82.010002
81.839996
81.510002
81.830002
81.419998
81.290001
80.43
80.300003
80.879997
81.980003
82.18
81.900002
81.779999
81.449997
80.889999
80.029999
80.470001
79.059998
78.089996
78.160004
78.190002
77.18
76.889999
76.669998
76.830002
76.440002
76.550003
76.589996
77.529999
77.449997
77.839996
77.860001
78.07
78.449997
78.980003
78.480003
78.389999
78.910004
79.220001
78.25
78.68
78.879997
78.739998
79.440002
79.290001
79.440002
79.790001
79.449997
79.669998
79.529999
80.519997
79.919998
79.769997
79.010002
78.940002
79.779999
80.099998
80.330002
80.199997
80.75
80.860001
80.449997
80.300003
80.18
79.959999
80.260002
79.550003
80.169998
80.739998
81.489998
80.739998
80.980003
81.029999
81.199997
80.550003
79.709999
79.089996
78.660004
78.279999
79.269997
79.150002
78.080002
77.57
77.169998
77.0
77.010002
77.849998
77.68
77.620003
77.550003
78.540001
78.419998
79.660004
77.989998
77.639999
77.599998
77.849998
79.470001
79.599998
80.010002
79.870003
79.010002
78.730003
79.470001
79.589996
79.949997
79.080002
79.07
79.519997
78.849998
79.400002
80.199997
80.339996
80.059998
81.099998
82.639999
81.839996
81.75
80.889999
80.43
80.220001
80.150002
80.550003
80.82
81.139999
81.410004
81.269997
80.760002
80.260002
70.0
68.720001
71.769997
71.800003
72.980003
68.580002
69.800003
69.290001
69.709999
70.949997
69.849998
68.300003
63.310001
65.230003
64.040001
64.400002
63.939999
63.240002
63.25
62.75
62.290001
62.98
64.199997
63.52
62.84
62.32
61.419998
61.330002
61.709999
61.919998
62.119999
62.139999
62.040001
61.700001
62.41
62.459999
62.41
62.5
62.529999
61.740002
61.599998
60.509998
60.360001
59.689999
58.07
58.939999
60.060001
60.169998
59.240002
60.09
61.049999
60.310001
59.09
59.740002
62.169998
61.619999
60.849998
60.59
60.779999
59.59
60.669998
60.07
59.110001
59.560001
59.380001
60.200001
62.060001
63.810001
64.0
65.150002
64.029999
62.740002
61.93
62.919998
62.16
62.009998
63.150002
63.07
63.66
63.099998
63.110001
63.09
63.66
63.380001
63.459999
62.869999
63.110001
62.84
63.439999
64.449997
65.220001
64.790001
64.620003
decrease
