86.029999
85.18
85.989998
87.379997
87.809998
87.419998
87.139999
87.18
87.480003
91.300003
91.860001
92.860001
92.610001
92.980003
94.080002
92.900002
92.93
92.610001
91.900002
92.099998
91.379997
92.370003
92.949997
91.989998
93.029999
93.589996
93.699997
93.989998
94.139999
94.559998
96.129997
96.300003
96.230003
96.510002
96.050003
96.349998
96.010002
96.639999
97.160004
97.550003
97.5
98.190002
97.050003
97.330002
97.480003
96.989998
96.5
96.410004
96.809998
95.620003
95.980003
95.809998
95.720001
94.839996
94.279999
94.269997
93.860001
94.519997
94.730003
95.309998
96.199997
96.290001
96.940002
97.110001
97.949997
97.75
98.75
98.919998
99.529999
99.0
98.989998
98.610001
98.489998
98.169998
98.580002
100.529999
101.059998
103.769997
101.690002
99.650002
101.129997
101.040001
101.07
98.32
105.919998
106.480003
105.209999
104.449997
106.010002
106.5
105.959999
105.699997
105.660004
106.989998
107.93
107.949997
108.07
108.230003
108.809998
108.739998
108.900002
109.660004
110.010002
109.690002
110.269997
110.349998
110.230003
108.25
107.580002
107.980003
107.959999
108.519997
106.349998
107.839996
108.199997
108.449997
109.940002
110.019997
109.739998
109.629997
109.589996
109.730003
109.489998
111.0
111.279999
110.510002
109.980003
109.699997
108.800003
109.07
110.239998
111.120003
111.790001
111.870003
110.849998
111.809998
122.120003
120.150002
121.709999
121.120003
122.220001
123.080002
123.779999
124.610001
126.32
126.019997
124.610001
125.639999
124.690002
125.18
125.5
125.839996
126.190002
125.150002
125.309998
123.93
124.830002
124.769997
125.339996
124.5
124.470001
125.18
125.629997
125.470001
124.949997
127.949997
127.809998
129.619995
129.389999
127.839996
127.690002
127.580002
127.75
128.850006
127.75
127.889999
127.239998
127.589996
129.619995
130.229996
129.990005
130.970001
131.699997
130.320007
129.089996
128.529999
128.660004
132.059998
130.979996
134.449997
134.869995
136.720001
136.25
137.169998
137.710007
136.600006
136.630005
134.960007
134.559998
134.389999
134.300003
137.220001
134.710007
131.460007
134.75
137.029999
137.5
139.729996
139.630005
141.039993
139.350006
139.820007
140.149994
142.389999
143.289993
139.779999
138.440002
138.539993
140.649994
141.639999
142.679993
143.550003
144.389999
145.050003
145.369995
145.779999
145.089996
144.119995
146.270004
145.860001
148.199997
146.130005
144.5
143.800003
148.210007
146.690002
146.029999
149.720001
147.669998
149.380005
150.5
151.479996
150.25
150.330002
152.300003
152.419998
151.490005
148.809998
150.820007
153.110001
152.5
151.830002
decrease
