79.639999
79.309998
81.230003
81.629997
81.440002
81.660004
79.75
80.370003
79.93
78.580002
78.110001
79.610001
79.279999
78.389999
78.760002
77.849998
77.510002
78.620003
79.559998
77.260002
77.25
78.57
79.0
79.589996
79.510002
79.669998
79.910004
79.959999
80.110001
81.150002
81.110001
80.540001
80.279999
80.760002
81.349998
82.559998
83.080002
83.839996
82.879997
82.309998
83.050003
86.0
85.129997
83.230003
82.849998
82.970001
83.730003
83.519997
84.260002
83.400002
83.989998
84.5
83.559998
83.599998
83.900002
84.639999
85.0
85.800003
85.150002
85.400002
85.239998
85.080002
86.150002
85.68
85.650002
85.800003
86.120003
85.050003
85.019997
83.029999
83.160004
83.660004
83.879997
83.919998
84.07
84.449997
84.120003
84.260002
83.25
83.209999
84.260002
84.839996
85.269997
82.769997
82.900002
83.129997
84.139999
84.379997
84.82
84.870003
85.43
84.57
85.75
86.199997
87.309998
85.269997
85.07
84.830002
84.830002
85.589996
86.199997
85.599998
85.050003
84.959999
85.410004
86.669998
86.050003
85.800003
86.480003
87.660004
86.839996
87.349998
89.959999
90.489998
90.980003
91.269997
89.699997
90.830002
91.0
89.650002
88.779999
88.150002
88.360001
88.650002
87.870003
87.300003
88.059998
88.790001
88.82
88.669998
90.470001
90.629997
91.040001
93.0
91.82
90.809998
90.980003
91.129997
91.32
90.360001
90.610001
90.589996
89.980003
90.75
91.43
90.239998
89.550003
90.150002
89.739998
90.050003
91.010002
90.900002
91.139999
90.889999
91.690002
91.410004
92.370003
91.980003
91.400002
91.199997
90.610001
91.5
92.18
92.800003
93.019997
93.080002
91.010002
90.230003
91.739998
92.330002
93.029999
92.910004
92.650002
92.980003
92.529999
93.419998
92.639999
94.269997
95.349998
96.510002
97.110001
97.480003
97.269997
97.25
97.5
97.43
96.809998
96.860001
96.830002
98.129997
97.769997
97.959999
98.639999
100.279999
102.309998
101.230003
100.019997
99.18
98.419998
99.269997
97.110001
99.019997
98.980003
93.57
94.800003
97.519997
97.900002
99.699997
100.110001
100.129997
100.290001
101.089996
101.510002
103.440002
104.209999
102.309998
101.080002
100.410004
100.75
103.120003
105.82
106.160004
105.900002
109.290001
110.839996
109.349998
107.489998
106.970001
107.790001
106.529999
106.080002
107.470001
103.970001
102.800003
105.290001
105.0
104.18
105.580002
102.690002
102.959999
103.650002
105.32
102.849998
102.690002
106.260002
105.139999
106.209999
105.440002
107.300003
108.150002
108.370003
107.470001
decrease
