59.169998
59.0
59.860001
61.220001
61.220001
60.830002
60.279999
60.369999
59.16
59.27
58.169998
58.939999
58.619999
58.849998
58.93
58.16
57.439999
58.34
58.599998
57.990002
58.450001
59.400002
59.459999
59.240002
59.77
59.25
58.919998
58.950001
59.119999
59.25
59.34
59.07
58.650002
57.619999
59.650002
60.709999
60.950001
60.84
59.990002
60.259998
60.68
61.380001
60.23
58.639999
58.73
59.080002
58.990002
58.639999
59.060001
58.380001
59.619999
60.25
59.32
59.18
59.470001
59.740002
59.82
60.060001
59.810001
60.18
60.360001
59.830002
60.599998
60.299999
60.040001
60.029999
60.43
59.799999
59.91
59.529999
59.610001
59.959999
60.990002
60.68
61.150002
60.91
60.43
60.029999
59.139999
58.889999
59.630001
59.41
59.32
58.290001
58.0
58.0
58.82
58.43
58.02
58.560001
58.400002
58.349998
58.630001
59.040001
58.810001
58.66
59.91
60.209999
60.400002
60.91
61.259998
61.299999
61.889999
62.349998
62.990002
63.209999
63.889999
63.439999
63.439999
63.610001
63.099998
63.34
62.860001
62.84
63.200001
63.330002
63.919998
63.98
63.700001
63.82
63.419998
63.43
63.919998
63.970001
64.440002
65.480003
65.510002
65.160004
65.779999
66.099998
66.739998
66.5
66.830002
67.379997
67.339996
64.459999
64.07
63.619999
64.099998
64.519997
63.080002
62.52
61.48
61.610001
61.389999
60.740002
59.59
59.02
59.849998
60.259998
60.349998
61.880001
61.630001
61.880001
64.150002
63.869999
64.82
64.690002
65.099998
64.68
64.730003
65.779999
66.550003
66.410004
66.669998
67.199997
66.510002
67.260002
68.360001
68.540001
68.959999
69.580002
69.660004
69.529999
69.75
69.980003
69.690002
70.739998
71.389999
71.489998
72.43
72.199997
72.32
72.589996
73.879997
73.910004
72.830002
73.07
73.449997
73.139999
73.260002
73.120003
72.629997
72.68
74.050003
72.989998
72.470001
72.230003
72.580002
70.57
68.440002
69.25
68.959999
66.400002
69.07
70.309998
70.379997
71.309998
71.5
72.989998
71.07
71.809998
72.089996
72.190002
73.529999
73.089996
71.059998
69.580002
69.360001
70.150002
70.470001
69.589996
70.209999
72.269997
71.419998
71.230003
70.739998
70.93
72.379997
70.730003
70.550003
71.150002
68.769997
67.360001
69.510002
67.919998
67.300003
68.300003
66.279999
67.849998
68.129997
68.410004
66.309998
66.190002
67.559998
67.080002
68.199997
68.419998
68.809998
69.389999
70.620003
70.669998
decrease
