93.300003
93.580002
93.739998
95.269997
94.309998
93.0
92.5
92.029999
91.870003
91.760002
88.599998
90.879997
91.690002
91.639999
94.540001
94.279999
94.699997
94.730003
93.830002
92.949997
91.690002
93.809998
93.110001
92.529999
92.669998
91.019997
91.220001
89.620003
90.309998
90.400002
89.68
89.199997
90.830002
88.150002
88.110001
90.080002
89.879997
90.559998
88.93
87.040001
88.519997
88.07
87.849998
87.120003
87.690002
87.790001
87.389999
88.0
89.019997
90.0
90.519997
92.370003
90.300003
88.629997
88.440002
89.620003
90.629997
90.57
91.809998
91.870003
91.900002
91.699997
94.309998
93.660004
92.910004
93.309998
94.870003
94.75
95.980003
95.419998
95.139999
94.459999
92.32
88.900002
90.449997
89.669998
91.150002
90.349998
89.120003
88.529999
87.989998
87.019997
84.980003
83.379997
84.089996
83.690002
84.239998
85.110001
84.620003
84.510002
83.400002
83.150002
83.669998
84.989998
85.650002
85.870003
87.849998
88.599998
86.779999
87.93
88.470001
91.099998
91.779999
93.220001
93.050003
93.129997
94.18
93.889999
94.550003
96.290001
96.870003
97.32
96.82
96.739998
97.18
96.5
96.330002
96.550003
96.190002
96.5
96.779999
96.93
96.650002
96.620003
97.209999
97.449997
96.660004
95.760002
96.839996
96.970001
96.480003
96.150002
96.919998
98.470001
99.529999
99.870003
102.290001
102.949997
104.5
106.959999
106.089996
104.330002
104.779999
104.580002
104.459999
102.470001
101.360001
101.43
101.639999
101.440002
101.660004
101.589996
101.660004
99.82
99.839996
100.5
102.32
102.910004
101.050003
100.900002
98.860001
99.720001
100.389999
101.209999
100.279999
99.940002
99.639999
98.550003
99.910004
101.43
103.540001
106.349998
107.110001
109.410004
108.360001
108.449997
107.910004
109.300003
110.93
110.949997
112.169998
112.709999
111.709999
112.010002
115.139999
115.699997
113.389999
113.529999
114.239998
114.370003
116.82
117.839996
118.470001
117.449997
117.760002
116.580002
115.169998
115.0
116.519997
112.830002
109.559998
108.269997
105.779999
101.040001
100.07
103.139999
102.470001
106.760002
107.690002
107.639999
107.959999
105.809998
107.089996
108.830002
109.489998
106.940002
101.419998
101.18
101.449997
101.809998
101.010002
100.870003
100.589996
102.800003
100.650002
100.050003
99.889999
98.650002
100.449997
98.470001
101.330002
104.779999
104.290001
105.860001
107.57
106.330002
103.82
105.269997
102.93
105.07
104.169998
104.379997
101.93
103.379997
107.660004
109.400002
109.980003
111.019997
111.019997
111.150002
112.849998
114.040001
decrease
