405.130005
401.839996
404.029999
406.549988
407.329987
410.940002
417.700012
420.179993
422.859985
423.179993
424.279999
426.25
426.640015
425.910004
425.049988
428.769989
431.070007
429.809998
427.640015
426.970001
425.76001
426.73999
434.679993
435.790009
440.429993
444.970001
441.220001
439.910004
441.01001
436.929993
444.320007
444.209991
442.309998
440.690002
440.390015
439.209991
425.01001
430.540009
432.100006
433.959991
427.279999
432.220001
433.940002
436.48999
440.290009
434.070007
438.48999
433.649994
430.76001
421.279999
429.160004
422.76001
424.079987
418.429993
423.299988
427.089996
431.040009
437.109985
436.23999
437.700012
435.480011
438.279999
440.5
441.209991
441.440002
441.600006
436.959991
440.040009
442.869995
447.899994
450.730011
453.079987
455.470001
449.359985
445.579987
444.230011
441.529999
447.809998
439.480011
438.390015
449.48999
448.329987
454.790009
451.549988
450.0
450.290009
456.290009
461.799988
463.529999
466.190002
462.910004
466.23999
465.670013
468.410004
465.959991
463.48999
463.519989
464.820007
462.0
474.420013
468.380005
458.869995
454.910004
455.309998
450.149994
453.040009
449.23999
446.570007
441.660004
437.209991
434.420013
441.929993
441.720001
446.299988
444.480011
442.359985
442.970001
445.420013
448.829987
451.320007
451.890015
458.970001
464.700012
462.820007
461.350006
461.579987
471.230011
470.549988
468.76001
458.809998
462.970001
457.929993
454.200012
456.51001
459.730011
463.5
467.059998
488.679993
486.649994
491.619995
488.059998
492.980011
484.859985
482.209991
484.119995
481.049988
474.420013
475.089996
472.799988
471.890015
474.26001
472.369995
474.070007
478.920013
477.950012
468.320007
464.48999
469.160004
442.279999
445.589996
450.23999
455.769989
452.390015
449.579987
450.209991
451.279999
460.350006
457.850006
455.820007
448.519989
447.200012
445.890015
446.600006
446.700012
451.690002
455.109985
453.220001
446.920013
448.980011
447.950012
449.48999
458.200012
455.980011
443.0
435.390015
435.950012
448.100006
441.899994
437.450012
437.890015
436.049988
442.0
441.299988
439.170013
441.589996
435.160004
439.559998
455.190002
444.540009
437.350006
429.809998
430.850006
426.079987
409.980011
425.809998
431.450012
436.25
435.829987
407.309998
403.299988
396.440002
384.920013
390.450012
394.839996
394.179993
391.209991
392.100006
386.290009
381.820007
388.51001
391.619995
391.380005
389.420013
395.160004
395.350006
405.420013
413.709991
415.230011
419.890015
411.709991
415.26001
411.839996
417.579987
401.679993
409.609985
409.880005
417.019989
418.140015
408.549988
408.600006
411.98999
413.589996
407.040009
409.570007
405.589996
408.980011
401.200012
401.450012
405.519989
409.76001
414.179993
409.369995
decrease
