64.400002
64.279999
64.199997
64.93
65.279999
64.529999
64.580002
64.830002
64.730003
63.919998
64.410004
65.489998
65.019997
64.839996
65.150002
64.809998
64.900002
64.839996
64.519997
64.339996
65.410004
65.550003
65.360001
64.93
65.199997
65.07
65.169998
65.309998
65.089996
64.93
66.720001
67.419998
66.900002
67.089996
67.440002
67.629997
66.949997
67.110001
67.190002
67.769997
68.57
68.129997
68.160004
68.010002
67.040001
67.209999
67.139999
66.410004
66.370003
66.300003
65.830002
66.57
66.779999
64.889999
64.980003
64.730003
64.410004
65.050003
65.010002
65.459999
66.25
66.050003
67.160004
67.160004
67.160004
66.650002
66.07
67.360001
67.5
67.709999
68.059998
67.839996
67.760002
67.300003
67.32
67.239998
67.150002
67.349998
67.080002
66.980003
67.980003
68.309998
67.910004
67.650002
67.169998
67.769997
67.739998
67.980003
67.970001
67.940002
67.370003
67.150002
67.309998
67.150002
66.989998
67.139999
67.220001
67.720001
68.089996
68.610001
67.610001
67.309998
67.389999
67.879997
67.339996
66.830002
66.720001
66.470001
65.879997
66.080002
66.029999
65.620003
65.839996
65.93
65.599998
65.550003
66.519997
66.57
66.419998
66.440002
66.400002
66.470001
67.230003
67.489998
67.269997
66.879997
66.720001
66.059998
66.139999
66.669998
65.790001
66.879997
67.150002
67.650002
67.019997
67.260002
67.809998
66.849998
68.209999
69.209999
69.559998
70.370003
69.879997
69.25
70.150002
69.980003
69.029999
69.220001
68.32
67.919998
68.099998
68.139999
68.209999
67.629997
66.900002
66.739998
66.82
66.529999
66.300003
65.510002
65.400002
65.150002
65.809998
65.919998
66.300003
65.629997
65.400002
65.660004
65.599998
64.300003
63.810001
63.389999
63.799999
64.099998
64.080002
64.25
63.77
63.509998
63.84
62.740002
62.689999
63.110001
62.349998
61.459999
60.959999
60.419998
60.669998
60.849998
60.450001
60.470001
61.18
61.790001
61.439999
61.209999
61.540001
61.209999
60.57
61.610001
60.330002
59.950001
58.049999
57.709999
56.860001
55.259998
56.650002
56.610001
56.990002
56.669998
57.91
57.970001
57.639999
55.869999
56.169998
56.990002
57.130001
55.830002
56.23
56.32
55.959999
56.470001
56.889999
57.830002
58.27
59.509998
59.5
59.369999
59.540001
59.720001
60.23
60.32
60.27
60.130001
59.75
58.360001
58.98
59.349998
61.549999
61.619999
61.040001
62.349998
63.150002
63.290001
63.049999
62.299999
62.700001
62.529999
61.450001
61.650002
61.68
62.43
61.98
60.700001
decrease
