63.27
62.849998
62.68
63.439999
63.889999
59.369999
58.139999
58.110001
59.060001
58.189999
56.25
58.220001
57.130001
56.369999
57.080002
56.740002
56.82
56.689999
56.16
55.650002
55.470001
56.419998
56.509998
57.209999
56.59
56.310001
56.689999
56.0
55.27
56.169998
54.790001
53.77
53.970001
53.549999
54.889999
56.490002
56.799999
57.91
57.52
57.700001
58.77
53.509998
52.419998
50.830002
52.029999
56.189999
58.349998
58.27
58.75
59.009998
58.59
59.75
59.790001
59.0
58.740002
59.900002
61.040001
61.23
61.700001
61.880001
62.169998
61.150002
62.52
61.959999
62.939999
63.080002
64.059998
63.970001
67.019997
66.099998
63.700001
63.93
63.009998
62.119999
62.459999
61.66
62.779999
62.709999
62.07
62.93
61.82
61.049999
60.759998
61.049999
60.25
60.18
61.259998
61.040001
61.279999
61.060001
60.830002
61.18
61.779999
62.34
62.610001
62.689999
62.919998
62.110001
60.669998
60.98
62.23
63.110001
64.870003
64.860001
64.32
64.120003
64.5
63.84
64.260002
64.449997
64.949997
65.279999
65.059998
65.239998
65.360001
64.209999
64.209999
65.050003
63.610001
62.900002
62.880001
63.099998
63.490002
63.009998
62.560001
63.32
62.939999
63.060001
63.349998
62.970001
64.050003
60.860001
60.07
63.310001
61.950001
62.540001
62.060001
62.029999
62.779999
63.830002
63.240002
64.449997
65.910004
65.18
64.580002
60.599998
59.509998
59.299999
59.029999
59.330002
58.32
58.18
57.650002
56.880001
56.869999
58.110001
59.599998
59.57
59.650002
59.02
57.18
55.799999
56.380001
57.130001
55.990002
56.810001
56.009998
54.709999
55.330002
54.419998
54.220001
55.419998
54.77
55.450001
55.330002
57.259998
56.919998
58.619999
58.93
58.970001
57.810001
58.73
58.700001
57.990002
58.700001
58.459999
58.119999
58.16
57.150002
56.029999
57.16
58.439999
58.759998
58.48
58.740002
56.849998
54.650002
54.290001
53.32
51.91
49.27
49.639999
47.650002
46.25
45.73
47.77
47.369999
48.509998
53.34
52.549999
51.400002
49.810001
50.82
52.080002
52.5
51.369999
50.310001
50.130001
50.32
51.889999
51.82
51.349998
51.07
52.439999
52.200001
52.66
52.450001
49.73
50.450001
48.639999
48.509998
49.540001
48.77
48.220001
48.880001
47.450001
46.59
47.509998
46.040001
47.139999
46.82
48.740002
46.900002
46.650002
48.580002
48.709999
48.330002
48.849998
49.009998
49.380001
49.139999
48.220001
decrease
