59.439999
59.799999
60.029999
60.0
59.740002
59.77
59.400002
59.139999
59.220001
59.110001
59.490002
59.549999
59.759998
59.349998
59.23
59.48
59.880001
60.150002
59.630001
60.189999
60.240002
60.110001
60.740002
61.139999
61.41
61.84
61.400002
61.48
62.07
62.349998
62.369999
62.290001
62.16
62.580002
62.110001
62.299999
62.25
62.16
62.450001
62.619999
63.240002
62.790001
62.849998
62.720001
62.200001
62.25
62.66
61.990002
61.23
60.700001
60.709999
60.41
60.07
59.990002
60.07
59.91
59.82
60.02
59.900002
60.220001
60.32
60.439999
60.669998
61.209999
61.540001
60.740002
60.48
60.939999
60.709999
60.529999
60.790001
60.889999
61.060001
61.880001
61.580002
62.049999
62.310001
61.73
62.220001
61.860001
62.169998
62.57
62.799999
62.459999
63.060001
62.970001
62.91
63.139999
62.970001
63.080002
63.27
63.290001
63.240002
63.0
62.57
62.950001
62.610001
63.200001
63.490002
64.110001
62.639999
62.369999
63.049999
62.860001
61.689999
61.77
61.48
61.439999
60.709999
61.470001
61.34
60.43
60.57
60.439999
60.380001
60.209999
60.790001
60.630001
60.380001
60.32
60.66
61.299999
61.669998
61.650002
61.200001
61.740002
61.439999
62.060001
62.130001
62.369999
62.419998
62.330002
62.240002
62.790001
62.490002
62.639999
62.68
63.23
63.540001
63.700001
64.519997
64.629997
64.68
64.07
64.760002
65.809998
65.0
64.889999
64.209999
63.84
63.93
63.810001
64.330002
64.419998
64.559998
64.610001
64.849998
65.43
65.480003
64.879997
65.110001
64.910004
65.220001
65.699997
64.209999
65.080002
64.779999
64.620003
63.91
62.59
62.220001
61.98
62.369999
61.959999
62.529999
62.950001
63.18
63.150002
62.59
61.709999
61.82
62.25
61.779999
61.32
61.52
61.349998
60.950001
61.650002
60.810001
60.790001
60.759998
61.119999
61.130001
64.57
64.07
62.439999
62.560001
63.09
60.16
59.349998
58.330002
57.540001
56.889999
56.110001
57.02
57.529999
57.619999
57.580002
58.57
59.119999
58.169998
57.360001
57.48
59.470001
58.82
57.389999
57.0
56.549999
57.099998
57.720001
56.68
56.290001
56.869999
57.240002
57.060001
56.68
57.189999
57.580002
58.259998
58.040001
57.669998
57.459999
57.509998
56.790001
57.529999
58.59
58.470001
58.919998
58.669998
59.299999
59.529999
60.009998
59.650002
59.709999
59.310001
59.41
58.639999
59.029999
59.68
60.240002
59.900002
59.860001
decrease
