67.050003
66.459999
67.25
60.009998
61.279999
61.400002
61.34
60.919998
61.700001
62.259998
61.790001
61.580002
61.599998
62.080002
61.02
60.66
59.630001
60.32
60.16
59.73
59.259998
60.110001
60.310001
60.150002
59.860001
60.09
59.759998
59.599998
59.75
60.400002
60.689999
61.279999
60.25
60.369999
60.360001
61.41
62.52
62.630001
63.119999
63.09
63.009998
64.230003
63.419998
63.970001
64.910004
65.220001
65.519997
64.620003
65.209999
63.889999
63.84
63.919998
63.68
62.529999
62.5
61.830002
61.560001
62.119999
61.720001
62.139999
62.720001
62.650002
62.049999
62.639999
62.5
62.610001
62.560001
63.470001
62.330002
62.900002
62.639999
62.360001
61.98
62.599998
62.529999
62.32
62.240002
61.200001
60.299999
60.82
61.310001
61.73
62.0
61.040001
60.560001
60.330002
61.619999
60.93
60.509998
60.790001
61.169998
61.380001
61.529999
62.82
62.16
61.75
62.689999
62.34
62.900002
63.669998
62.639999
63.240002
62.34
62.650002
62.009998
61.0
61.82
61.720001
62.290001
62.470001
63.049999
62.959999
63.07
63.32
63.630001
63.650002
63.98
64.010002
62.360001
59.220001
58.18
57.709999
57.669998
57.139999
56.810001
57.209999
57.77
58.75
59.509998
58.650002
58.849998
61.16
58.93
62.189999
61.349998
61.290001
62.32
60.32
60.540001
60.619999
60.599998
61.299999
60.75
60.049999
60.880001
60.25
60.049999
62.450001
61.939999
61.419998
61.189999
62.119999
61.18
61.470001
61.439999
62.860001
65.18
64.410004
68.160004
67.839996
68.57
67.410004
68.150002
68.389999
68.559998
68.57
69.019997
71.550003
73.379997
73.660004
73.989998
74.459999
74.529999
74.989998
74.879997
74.989998
74.639999
75.230003
75.660004
76.080002
76.010002
76.559998
79.910004
80.349998
80.089996
80.870003
80.410004
80.779999
80.0
80.220001
81.120003
81.150002
80.959999
80.800003
81.32
81.919998
79.309998
79.18
78.099998
76.5
74.5
75.940002
74.949997
73.349998
71.709999
72.889999
73.589996
74.93
74.07
75.230003
76.050003
75.830002
74.720001
77.0
77.639999
78.639999
75.449997
74.07
74.769997
74.760002
74.580002
73.419998
79.720001
80.75
78.25
77.0
76.699997
76.330002
76.019997
72.989998
72.419998
71.68
70.470001
70.160004
71.699997
70.370003
69.730003
69.080002
67.870003
69.010002
70.040001
69.18
67.879997
68.029999
69.82
69.720001
71.610001
71.620003
71.989998
72.5
74.739998
73.760002
decrease
