235.059998
235.490005
234.25
238.399994
241.029999
241.440002
244.470001
247.979996
248.550003
247.539993
250.490005
250.369995
249.860001
250.429993
251.300003
251.330002
252.669998
253.929993
254.330002
253.740005
255.880005
254.550003
254.589996
251.929993
256.829987
256.290009
256.299988
255.190002
256.920013
258.48999
262.630005
266.130005
262.700012
263.579987
265.679993
266.230011
262.640015
262.309998
262.51001
263.769989
266.299988
268.390015
267.119995
266.48999
263.929993
265.790009
265.5
260.519989
260.23999
260.179993
257.269989
261.23999
259.720001
254.029999
255.740005
253.089996
251.729996
254.0
252.259995
253.520004
257.799988
258.809998
263.48999
264.170013
264.850006
262.76001
261.450012
267.140015
264.040009
264.660004
261.700012
263.200012
263.459991
263.269989
262.0
261.51001
262.690002
264.660004
262.529999
259.140015
263.459991
265.079987
262.700012
262.609985
260.76001
264.200012
265.230011
267.160004
266.410004
265.649994
266.070007
264.640015
266.350006
265.970001
265.769989
266.089996
262.769989
266.049988
266.579987
269.390015
264.589996
261.179993
262.160004
261.98999
260.170013
257.410004
256.130005
255.270004
255.0
255.570007
254.910004
251.419998
253.050003
254.029999
252.380005
253.690002
257.570007
257.070007
257.01001
257.600006
258.720001
258.299988
261.100006
261.820007
261.019989
261.380005
261.209991
259.940002
259.339996
259.640015
257.540009
257.630005
259.649994
262.399994
260.799988
262.429993
262.529999
253.839996
253.979996
253.809998
255.0
258.790009
256.950012
256.380005
258.630005
256.820007
252.149994
253.940002
250.850006
250.210007
252.110001
249.970001
250.369995
247.610001
246.770004
247.679993
246.990005
247.039993
246.279999
242.990005
241.960007
240.610001
244.309998
249.160004
249.149994
247.979996
249.0
249.789993
249.869995
242.820007
240.300003
237.570007
239.389999
240.559998
241.229996
240.910004
241.369995
240.080002
242.539993
238.720001
239.369995
238.160004
236.270004
232.220001
232.440002
227.100006
227.600006
227.360001
224.600006
223.630005
226.600006
231.830002
231.550003
231.259995
229.830002
227.740005
226.75
232.979996
227.169998
225.380005
217.990005
218.820007
217.809998
218.279999
227.940002
227.850006
228.279999
224.759995
229.570007
229.669998
225.440002
220.149994
221.589996
227.270004
227.110001
221.830002
223.830002
223.970001
222.220001
225.710007
230.050003
231.479996
234.149994
237.520004
238.740005
238.050003
238.669998
241.710007
243.669998
241.990005
239.460007
236.789993
233.600006
229.169998
232.630005
233.949997
239.630005
240.679993
237.0
240.100006
242.309998
241.5
242.380005
241.380005
241.949997
241.210007
240.259995
242.990005
242.449997
246.190002
245.289993
240.240005
decrease
