34.619999
34.549999
35.450001
35.5
35.5
34.860001
34.549999
34.830002
34.810001
36.029999
35.919998
35.799999
35.689999
35.630001
35.279999
34.880001
34.380001
34.98
35.279999
33.400002
33.389999
34.049999
34.360001
34.73
34.599998
35.189999
35.080002
34.740002
34.610001
34.919998
34.580002
35.169998
35.02
35.25
36.23
36.939999
37.060001
37.240002
37.380001
37.25
37.049999
37.619999
37.049999
36.82
36.490002
36.240002
36.689999
37.220001
37.689999
37.68
38.029999
38.450001
38.700001
38.509998
38.689999
38.68
38.5
38.849998
39.41
39.5
39.52
40.07
39.669998
39.599998
41.630001
41.48
41.919998
41.110001
40.720001
41.02
41.0
41.16
41.09
41.040001
41.209999
41.110001
41.23
41.150002
40.150002
40.07
40.509998
40.34
40.419998
39.610001
39.720001
39.84
40.639999
40.59
40.939999
41.07
41.029999
40.669998
40.91
41.009998
40.990002
39.939999
40.119999
39.490002
39.66
40.439999
40.75
40.669998
40.720001
41.060001
41.459999
41.700001
41.779999
41.779999
41.82
41.66
41.900002
43.16
43.200001
43.610001
43.66
44.380001
44.25
45.009998
43.950001
44.43
43.990002
44.240002
43.98
43.860001
44.490002
43.779999
43.919998
43.689999
43.200001
42.75
43.619999
43.419998
43.639999
43.290001
43.470001
43.59
43.540001
44.450001
44.02
44.099998
43.619999
43.48
43.080002
42.919998
43.599998
43.869999
43.759998
44.02
44.18
44.450001
44.900002
44.740002
44.869999
45.130001
46.310001
47.779999
48.139999
48.889999
50.540001
49.919998
49.400002
49.84
50.380001
49.639999
49.84
48.700001
48.43
49.880001
49.779999
49.57
49.540001
49.959999
49.709999
49.5
49.490002
49.68
49.57
49.82
50.619999
51.299999
51.470001
51.77
52.470001
52.689999
52.959999
53.939999
53.669998
54.0
53.650002
54.279999
54.98
54.959999
55.189999
54.209999
53.490002
52.619999
52.349998
52.700001
54.099998
52.57
50.349998
52.279999
51.549999
48.48
49.470001
50.200001
50.049999
51.529999
51.73
51.810001
52.009998
51.759998
50.740002
51.380001
51.959999
53.110001
52.23
51.189999
51.52
52.619999
54.400002
54.91
55.169998
57.240002
57.880001
56.990002
57.16
56.740002
57.290001
56.490002
57.16
57.610001
54.970001
53.09
55.560001
54.07
53.599998
55.41
54.330002
55.169998
55.869999
56.84
55.240002
55.540001
57.259998
57.119999
57.740002
56.959999
57.59
58.439999
58.060001
58.830002
increase
