74.029999
73.849998
75.480003
76.519997
76.720001
76.489998
75.639999
76.129997
77.110001
76.330002
75.839996
76.860001
76.779999
76.760002
77.089996
77.029999
76.68
76.970001
77.239998
76.18
76.07
78.010002
77.699997
77.650002
77.57
77.309998
77.559998
77.720001
77.379997
78.080002
77.879997
76.769997
76.330002
74.949997
75.470001
75.739998
75.769997
76.110001
75.339996
76.139999
76.800003
78.07
77.059998
75.919998
75.769997
76.879997
76.769997
76.43
77.440002
76.629997
77.830002
78.349998
78.629997
78.550003
79.360001
80.400002
80.449997
80.510002
80.32
80.610001
80.209999
80.230003
80.379997
79.559998
78.970001
78.650002
79.330002
79.0
78.489998
78.43
78.25
74.260002
74.099998
73.610001
74.529999
73.989998
72.989998
73.139999
71.650002
71.480003
72.480003
72.309998
72.669998
71.720001
71.199997
71.139999
71.900002
71.209999
70.639999
70.699997
70.440002
70.519997
71.050003
71.760002
71.629997
71.099998
71.330002
71.32
72.139999
73.349998
74.599998
74.93
75.620003
76.910004
77.900002
77.029999
77.769997
78.059998
78.099998
77.550003
77.110001
77.120003
76.089996
76.790001
77.540001
77.449997
78.059998
77.800003
77.75
77.68
77.980003
78.529999
78.720001
78.529999
79.230003
78.07
77.970001
78.019997
78.93
78.480003
79.580002
78.980003
79.5
79.769997
79.230003
80.019997
81.510002
79.379997
78.099998
78.309998
78.669998
79.050003
77.860001
77.919998
77.940002
76.889999
75.870003
76.440002
75.639999
75.690002
76.300003
76.220001
75.919998
75.529999
76.849998
76.839996
77.779999
77.699997
76.410004
74.949997
75.790001
77.260002
77.290001
77.769997
77.760002
77.57
76.440002
77.290001
77.059998
76.860001
77.150002
78.099998
77.510002
77.32
77.419998
78.160004
79.010002
78.860001
81.639999
80.769997
81.389999
82.029999
81.980003
82.470001
83.989998
84.239998
83.349998
83.599998
83.559998
83.949997
84.360001
85.120003
84.5
85.220001
86.489998
85.589996
84.739998
83.970001
87.860001
85.089996
81.580002
82.68
81.620003
79.410004
80.769997
82.019997
81.830002
82.669998
82.760002
82.790001
81.709999
81.559998
81.879997
82.220001
82.279999
81.959999
80.699997
79.589996
79.699997
80.220001
80.940002
81.029999
81.139999
83.139999
81.529999
81.279999
80.089996
80.269997
80.980003
80.459999
81.160004
81.480003
79.43
78.18
81.099998
79.709999
79.050003
79.910004
77.690002
77.860001
78.580002
79.25
75.970001
75.93
77.589996
77.169998
77.440002
77.260002
77.449997
77.949997
79.190002
79.150002
decrease
