75.800003
76.410004
76.459999
76.709999
75.989998
76.68
76.260002
75.800003
76.260002
76.440002
76.559998
77.360001
77.139999
75.230003
75.68
75.379997
75.699997
75.800003
75.139999
75.379997
75.769997
75.690002
76.360001
76.559998
77.019997
77.860001
77.650002
78.239998
79.059998
79.870003
80.239998
80.129997
80.029999
80.449997
79.309998
79.279999
79.150002
79.379997
79.419998
80.029999
80.010002
79.5
79.739998
79.370003
79.190002
78.989998
79.769997
78.129997
77.830002
76.879997
76.769997
76.470001
75.959999
75.519997
75.790001
75.309998
75.18
75.690002
75.059998
75.489998
75.610001
75.639999
75.900002
76.470001
77.18
76.309998
75.419998
75.639999
76.150002
76.25
76.720001
77.150002
76.529999
76.860001
76.879997
76.589996
77.5
76.809998
76.839996
76.199997
77.050003
77.57
78.120003
77.550003
77.839996
78.25
78.599998
79.169998
78.989998
79.849998
79.839996
79.849998
79.379997
79.169998
79.260002
79.790001
78.730003
79.220001
79.809998
80.339996
79.040001
78.230003
79.139999
78.870003
78.370003
78.050003
77.800003
77.959999
76.75
77.760002
77.449997
76.459999
76.339996
76.360001
76.419998
75.68
78.410004
79.089996
78.650002
78.860001
79.639999
80.349998
81.800003
82.290001
83.410004
84.599998
84.660004
85.360001
85.660004
85.230003
85.980003
86.339996
86.18
86.769997
86.389999
86.260002
85.669998
86.639999
87.0
86.360001
86.849998
86.239998
86.419998
85.129997
86.639999
87.419998
86.43
85.900002
86.510002
85.650002
85.610001
85.510002
85.370003
86.080002
86.339996
86.150002
86.480003
85.519997
84.370003
83.129997
83.589996
83.699997
84.040001
84.580002
83.260002
83.32
82.660004
83.800003
82.690002
81.029999
80.199997
80.120003
80.309998
79.900002
80.5
81.160004
81.389999
82.599998
81.690002
80.540001
79.919998
80.839996
80.120003
79.480003
79.169998
78.220001
77.669998
78.510002
77.790001
76.989998
76.830002
77.660004
76.699997
78.080002
78.290001
76.830002
77.900002
78.690002
77.120003
75.980003
74.410004
73.760002
72.769997
72.019997
74.129997
74.629997
75.050003
73.980003
76.309998
76.720001
75.43
74.440002
75.029999
77.739998
76.949997
76.040001
75.82
75.879997
76.540001
78.57
77.720001
76.760002
76.660004
76.779999
77.230003
77.089996
77.5
77.529999
78.879997
78.540001
78.760002
78.25
78.349998
77.349998
78.139999
79.290001
79.0
78.779999
78.889999
79.190002
79.239998
79.760002
78.980003
78.959999
78.510002
78.449997
77.349998
78.650002
79.629997
80.150002
79.559998
80.019997
decrease
