55.360001
54.540001
55.209999
54.990002
55.330002
55.389999
56.029999
56.18
58.32
58.220001
57.759998
57.549999
56.220001
55.990002
56.66
57.43
56.57
57.400002
56.150002
55.689999
55.860001
55.91
55.709999
55.560001
55.439999
56.029999
55.18
54.860001
54.610001
55.919998
55.73
55.419998
55.110001
54.900002
54.610001
56.150002
56.950001
56.73
57.740002
57.709999
58.630001
58.860001
58.139999
58.240002
60.299999
60.650002
62.209999
62.669998
63.360001
62.16
62.669998
61.400002
62.290001
60.580002
61.650002
60.84
61.16
61.869999
61.299999
61.790001
61.650002
61.139999
62.23
62.939999
62.610001
60.279999
58.880001
58.150002
56.779999
56.16
56.43
55.98
54.75
54.82
55.790001
55.049999
55.549999
54.349998
52.77
52.889999
51.32
50.810001
51.02
49.880001
50.209999
51.259998
51.41
50.869999
50.82
52.049999
51.529999
51.130001
51.52
52.41
52.310001
50.93
48.77
48.5
49.25
50.619999
50.290001
49.75
49.25
48.490002
47.669998
43.110001
44.369999
44.759998
44.689999
43.619999
43.27
42.799999
44.0
44.950001
44.970001
44.849998
44.57
44.57
44.540001
42.93
42.380001
41.84
41.650002
40.740002
41.450001
41.779999
40.650002
45.080002
45.130001
44.150002
43.599998
42.59
43.27
43.400002
42.049999
42.599998
28.030001
27.25
27.040001
26.85
25.719999
24.790001
25.73
24.950001
25.860001
28.52
28.43
29.25
29.049999
28.99
30.0
30.059999
29.9
30.07
30.719999
31.83
31.93
30.74
30.83
31.23
30.530001
31.200001
32.07
32.900002
33.400002
33.369999
32.959999
34.299999
33.860001
33.139999
32.619999
34.52
34.380001
33.740002
34.560001
34.639999
34.560001
35.18
35.0
35.400002
35.0
35.060001
34.919998
35.07
35.849998
35.720001
35.060001
34.810001
34.860001
35.830002
36.110001
35.799999
35.990002
36.130001
36.509998
36.93
36.240002
35.990002
35.700001
35.0
33.779999
34.700001
34.82
35.34
36.849998
36.689999
36.41
37.32
38.07
37.700001
37.389999
37.529999
37.66
37.189999
36.669998
36.740002
38.5
40.02
40.049999
40.419998
41.700001
42.759998
42.790001
42.889999
43.509998
42.720001
39.41
39.889999
39.009998
38.029999
38.040001
38.310001
37.529999
37.91
38.049999
38.419998
38.43
38.43
37.950001
38.25
38.720001
38.900002
37.790001
38.669998
35.830002
37.189999
37.759998
37.419998
38.130001
38.119999
38.48
37.98
decrease
