98.510002
97.769997
97.959999
98.919998
109.300003
109.669998
109.669998
109.900002
110.110001
109.860001
110.449997
110.580002
109.980003
109.989998
110.610001
110.25
110.589996
113.43
113.650002
111.839996
111.949997
112.889999
114.089996
113.540001
114.190002
114.169998
114.25
114.599998
115.07
117.379997
117.559998
116.949997
116.839996
118.190002
118.129997
116.120003
114.389999
115.050003
115.010002
114.949997
114.989998
118.839996
117.870003
118.889999
118.529999
120.150002
118.32
117.129997
118.389999
117.230003
118.239998
118.010002
119.580002
117.080002
118.169998
117.529999
117.589996
118.440002
116.029999
116.919998
116.099998
116.489998
119.040001
119.419998
118.010002
117.139999
115.870003
115.610001
116.360001
115.510002
115.18
115.269997
114.239998
116.449997
116.190002
116.480003
116.160004
116.260002
114.129997
114.5
115.639999
114.830002
115.57
113.57
113.110001
114.220001
114.220001
112.709999
112.75
111.760002
113.110001
111.830002
112.690002
113.660004
113.309998
111.870003
112.230003
112.339996
113.190002
115.129997
114.690002
111.779999
111.5
113.5
112.690002
111.279999
111.720001
110.330002
110.639999
110.459999
110.589996
109.370003
108.870003
109.309998
109.989998
108.230003
110.220001
111.629997
111.459999
110.220001
109.949997
110.470001
110.199997
108.25
108.519997
110.050003
111.199997
112.029999
113.080002
114.110001
114.25
103.330002
103.370003
101.919998
101.629997
102.230003
101.82
101.379997
102.720001
103.160004
104.410004
105.239998
104.779999
103.849998
105.239998
105.150002
104.980003
107.099998
107.089996
107.160004
109.519997
108.809998
109.339996
109.860001
113.209999
116.370003
117.199997
116.410004
113.800003
113.050003
113.360001
117.449997
118.029999
118.18
115.57
115.400002
114.309998
114.220001
114.919998
114.32
114.150002
113.300003
112.489998
112.160004
113.160004
114.550003
112.709999
111.580002
114.589996
115.410004
115.860001
118.139999
119.510002
118.5
119.989998
120.830002
120.07
120.489998
121.720001
123.910004
124.510002
124.400002
124.790001
126.239998
128.160004
126.900002
126.739998
126.580002
126.980003
131.830002
126.699997
127.080002
129.699997
123.779999
126.269997
126.889999
127.349998
130.210007
134.679993
133.820007
134.320007
134.25
133.669998
135.639999
136.720001
135.229996
133.669998
132.910004
134.559998
136.240005
137.850006
137.770004
138.25
139.320007
140.039993
140.830002
141.0
141.100006
142.339996
139.399994
141.339996
139.070007
137.300003
135.320007
140.279999
138.110001
136.770004
139.520004
135.449997
136.669998
138.759995
140.910004
137.509995
137.369995
140.300003
137.470001
139.279999
137.839996
138.119995
139.210007
139.520004
138.559998
decrease
