35.049999
35.029999
35.5
35.080002
34.900002
34.84
34.630001
34.330002
34.459999
33.98
34.049999
34.34
34.259998
33.59
33.759998
33.5
34.130001
34.700001
34.509998
34.849998
35.080002
35.060001
35.529999
35.369999
35.810001
36.029999
35.82
36.060001
36.310001
36.73
36.599998
36.630001
36.689999
36.610001
36.400002
36.619999
36.48
36.549999
36.689999
36.82
37.080002
36.84
36.889999
36.669998
36.66
36.5
37.209999
36.759998
36.189999
35.84
36.07
35.84
35.52
35.68
35.580002
35.759998
35.720001
36.07
35.720001
36.060001
37.029999
37.16
37.389999
37.599998
37.48
37.200001
37.02
37.68
37.990002
38.400002
38.34
38.549999
38.419998
38.439999
38.169998
38.220001
38.209999
37.700001
37.740002
37.5
37.599998
37.84
38.130001
37.599998
37.990002
37.959999
38.23
38.32
38.34
38.299999
38.27
38.220001
37.84
37.869999
37.540001
37.599998
37.549999
38.029999
38.169998
38.470001
37.880001
37.799999
38.099998
37.610001
37.400002
37.279999
36.91
37.150002
37.119999
37.599998
37.169998
37.150002
37.400002
37.669998
38.139999
37.84
38.189999
38.349998
38.150002
38.040001
38.299999
38.459999
38.939999
39.240002
39.669998
39.599998
39.619999
39.77
39.580002
39.740002
39.959999
40.07
39.880001
40.25
40.240002
40.209999
40.150002
40.720001
40.939999
40.689999
41.27
41.32
41.139999
41.299999
42.09
42.389999
41.77
41.240002
41.259998
41.349998
41.389999
41.5
41.630001
41.650002
41.959999
41.689999
41.709999
41.830002
41.560001
41.25
41.119999
40.810001
41.049999
41.919998
41.009998
41.130001
40.810001
40.740002
40.48
39.619999
39.040001
39.07
39.009998
38.810001
38.990002
39.299999
39.41
39.59
39.060001
38.509998
38.189999
38.599998
38.16
37.950001
38.41
38.389999
38.470001
39.09
38.59
37.970001
38.049999
38.529999
38.209999
38.68
38.860001
38.330002
38.290001
38.509998
37.84
37.720001
36.919998
36.470001
36.150002
35.98
36.860001
37.169998
37.009998
36.599998
37.5
37.779999
37.68
37.060001
37.240002
38.240002
38.029999
37.240002
37.040001
36.939999
36.919998
37.68
37.169998
36.82
37.450001
37.5
37.529999
37.439999
37.830002
37.869999
38.380001
38.220001
38.310001
38.07
38.369999
37.709999
38.099998
38.470001
38.540001
39.009998
38.259998
38.75
38.779999
39.0
38.630001
38.59
38.669998
38.48
37.759998
38.34
38.59
39.07
38.939999
38.959999
decrease
