56.209999
56.5
57.279999
57.299999
56.759998
56.759998
56.09
55.990002
54.040001
54.080002
54.470001
54.389999
53.68
53.369999
53.139999
53.259998
53.060001
53.380001
53.080002
52.25
52.610001
52.75
53.049999
53.580002
53.400002
53.259998
52.950001
53.099998
53.380001
54.169998
54.740002
54.669998
54.369999
54.560001
54.52
54.810001
55.799999
56.150002
56.330002
57.25
57.02
56.380001
55.32
55.130001
54.799999
55.360001
55.900002
55.779999
56.259998
55.959999
56.48
56.990002
56.93
56.18
56.93
57.16
57.490002
57.200001
57.110001
57.27
57.580002
58.82
59.099998
59.049999
59.009998
59.09
59.599998
59.66
58.639999
58.779999
58.880001
58.790001
59.139999
59.560001
59.560001
59.060001
55.919998
55.619999
54.740002
54.439999
55.700001
55.57
55.720001
54.82
54.869999
54.98
55.75
55.029999
54.950001
55.049999
55.439999
55.900002
56.119999
56.099998
56.529999
56.549999
56.470001
56.59
56.970001
57.150002
57.959999
56.720001
57.040001
56.900002
56.889999
57.119999
57.990002
57.75
58.189999
58.080002
58.950001
59.400002
59.630001
59.860001
60.34
60.240002
60.099998
60.27
60.34
59.990002
59.959999
60.259998
60.439999
60.169998
58.869999
58.02
58.689999
58.91
58.919998
59.189999
59.220001
58.84
59.23
59.369999
58.57
58.380001
58.470001
58.16
57.950001
57.490002
62.040001
60.490002
59.869999
59.849998
59.41
59.389999
58.98
59.779999
59.130001
59.09
59.950001
59.82
59.880001
60.25
61.27
64.410004
64.779999
64.470001
64.93
64.800003
64.339996
64.18
64.459999
64.160004
64.349998
64.800003
64.059998
64.440002
64.959999
64.669998
64.480003
64.150002
64.769997
64.860001
65.209999
65.360001
64.690002
64.980003
65.07
65.0
65.089996
65.480003
66.050003
65.440002
66.389999
66.730003
65.470001
66.07
66.089996
66.400002
66.440002
66.889999
67.050003
66.709999
67.050003
66.269997
64.959999
64.949997
64.57
63.610001
61.779999
61.869999
62.130001
60.360001
60.619999
62.369999
63.119999
63.669998
64.190002
64.120003
61.93
63.990002
64.339996
65.519997
66.730003
65.519997
64.959999
63.009998
63.279999
63.490002
63.720001
63.040001
63.509998
64.739998
64.68
65.059998
63.900002
63.700001
64.080002
64.129997
64.220001
64.059998
62.470001
60.880001
62.330002
61.630001
61.619999
63.299999
62.25
64.029999
63.610001
63.459999
61.59
61.509998
63.16
63.150002
63.98
63.720001
64.540001
64.800003
65.470001
64.370003
decrease
