131.929993
131.979996
134.139999
135.429993
135.75
136.199997
133.720001
136.600006
138.990005
139.130005
141.100006
140.380005
139.570007
139.399994
139.830002
139.860001
139.809998
143.020004
145.369995
140.410004
141.259995
141.589996
142.509995
142.570007
143.690002
145.539993
144.580002
144.149994
143.779999
146.789993
146.369995
147.869995
146.869995
146.360001
149.220001
143.589996
144.279999
145.919998
147.190002
145.690002
146.210007
148.389999
147.690002
149.460007
152.0
154.429993
151.979996
147.889999
150.070007
148.110001
148.949997
147.729996
150.149994
148.660004
149.779999
149.979996
149.940002
152.339996
152.899994
154.169998
152.729996
153.570007
155.470001
154.630005
153.940002
154.610001
154.570007
156.940002
154.25
159.5
156.470001
152.690002
153.130005
153.679993
151.350006
149.119995
145.919998
147.899994
143.550003
144.509995
147.580002
147.059998
148.779999
144.139999
143.710007
145.029999
147.610001
148.089996
149.940002
149.259995
142.529999
143.990005
143.440002
148.360001
148.229996
147.610001
144.389999
143.970001
141.410004
144.119995
145.360001
145.660004
143.380005
142.130005
142.160004
141.470001
143.009995
143.119995
145.770004
142.720001
143.389999
145.570007
142.839996
143.940002
146.839996
146.210007
147.600006
148.410004
147.990005
146.460007
146.429993
147.169998
147.979996
150.110001
148.490005
149.139999
152.279999
153.399994
152.800003
150.679993
150.729996
147.899994
147.350006
123.790001
120.209999
124.660004
122.050003
123.510002
123.050003
122.980003
119.610001
118.559998
117.32
120.739998
120.279999
122.089996
121.169998
122.040001
123.949997
123.489998
124.879997
126.980003
126.809998
126.68
125.68
122.019997
122.5
122.699997
122.239998
120.769997
119.169998
119.209999
117.540001
117.830002
118.690002
118.550003
119.900002
120.879997
121.959999
121.459999
120.010002
120.07
120.18
119.440002
120.32
121.25
119.769997
121.419998
125.169998
126.139999
127.120003
128.210007
127.279999
127.18
129.410004
132.360001
130.600006
130.639999
126.889999
126.269997
128.190002
128.929993
130.429993
131.110001
131.759995
130.399994
128.889999
128.009995
129.110001
126.639999
125.050003
127.279999
129.330002
123.029999
104.0
102.82
101.760002
100.099998
102.230003
103.849998
104.099998
102.989998
104.529999
106.379997
106.620003
103.709999
105.169998
103.959999
104.5
107.660004
108.610001
111.349998
110.330002
112.220001
114.440002
109.529999
113.279999
112.449997
113.199997
111.089996
110.309998
109.239998
106.980003
106.110001
106.839996
105.589996
106.32
110.410004
106.790001
106.970001
109.260002
110.110001
107.550003
107.25
108.489998
107.5
107.199997
107.199997
109.160004
110.449997
110.279999
111.370003
decrease
