80.620003
80.470001
78.940002
78.580002
78.970001
76.050003
75.529999
75.43
73.540001
72.830002
73.309998
73.389999
73.209999
73.139999
73.150002
72.510002
72.419998
73.25
71.790001
75.269997
75.900002
76.489998
77.540001
77.879997
78.690002
79.040001
78.0
77.169998
77.470001
75.769997
76.459999
75.68
74.480003
75.830002
75.169998
74.519997
75.449997
75.199997
75.400002
76.790001
78.5
77.919998
78.290001
78.089996
77.309998
78.75
78.760002
78.309998
77.949997
77.529999
78.0
78.489998
77.389999
75.910004
76.529999
74.760002
74.129997
75.43
75.57
76.68
77.400002
77.480003
78.790001
78.230003
78.970001
78.639999
79.480003
80.300003
76.5
77.919998
79.5
79.290001
79.260002
77.220001
77.75
77.870003
77.0
76.589996
76.230003
76.309998
76.870003
76.599998
75.870003
76.190002
74.739998
75.519997
75.82
77.660004
77.529999
76.900002
77.269997
78.080002
77.589996
77.629997
77.779999
78.400002
79.389999
81.239998
82.25
79.730003
77.470001
77.68
78.370003
79.07
79.400002
79.440002
79.459999
79.339996
78.889999
79.690002
79.370003
78.040001
79.080002
79.919998
79.599998
79.019997
79.599998
80.459999
80.379997
80.019997
80.199997
80.57
81.610001
82.709999
81.870003
82.190002
81.919998
81.699997
81.769997
81.870003
80.410004
80.650002
78.699997
80.300003
81.089996
81.589996
81.599998
83.120003
85.040001
86.019997
85.68
86.010002
85.449997
86.0
86.870003
86.339996
85.669998
87.199997
87.199997
87.349998
87.660004
87.419998
87.379997
87.400002
85.209999
85.059998
85.360001
85.199997
84.849998
84.870003
85.440002
85.25
86.279999
87.82
87.860001
87.599998
86.599998
87.559998
87.580002
86.199997
85.660004
85.169998
86.120003
86.800003
87.410004
87.760002
87.449997
85.68
85.860001
84.300003
83.900002
85.169998
83.110001
82.360001
82.25
82.25
82.709999
83.459999
82.699997
83.639999
85.150002
86.720001
85.540001
85.0
84.209999
82.790001
82.910004
83.480003
82.059998
81.839996
79.870003
79.730003
80.419998
77.559998
80.389999
80.800003
82.580002
81.139999
82.510002
82.199997
80.75
81.5
84.43
86.599998
86.660004
84.879997
85.050003
85.860001
85.050003
86.220001
86.25
86.190002
87.050003
88.190002
87.559998
87.910004
86.160004
86.230003
85.980003
85.099998
85.519997
85.190002
84.309998
82.980003
84.360001
85.550003
87.360001
87.360001
85.760002
86.459999
87.699997
87.779999
86.82
86.870003
87.580002
87.480003
85.489998
87.080002
87.349998
89.129997
89.559998
87.400002
decrease
