11.47
11.34
11.43
11.48
11.6
11.47
11.47
11.42
10.92
11.07
11.0
11.14
11.13
11.16
11.04
11.01
10.92
10.94
10.94
10.76
10.79
10.87
11.1
11.05
10.96
10.86
10.93
11.08
11.12
11.41
11.35
11.25
11.12
11.07
11.1
11.13
11.28
11.27
11.22
11.24
11.22
11.24
11.12
11.04
11.13
11.04
11.18
11.08
11.09
11.17
11.19
11.56
11.3
11.18
11.26
11.34
11.38
11.47
11.6
11.68
11.74
11.75
11.83
11.7
11.53
11.29
11.27
11.06
11.18
11.17
11.22
10.95
11.0
10.93
10.95
10.92
10.89
10.92
10.77
10.77
10.91
10.84
10.8
10.64
10.56
10.57
10.65
10.71
10.71
10.82
10.79
10.84
10.94
11.03
11.35
11.36
11.5
11.4
11.36
11.41
11.59
11.62
11.56
11.62
11.63
11.72
11.71
11.72
11.84
11.94
11.93
11.95
11.96
11.97
12.09
12.34
12.3
12.25
12.31
12.34
12.39
12.38
12.12
12.05
12.12
12.27
12.19
12.23
12.1
12.04
12.19
12.04
12.27
12.06
12.1
12.27
12.35
12.42
12.36
12.33
12.16
12.06
12.04
12.01
12.16
12.02
12.0
12.04
12.01
12.13
12.12
12.07
12.1
12.11
12.21
12.56
12.52
12.58
12.63
12.43
12.38
12.53
12.61
12.58
12.6
12.63
12.46
12.58
12.66
12.69
12.72
12.63
12.58
12.6
12.5
12.58
12.49
12.66
12.76
12.98
13.2
13.15
13.08
13.03
13.16
13.23
13.1
12.18
12.07
12.0
12.02
11.96
12.05
11.57
11.65
11.12
11.06
10.97
10.92
10.71
10.24
10.76
10.76
10.43
10.53
10.7
10.59
10.74
10.76
10.61
10.63
10.6
10.63
10.7
10.89
10.61
10.61
10.29
10.4
10.58
10.63
10.63
10.61
10.73
10.81
10.78
11.02
11.07
11.15
11.01
10.99
11.1
10.75
10.56
10.83
10.83
10.86
11.08
10.86
11.15
11.33
11.35
11.18
11.25
11.45
11.43
11.31
11.28
11.38
11.38
11.33
10.96
decrease
