45.470001
45.740002
45.41
45.720001
45.810001
45.380001
44.68
44.529999
45.080002
45.25
45.529999
45.68
45.799999
45.5
45.490002
44.98
44.740002
44.200001
43.959999
42.299999
42.939999
43.580002
44.369999
44.240002
43.639999
43.290001
43.470001
43.27
43.169998
43.610001
44.27
44.650002
42.099998
42.169998
42.419998
43.52
43.990002
43.419998
43.189999
43.650002
44.400002
44.619999
43.209999
42.709999
42.790001
42.869999
42.650002
42.110001
42.450001
42.529999
43.529999
44.049999
44.169998
44.07
43.889999
43.75
43.59
42.720001
43.169998
42.880001
42.5
43.419998
42.68
43.07
42.41
43.029999
44.080002
43.889999
43.799999
43.549999
42.959999
42.990002
42.98
42.57
43.860001
43.07
42.490002
43.099998
42.360001
42.610001
43.18
42.759998
43.09
41.610001
40.68
39.970001
41.400002
41.16
41.150002
41.459999
41.580002
41.41
42.060001
42.669998
42.48
42.040001
42.369999
41.93
42.689999
42.959999
43.549999
43.549999
43.560001
43.93
44.099998
44.200001
44.560001
44.490002
44.25
44.529999
45.240002
45.529999
45.73
45.580002
45.759998
45.799999
45.650002
46.040001
46.029999
45.790001
44.860001
44.509998
45.939999
46.580002
47.259998
47.939999
48.450001
48.259998
48.389999
48.919998
46.84
46.639999
47.490002
47.189999
46.790001
46.970001
46.779999
47.580002
47.91
48.060001
48.040001
48.470001
47.540001
47.59
47.23
47.470001
47.57
48.470001
48.470001
48.110001
48.450001
48.75
49.07
48.950001
50.400002
51.240002
52.389999
52.18
54.880001
53.889999
53.43
53.84
53.779999
53.82
52.959999
53.110001
52.540001
53.279999
53.709999
53.330002
53.549999
54.110001
54.049999
54.130001
54.709999
55.139999
54.689999
54.540001
54.560001
54.779999
54.889999
55.470001
55.360001
54.41
55.09
55.59
55.439999
52.200001
53.290001
53.75
54.330002
54.41
56.860001
57.099998
57.689999
56.470001
55.830002
54.959999
54.5
53.560001
52.060001
53.02
53.240002
52.150002
53.48
52.84
53.57
54.650002
55.669998
54.75
54.240002
54.380001
54.189999
55.200001
56.060001
55.349998
54.720001
53.790001
54.41
55.27
56.470001
56.639999
56.52
57.970001
57.810001
57.759998
57.369999
57.610001
58.360001
57.259998
56.32
56.82
55.279999
53.849998
54.93
52.849998
53.18
54.59
53.209999
54.290001
54.880001
55.59
53.650002
53.650002
54.419998
51.049999
50.709999
50.080002
50.669998
50.529999
50.68
50.580002
decrease
