143.800003
143.679993
145.470001
146.490005
146.559998
147.699997
150.25
152.460007
152.779999
151.800003
150.850006
150.240005
151.059998
150.479996
150.289993
150.039993
150.330002
150.190002
149.779999
144.850006
147.660004
148.059998
148.240005
148.070007
150.039993
151.960007
152.130005
152.380005
151.460007
151.529999
153.610001
153.630005
152.809998
153.119995
154.710007
149.600006
148.440002
150.679993
150.25
149.800003
150.639999
152.869995
152.25
153.910004
153.399994
155.070007
153.589996
150.580002
153.240005
151.039993
150.979996
148.429993
150.339996
148.820007
151.440002
153.5
155.270004
158.899994
159.259995
159.970001
159.729996
162.860001
164.139999
164.529999
164.429993
166.0
165.279999
165.610001
170.440002
172.449997
169.25
169.860001
169.300003
168.589996
169.619995
171.979996
171.229996
171.179993
167.399994
168.080002
170.75
171.0
170.0
166.910004
167.410004
167.779999
169.639999
168.710007
167.740005
166.320007
167.240005
168.050003
169.919998
171.970001
172.020004
170.720001
172.089996
173.210007
170.949997
173.509995
172.960007
173.050003
170.960007
171.639999
170.009995
172.520004
172.169998
171.110001
170.539993
162.869995
164.210007
167.679993
168.729996
170.869995
169.470001
169.960007
168.419998
171.240005
172.229996
172.5
171.589996
172.740005
172.550003
173.740005
174.520004
176.110001
176.029999
174.559998
174.979996
171.270004
171.800003
170.600006
170.630005
177.880005
179.869995
180.059998
182.660004
178.919998
178.919998
180.169998
180.25
179.559998
179.300003
178.460007
178.770004
178.070007
177.949997
179.589996
179.0
178.740005
181.860001
180.869995
182.779999
183.029999
182.419998
175.130005
177.179993
175.100006
171.470001
172.830002
176.059998
180.139999
179.0
179.039993
176.960007
178.300003
178.389999
180.179993
180.820007
179.509995
177.889999
177.449997
177.199997
175.990005
177.619995
177.919998
176.460007
181.419998
184.669998
184.330002
186.850006
188.279999
187.869995
187.839996
187.770004
179.369995
178.389999
177.600006
179.800003
181.289993
185.369995
189.350006
186.550003
187.479996
190.0
185.979996
187.119995
186.889999
193.089996
190.279999
181.259995
185.309998
180.179993
171.580002
176.110001
176.410004
173.149994
179.520004
179.960007
177.360001
176.009995
177.910004
178.990005
183.289993
184.929993
181.460007
178.320007
175.940002
176.619995
180.399994
179.779999
183.710007
182.339996
185.229996
184.759995
181.880005
184.190002
183.860001
185.089996
172.559998
168.149994
169.389999
164.889999
159.389999
160.059998
152.220001
153.029999
159.789993
155.389999
156.110001
155.100006
159.339996
157.199997
157.929993
165.039993
166.320007
163.869995
164.520004
164.830002
168.660004
166.360001
168.100006
decrease
