62.32
62.82
63.66
64.93
65.599998
64.190002
63.740002
63.32
63.720001
63.189999
63.34
63.48
63.43
63.5
63.639999
63.07
62.57
63.16
62.889999
62.349998
62.84
63.310001
63.07
62.610001
63.119999
63.169998
62.849998
62.889999
63.099998
63.34
63.5
62.990002
62.43
62.66
62.75
63.310001
63.380001
64.589996
65.330002
64.800003
64.360001
65.440002
65.339996
65.029999
65.089996
66.050003
65.900002
65.470001
65.870003
64.919998
65.239998
65.410004
65.410004
65.050003
65.93
66.449997
66.559998
66.800003
67.300003
67.099998
67.07
66.760002
67.110001
65.629997
65.879997
65.709999
65.93
65.910004
65.739998
65.660004
65.669998
66.160004
66.25
65.040001
65.230003
65.260002
64.349998
63.869999
62.889999
63.310001
64.25
63.889999
64.160004
62.689999
62.5
62.82
63.25
62.580002
62.459999
62.349998
61.950001
61.939999
62.009998
62.529999
62.970001
62.639999
63.32
62.959999
64.43
64.5
65.440002
64.75
64.43
64.739998
64.25
64.309998
64.510002
64.889999
64.910004
65.300003
65.43
66.410004
67.260002
67.230003
67.68
66.779999
66.330002
65.75
65.959999
66.0
65.620003
66.059998
66.25
66.239998
66.300003
66.080002
65.349998
65.580002
67.0
67.540001
68.120003
66.879997
68.349998
66.830002
66.150002
66.059998
65.199997
64.559998
64.169998
64.220001
64.459999
64.120003
64.0
63.970001
64.43
64.690002
64.059998
64.440002
64.760002
64.870003
65.370003
64.849998
64.68
64.519997
65.720001
66.870003
68.419998
67.519997
68.889999
68.480003
67.760002
68.239998
68.220001
68.120003
67.230003
67.32
66.699997
66.419998
67.480003
67.690002
67.900002
69.32
68.529999
68.940002
68.739998
68.779999
68.440002
68.739998
69.550003
70.129997
71.620003
71.43
70.32
69.080002
69.779999
70.620003
70.400002
71.809998
72.629997
72.639999
72.839996
72.5
73.129997
72.480003
73.07
71.599998
70.82
70.93
69.82
64.900002
62.98
64.160004
63.400002
62.439999
61.709999
63.150002
63.080002
63.16
62.91
63.82
63.830002
63.48
63.259998
63.52
63.509998
62.52
60.66
59.900002
60.009998
61.099998
62.23
61.790001
61.970001
63.52
62.759998
62.57
61.700001
61.66
62.080002
60.970001
60.68
60.869999
59.689999
57.889999
59.419998
58.27
58.299999
58.889999
57.119999
57.799999
58.970001
59.950001
58.720001
58.169998
58.709999
58.720001
58.849998
58.349998
58.919998
59.16
58.93
57.509998
decrease
