12.51
12.23
12.23
13.1
13.5
13.01
12.75
12.54
12.72
12.02
11.68
11.8
11.67
11.63
11.72
11.68
11.51
11.75
11.77
11.43
11.29
11.73
11.83
11.88
11.9
11.7
11.67
11.67
11.49
11.45
11.29
11.42
11.85
11.72
12.06
12.36
12.34
12.36
12.09
11.5
11.42
11.59
11.24
11.21
11.45
11.76
11.82
11.72
11.99
12.08
12.01
12.2
12.17
11.89
11.9
12.52
12.58
12.27
12.48
12.6
13.0
13.0
13.11
13.04
13.01
12.96
14.87
15.06
14.5
14.6
14.62
14.49
14.37
14.37
14.41
14.7
14.47
14.59
14.15
13.96
14.15
13.97
14.77
14.2
14.15
14.73
15.07
15.29
15.49
15.29
15.53
15.21
14.56
14.78
15.07
14.79
15.06
15.21
14.24
14.39
14.3
13.94
13.86
13.88
14.13
14.48
14.18
13.98
14.06
13.89
13.99
14.0
14.42
14.04
14.34
14.64
14.53
14.75
14.33
14.32
14.41
14.43
14.51
14.75
15.27
14.93
14.83
14.81
14.83
14.81
15.23
14.7
14.69
14.13
13.94
13.98
14.38
14.23
14.15
14.64
14.55
14.86
14.72
14.41
14.43
13.8
13.63
13.62
13.86
13.95
14.15
14.24
14.35
14.09
14.21
14.01
13.92
14.11
14.3
14.11
14.35
14.84
14.97
15.02
15.71
16.32
16.190001
16.98
17.35
17.33
17.66
18.18
18.1
18.67
18.690001
19.27
18.959999
19.77
19.469999
19.74
19.9
19.809999
18.92
19.51
19.879999
19.75
19.32
19.77
19.4
19.959999
19.99
19.549999
19.6
19.82
19.540001
19.629999
19.129999
19.5
19.450001
17.969999
17.65
18.74
17.860001
17.16
17.57
17.57
17.799999
19.120001
19.120001
18.73
18.43
18.73
19.16
19.549999
19.530001
19.09
18.6
18.540001
18.32
18.190001
18.700001
18.120001
17.870001
18.43
18.559999
18.48
18.66
18.41
18.360001
18.049999
18.49
19.18
18.049999
17.52
17.75
17.24
16.75
17.57
17.139999
17.379999
17.34
18.110001
17.33
17.43
18.200001
17.98
17.860001
17.870001
18.16
18.299999
19.18
19.57
decrease
