186.479996
185.279999
188.559998
188.970001
189.580002
191.710007
189.699997
188.229996
189.029999
189.919998
191.190002
192.419998
191.110001
190.789993
189.75
190.839996
191.660004
194.759995
194.139999
187.490005
188.729996
189.369995
191.649994
193.059998
193.270004
194.809998
194.259995
193.880005
193.839996
198.360001
203.110001
202.25
203.169998
206.149994
205.839996
206.399994
209.119995
209.419998
208.899994
210.449997
210.5
210.949997
208.949997
212.300003
211.630005
215.350006
215.360001
214.330002
217.149994
215.229996
217.330002
217.380005
218.309998
215.029999
218.509995
218.869995
217.539993
218.320007
217.970001
219.059998
215.479996
211.039993
212.880005
211.880005
212.509995
212.679993
214.369995
213.630005
207.539993
208.039993
208.029999
206.710007
209.5
209.360001
209.320007
208.369995
207.0
206.179993
203.550003
204.869995
207.860001
209.070007
209.630005
205.369995
206.0
206.330002
209.279999
207.070007
206.669998
207.759995
208.839996
211.300003
213.779999
214.380005
215.050003
213.259995
211.910004
213.660004
210.479996
212.399994
215.539993
215.0
214.520004
214.830002
215.080002
216.0
220.5
218.830002
220.0
219.199997
219.809998
220.0
224.259995
225.580002
226.330002
223.0
221.320007
221.610001
220.800003
220.639999
220.779999
222.679993
225.059998
222.220001
221.350006
220.100006
222.300003
223.970001
225.070007
225.339996
225.839996
225.5
229.039993
230.470001
227.720001
225.809998
225.460007
225.300003
224.240005
220.949997
221.160004
220.5
217.440002
218.149994
221.429993
219.940002
214.449997
217.910004
216.0
217.25
217.320007
217.830002
217.0
217.869995
218.509995
225.929993
231.460007
230.839996
239.050003
235.399994
236.389999
239.300003
240.729996
238.610001
239.5
242.020004
238.5
240.050003
241.910004
242.539993
251.070007
250.169998
250.020004
249.639999
250.029999
248.320007
249.539993
257.600006
260.820007
264.880005
265.920013
268.660004
267.75
268.01001
271.190002
271.850006
269.579987
271.48999
272.179993
274.320007
273.890015
272.019989
270.410004
268.040009
268.850006
267.690002
261.459991
262.480011
261.829987
255.869995
248.5
250.179993
251.149994
239.270004
235.320007
239.929993
240.320007
240.820007
245.029999
244.190002
240.979996
243.300003
245.429993
252.220001
254.509995
248.740005
246.410004
243.699997
241.309998
241.940002
243.039993
241.679993
240.470001
247.119995
246.539993
250.770004
246.910004
247.399994
252.029999
249.610001
251.990005
249.020004
236.270004
229.479996
239.850006
234.639999
234.800003
240.110001
238.5
241.039993
238.759995
241.070007
234.289993
234.320007
238.0
238.0
241.910004
244.490005
250.029999
252.0
255.529999
251.589996
decrease
