30.66
30.610001
30.709999
30.610001
30.52
30.52
29.940001
29.459999
29.030001
28.950001
28.870001
28.83
29.059999
28.76
28.85
28.809999
28.719999
28.93
28.690001
28.59
28.16
28.24
28.440001
28.5
28.67
28.860001
28.92
29.190001
29.24
29.389999
29.450001
29.110001
29.059999
29.139999
28.870001
29.110001
29.51
29.370001
29.59
29.790001
29.93
29.870001
29.870001
29.43
29.18
28.91
30.09
29.719999
29.1
28.82
29.16
29.059999
29.209999
29.309999
29.25
29.309999
29.280001
29.73
29.66
30.200001
30.24
30.450001
30.83
31.23
31.74
31.25
30.870001
31.1
31.25
32.150002
31.91
31.93
32.209999
32.060001
32.07
31.790001
31.950001
31.610001
32.040001
32.169998
32.48
32.700001
32.689999
32.650002
32.830002
32.919998
32.900002
32.93
32.669998
32.689999
32.799999
32.66
32.599998
32.580002
32.419998
32.52
32.299999
32.119999
32.209999
32.509998
31.76
31.48
31.639999
31.620001
31.25
31.370001
31.190001
31.15
30.889999
31.110001
30.83
30.059999
30.07
30.83
30.85
31.02
31.35
31.33
31.379999
31.41
31.59
31.83
32.450001
32.490002
32.060001
32.169998
31.99
32.299999
32.130001
32.130001
32.009998
31.85
31.780001
32.299999
32.669998
32.950001
32.560001
32.599998
32.75
32.77
33.139999
33.73
33.599998
33.880001
34.209999
35.049999
34.779999
34.639999
34.650002
34.549999
34.23
34.240002
33.939999
33.939999
33.540001
33.669998
34.139999
33.759998
32.580002
32.349998
32.369999
32.720001
32.830002
33.139999
32.66
32.27
32.119999
31.83
31.51
31.01
30.59
30.59
30.48
30.32
30.32
30.450001
30.620001
30.82
30.379999
30.32
30.110001
30.389999
30.059999
29.82
30.24
30.07
29.92
29.92
29.559999
29.4
32.450001
32.0
31.1
32.09
32.09
32.169998
32.32
32.900002
32.619999
32.110001
31.6
30.889999
30.809999
30.639999
31.290001
31.5
32.099998
31.950001
32.790001
33.029999
32.799999
32.759998
32.919998
33.799999
33.669998
32.900002
32.330002
32.310001
32.279999
32.630001
31.85
31.59
31.799999
32.650002
32.700001
32.990002
33.419998
33.68
33.889999
33.790001
33.740002
34.060001
34.450001
33.740002
33.990002
34.529999
34.389999
34.009998
33.860001
34.029999
34.18
34.349998
34.200001
34.139999
34.389999
34.5
34.09
34.41
34.610001
35.060001
35.099998
34.869999
decrease
