136.869995
136.539993
137.929993
138.190002
137.300003
126.989998
129.130005
127.400002
127.5
126.989998
126.419998
128.570007
129.759995
130.839996
131.600006
129.940002
129.160004
131.720001
131.380005
127.870003
125.900002
127.150002
128.550003
125.989998
126.849998
127.580002
127.160004
128.0
128.130005
130.089996
129.309998
129.660004
129.520004
127.970001
130.830002
129.300003
128.679993
130.139999
129.779999
129.350006
129.190002
130.630005
128.850006
128.990005
128.949997
129.990005
129.039993
127.800003
128.949997
127.32
127.059998
127.809998
128.910004
127.150002
127.629997
127.879997
128.649994
129.350006
128.289993
123.839996
126.580002
126.629997
127.639999
127.239998
126.900002
126.790001
128.020004
128.199997
119.019997
121.720001
120.75
121.150002
119.080002
119.629997
119.779999
120.050003
118.620003
118.629997
116.410004
117.82
119.010002
118.559998
118.629997
117.809998
116.480003
116.110001
116.949997
115.93
117.519997
117.599998
117.709999
117.739998
118.639999
119.379997
118.57
116.449997
116.580002
115.660004
115.559998
117.550003
117.580002
116.540001
116.910004
116.620003
116.900002
116.760002
116.830002
117.709999
119.730003
118.809998
118.610001
121.059998
121.43
120.559998
123.720001
117.82
119.349998
120.099998
119.0
116.300003
116.400002
115.989998
115.690002
116.699997
115.790001
116.279999
116.739998
117.389999
119.480003
118.269997
119.150002
119.309998
124.050003
121.18
119.629997
121.269997
120.599998
121.010002
119.650002
120.199997
120.129997
121.339996
120.959999
119.709999
120.849998
121.220001
119.790001
122.059998
123.580002
122.540001
122.449997
122.019997
123.190002
123.699997
126.669998
129.860001
134.199997
132.710007
132.529999
132.600006
131.470001
131.830002
132.740005
133.149994
135.490005
131.0
130.229996
131.059998
131.869995
131.509995
131.449997
132.360001
132.369995
131.259995
131.75
132.080002
131.220001
132.580002
134.039993
137.119995
136.179993
137.619995
137.839996
139.0
139.770004
141.809998
140.520004
139.550003
138.0
138.759995
141.059998
142.589996
142.130005
134.940002
138.240005
138.889999
140.949997
144.539993
145.029999
144.130005
136.179993
139.729996
141.389999
137.25
138.639999
140.149994
142.429993
143.5
145.389999
145.029999
143.039993
144.660004
143.869995
147.330002
151.029999
150.839996
148.520004
146.550003
148.339996
150.839996
152.139999
153.320007
147.059998
147.479996
146.779999
147.839996
147.919998
148.149994
148.179993
146.800003
148.899994
149.550003
146.270004
144.509995
147.600006
144.960007
142.610001
144.610001
140.710007
142.339996
143.410004
143.240005
140.710007
140.779999
144.940002
145.389999
148.350006
155.059998
155.25
158.669998
157.990005
157.759995
decrease
