81.57
82.529999
83.32
83.860001
83.879997
84.089996
84.190002
84.419998
83.260002
82.980003
83.519997
83.050003
83.339996
83.150002
83.580002
83.599998
83.110001
83.410004
83.779999
82.849998
82.809998
83.199997
84.029999
83.660004
83.949997
85.360001
85.279999
85.290001
85.870003
86.769997
86.669998
86.550003
86.25
86.550003
85.290001
84.610001
84.93
85.739998
85.730003
86.029999
85.190002
85.07
85.150002
84.989998
84.860001
84.839996
84.900002
85.220001
85.980003
84.809998
85.400002
85.449997
86.110001
85.550003
86.779999
87.300003
87.82
88.599998
89.25
89.580002
89.629997
89.849998
89.870003
89.809998
90.0
90.120003
89.699997
90.690002
91.050003
90.830002
91.220001
91.870003
91.239998
90.410004
90.370003
90.550003
89.989998
89.389999
89.260002
89.220001
90.449997
90.660004
91.449997
89.57
89.830002
90.860001
91.580002
91.339996
91.25
91.339996
91.790001
91.940002
92.389999
92.919998
92.339996
92.209999
92.470001
92.529999
92.300003
93.389999
93.330002
92.419998
92.110001
92.010002
93.540001
92.769997
92.800003
92.720001
93.050003
92.830002
92.650002
93.0
93.339996
93.389999
93.330002
93.400002
93.709999
93.82
93.910004
94.349998
94.610001
94.639999
94.610001
94.959999
95.209999
94.379997
94.809998
95.150002
95.279999
95.709999
95.269997
95.529999
95.940002
96.620003
96.07
92.760002
93.110001
93.360001
93.18
93.129997
90.470001
91.650002
92.519997
92.760002
92.849998
93.43
93.540001
93.199997
92.059998
91.970001
91.739998
91.589996
92.110001
91.970001
92.720001
92.720001
94.330002
93.75
93.629997
95.169998
95.300003
95.870003
95.849998
95.709999
94.239998
94.260002
93.599998
94.830002
95.25
95.0
95.080002
94.860001
94.32
94.129997
94.0
94.279999
94.089996
93.699997
94.25
94.949997
95.489998
95.730003
96.040001
97.279999
97.779999
97.610001
97.169998
97.599998
97.540001
98.470001
99.190002
99.129997
100.559998
101.5
102.879997
102.690002
102.660004
102.360001
102.110001
100.809998
97.199997
95.720001
96.769997
92.739998
95.029999
95.150002
96.169998
96.0
96.559998
97.82
97.32
97.150002
98.029999
99.82
99.919998
98.440002
97.18
95.959999
96.900002
99.589996
98.709999
98.57
99.279999
100.769997
101.230003
100.410004
100.32
100.099998
100.639999
100.050003
100.919998
100.580002
97.519997
94.860001
96.160004
94.68
95.32
96.300003
94.709999
95.0
96.0
97.459999
95.529999
96.0
96.830002
96.339996
96.68
96.230003
97.290001
97.610001
97.529999
97.059998
decrease
