58.895
59.200001
59.720001
59.810001
59.994999
59.945
59.57
59.544998
59.32
59.23
60.125
60.0
59.919998
59.865002
59.625
59.93
59.889999
60.450001
59.875
59.564999
60.02
60.34
61.16
61.169998
61.380001
62.259998
62.044998
62.264999
62.639999
62.615002
62.855
62.73
62.215
62.549999
61.875
61.43
61.59
62.255001
62.310001
62.735001
62.325001
62.595001
62.310001
62.689999
62.455002
62.400002
62.165001
61.424999
62.029999
60.805
61.169998
60.654999
61.174999
60.895
61.384998
61.400002
61.014999
61.720001
61.634998
61.805
62.625
62.529999
62.880001
63.115002
63.355
63.240002
63.195
63.505001
63.485001
63.115002
64.25
64.635002
61.985001
61.985001
61.540001
62.040001
61.790001
61.650002
61.244999
61.419998
62.025002
62.349998
62.415001
60.544998
60.18
60.384998
61.310001
61.075001
60.755001
61.16
61.415001
61.509998
61.605
61.855
61.5
60.93
61.205002
61.415001
61.330002
62.16
62.290001
61.994999
61.775002
62.025002
62.764999
62.584999
62.549999
62.380001
63.115002
63.555
63.740002
64.18
64.105003
64.480003
64.434998
64.415001
64.290001
64.455002
63.740002
63.755001
63.935001
63.369999
63.584999
63.540001
63.599998
63.314999
63.535
63.775002
64.220001
63.994999
63.695
64.105003
64.470001
65.089996
64.724998
64.714996
62.759998
63.290001
63.514999
63.884998
63.485001
64.410004
64.440002
64.0
64.080002
64.864998
64.260002
64.769997
64.195
64.160004
64.135002
63.855
64.065002
64.080002
64.205002
64.360001
65.724998
65.205002
66.120003
65.440002
65.279999
65.599998
65.860001
65.915001
65.599998
65.404999
64.949997
65.980003
66.169998
66.080002
65.794998
65.315002
65.160004
65.699997
65.745003
65.995003
65.565002
65.175003
65.705002
66.629997
67.290001
67.425003
68.144997
68.504997
68.915001
68.610001
68.754997
69.125
68.970001
69.055
70.095001
70.195
70.07
70.400002
71.290001
71.514999
71.269997
70.419998
70.050003
68.775002
65.055
65.375
64.584999
66.525002
68.730003
69.32
69.514999
69.199997
70.224998
71.360001
70.855003
69.894997
71.055
73.095001
72.68
72.105003
71.695
70.934998
71.989998
72.464996
72.110001
72.529999
73.050003
74.114998
73.82
73.75
73.794998
73.834999
74.220001
73.620003
73.459999
73.169998
71.339996
70.010002
71.279999
70.279999
70.739998
71.309998
70.540001
70.970001
71.129997
71.239998
69.839996
70.129997
71.129997
70.849998
70.980003
70.900002
71.589996
72.290001
72.120003
71.75
decrease
