24.950001
24.620001
25.33
25.01
24.969999
24.65
24.43
24.790001
24.459999
24.719999
24.91
24.799999
24.940001
24.84
24.629999
24.440001
24.16
24.639999
24.9
23.780001
23.82
24.18
24.389999
24.74
24.48
24.469999
24.26
24.049999
23.74
24.030001
23.639999
23.700001
23.620001
23.879999
24.33
25.059999
25.190001
25.33
25.58
25.48
25.469999
25.59
25.559999
25.389999
25.139999
24.66
24.82
25.09
25.49
26.07
25.959999
26.469999
26.58
26.459999
26.48
26.34
26.190001
26.110001
26.290001
26.08
26.16
25.82
25.799999
25.49
26.18
26.43
26.59
26.18
26.139999
26.379999
26.700001
26.92
26.959999
26.9
27.18
27.030001
27.450001
27.139999
26.379999
26.110001
26.68
27.02
26.83
26.26
26.33
26.209999
26.620001
26.6
26.85
26.67
26.59
26.26
26.299999
26.129999
26.41
25.790001
25.77
24.969999
25.1
25.700001
26.18
26.33
26.309999
26.52
26.870001
27.18
27.41
27.540001
27.309999
27.139999
27.389999
27.68
27.59
27.98
27.870001
27.91
27.809999
28.219999
28.190001
28.129999
28.42
28.26
28.15
28.059999
28.370001
27.969999
28.07
28.280001
28.6
28.43
28.6
28.58
28.85
29.07
29.01
28.9
28.959999
29.26
29.120001
29.24
28.450001
28.299999
28.01
27.67
28.190001
28.610001
28.459999
28.469999
28.450001
28.57
28.48
28.42
28.200001
28.4
29.24
30.459999
30.51
30.690001
31.360001
30.780001
30.58
30.4
30.370001
30.299999
30.450001
29.940001
29.67
30.030001
30.469999
30.620001
30.51
30.93
30.84
30.68
30.66
30.639999
30.34
30.43
30.52
30.629999
30.709999
30.700001
31.25
31.58
31.860001
32.349998
32.279999
32.490002
32.169998
32.5
32.77
32.919998
33.330002
32.84
33.349998
33.169998
33.02
33.099998
33.66
33.130001
31.700001
32.02
32.34
31.1
31.98
32.25
32.389999
33.25
33.200001
33.130001
33.209999
33.439999
32.869999
33.450001
33.759998
33.259998
33.049999
32.790001
32.91
33.360001
33.66
33.68
33.669998
34.209999
34.259998
34.060001
33.619999
33.57
33.720001
33.619999
33.529999
33.619999
32.299999
31.030001
32.119999
31.34
31.559999
31.75
30.950001
31.559999
32.279999
32.330002
31.24
31.4
31.780001
31.469999
32.259998
31.41
31.49
30.940001
30.780001
31.360001
increase
