76.550003
75.839996
76.419998
76.599998
76.919998
76.690002
77.339996
76.459999
76.730003
76.830002
76.129997
76.760002
76.529999
76.669998
77.349998
75.809998
74.879997
73.209999
71.790001
70.860001
70.449997
58.720001
60.27
59.869999
59.630001
59.66
59.82
59.66
59.41
59.360001
58.040001
57.599998
55.080002
55.290001
53.880001
54.779999
54.860001
55.099998
53.77
52.830002
52.040001
51.450001
50.330002
47.82
47.5
48.029999
48.369999
48.5
48.709999
48.700001
49.279999
50.639999
50.299999
50.080002
49.98
48.400002
48.32
48.240002
48.57
48.419998
48.950001
48.580002
48.540001
47.98
47.209999
45.049999
45.75
46.099998
47.25
46.02
47.189999
46.869999
47.650002
48.549999
49.0
48.84
50.040001
49.799999
49.09
49.299999
49.32
47.130001
48.57
47.700001
34.380001
31.82
33.18
35.25
34.77
35.880001
35.700001
35.16
35.240002
35.23
36.34
36.330002
36.700001
36.16
35.73
34.990002
35.700001
36.099998
36.619999
36.93
36.259998
35.049999
34.57
33.700001
33.599998
34.66
35.119999
35.07
34.860001
35.220001
34.75
34.380001
33.849998
34.380001
34.41
33.389999
33.599998
32.93
31.43
31.65
30.950001
31.02
31.18
30.99
31.280001
31.620001
31.129999
31.290001
33.07
31.549999
30.58
30.08
29.91
30.01
29.85
29.65
29.24
29.879999
30.610001
30.34
29.639999
30.0
31.200001
31.85
40.82
40.689999
40.689999
40.540001
40.099998
39.400002
40.450001
42.59
42.84
43.310001
45.759998
43.400002
42.82
43.220001
44.970001
44.41
44.57
45.349998
44.330002
45.650002
46.57
46.209999
46.290001
47.98
47.259998
48.549999
47.68
47.09
46.880001
47.889999
47.869999
46.310001
46.959999
46.970001
46.0
46.279999
46.299999
47.450001
46.959999
48.07
48.59
50.209999
50.369999
51.52
52.25
52.439999
51.59
51.279999
49.900002
49.150002
49.209999
48.380001
45.630001
47.639999
48.009998
45.880001
46.240002
46.34
46.639999
48.580002
49.240002
49.169998
48.169998
48.419998
48.259998
48.25
49.32
47.540001
45.91
45.880001
40.040001
41.630001
42.099998
40.720001
40.849998
42.560001
43.32
43.860001
43.259998
43.459999
44.110001
43.82
43.619999
43.759998
41.880001
43.740002
45.259998
44.110001
44.779999
45.540001
43.82
45.84
47.790001
47.91
46.459999
45.610001
46.639999
46.110001
45.93
45.200001
43.349998
42.369999
42.419998
41.639999
decrease
