36.43
36.369999
37.240002
37.509998
36.75
36.700001
36.73
36.98
37.220001
37.07
36.91
36.950001
36.860001
37.080002
37.439999
37.400002
37.490002
37.439999
37.82
37.299999
37.349998
37.07
36.75
36.799999
36.830002
36.919998
37.049999
37.77
37.889999
38.939999
38.689999
38.150002
37.529999
37.349998
37.349998
36.849998
36.139999
35.959999
35.990002
35.68
35.439999
35.66
35.549999
35.310001
35.240002
35.029999
35.169998
34.970001
34.970001
34.740002
34.66
34.580002
34.279999
34.099998
34.700001
35.740002
36.549999
37.25
37.689999
37.759998
38.150002
38.25
38.27
38.41
38.119999
38.290001
38.779999
38.369999
37.240002
36.5
37.32
37.080002
37.299999
37.610001
37.549999
37.599998
37.709999
37.66
37.279999
37.41
37.709999
37.889999
38.32
37.799999
37.830002
37.369999
37.900002
37.540001
37.5
37.93
37.48
37.709999
38.470001
38.0
38.25
38.18
38.139999
37.919998
38.060001
38.98
39.34
39.139999
39.240002
39.84
40.66
39.77
39.709999
39.509998
39.209999
39.299999
38.990002
39.080002
39.0
38.91
41.0
41.049999
41.009998
41.07
41.290001
41.110001
41.509998
42.580002
42.68
42.779999
42.599998
42.5
43.110001
43.25
43.32
43.759998
43.900002
46.52
47.720001
47.169998
46.75
46.82
46.549999
46.720001
46.970001
47.060001
47.27
46.990002
46.34
46.73
47.110001
47.09
47.200001
47.48
46.529999
46.880001
47.18
46.84
47.07
47.080002
47.549999
46.560001
46.580002
46.43
46.25
46.040001
46.16
46.189999
46.389999
46.240002
46.900002
47.380001
47.139999
47.380001
47.810001
47.470001
47.139999
47.369999
47.360001
46.82
47.18
47.009998
46.619999
47.110001
47.48
47.610001
48.25
49.669998
49.389999
49.709999
50.259998
50.279999
50.34
50.849998
51.349998
52.400002
51.880001
51.32
51.84
52.23
52.799999
52.439999
51.48
51.209999
51.419998
49.939999
47.98
48.41
48.400002
46.459999
47.040001
47.68
48.209999
49.07
49.48
49.09
48.82
48.310001
47.860001
48.490002
49.639999
49.040001
49.099998
49.16
48.93
49.689999
50.5
50.040001
50.279999
51.540001
50.82
51.369999
50.650002
50.41
49.93
49.439999
50.099998
50.610001
49.560001
49.189999
50.59
49.93
49.169998
50.009998
49.529999
50.540001
50.73
51.279999
50.189999
50.23
51.200001
51.27
51.52
51.369999
52.16
52.950001
53.07
52.709999
decrease
