50.490002
50.580002
51.5
52.110001
52.330002
52.330002
51.32
51.200001
51.790001
51.529999
50.599998
48.18
47.82
48.389999
48.200001
47.73
46.610001
46.669998
46.619999
45.73
45.470001
45.849998
45.849998
46.080002
45.970001
45.310001
44.98
45.029999
44.860001
46.189999
45.560001
44.939999
45.09
44.41
45.220001
46.349998
46.799999
46.810001
46.16
44.689999
45.040001
45.389999
44.779999
43.77
43.990002
44.0
44.540001
44.990002
45.369999
45.07
45.779999
46.549999
46.25
45.209999
45.34
45.369999
45.27
45.48
45.220001
45.16
45.419998
44.799999
45.470001
45.16
45.009998
44.720001
45.68
45.360001
45.52
44.580002
43.43
43.889999
43.84
43.860001
40.060001
39.18
39.189999
39.150002
38.810001
39.07
39.279999
38.650002
38.439999
37.77
37.669998
37.23
37.619999
37.580002
37.439999
37.77
37.700001
38.25
38.630001
38.57
38.610001
38.349998
38.619999
38.959999
39.099998
39.34
40.0
40.139999
40.400002
40.43
40.200001
40.490002
40.98
41.099998
40.93
41.610001
41.84
42.099998
42.139999
42.099998
43.060001
42.810001
42.950001
43.099998
42.919998
42.59
42.549999
42.610001
42.610001
42.610001
42.57
42.540001
42.549999
43.060001
43.189999
42.580002
42.720001
42.5
42.689999
42.740002
42.990002
43.09
43.939999
44.459999
46.860001
48.57
48.080002
47.619999
47.049999
47.040001
46.68
45.66
45.27
46.419998
46.700001
46.779999
47.560001
47.259998
46.889999
46.93
47.639999
48.200001
48.41
48.669998
49.389999
48.860001
49.150002
49.540001
50.380001
50.130001
50.43
50.029999
49.869999
50.450001
50.84
50.619999
50.900002
51.259998
51.07
51.450001
51.450001
51.759998
51.650002
52.330002
53.099998
53.259998
53.41
53.779999
53.810001
54.060001
56.150002
57.07
58.029999
58.130001
60.060001
60.43
61.290001
61.459999
61.279999
61.220001
61.529999
61.610001
60.369999
60.700001
60.439999
58.790001
56.25
57.16
57.040001
55.310001
55.009998
56.310001
55.82
57.369999
57.849998
57.630001
58.040001
57.43
58.110001
58.150002
58.580002
57.799999
56.900002
55.779999
56.59
57.060001
57.57
57.66
57.169998
58.52
58.279999
57.830002
57.5
57.310001
57.639999
56.84
57.18
58.299999
55.900002
54.849998
56.32
55.759998
55.849998
57.220001
55.970001
57.259998
58.029999
58.540001
56.720001
56.900002
58.560001
58.77
58.619999
57.919998
57.959999
58.669998
59.389999
59.150002
decrease
