49.169998
48.66
49.349998
50.599998
51.139999
50.779999
50.869999
49.650002
49.970001
50.220001
48.630001
49.98
49.619999
49.139999
49.759998
49.169998
49.049999
49.68
49.580002
48.34
48.560001
49.110001
49.110001
49.470001
49.0
47.889999
48.099998
48.299999
48.5
49.299999
48.59
48.560001
47.549999
46.279999
46.68
47.299999
48.66
48.709999
47.470001
47.450001
47.450001
47.529999
46.0
44.040001
44.25
44.470001
45.5
45.310001
45.639999
45.709999
46.43
46.939999
46.720001
46.32
46.310001
46.380001
45.759998
46.259998
45.779999
46.169998
45.900002
46.119999
46.540001
46.59
46.23
46.240002
47.25
46.639999
46.360001
41.299999
41.130001
41.59
41.919998
41.220001
41.189999
40.549999
39.84
39.119999
38.639999
38.830002
39.48
39.439999
39.419998
38.389999
38.119999
37.580002
38.73
38.540001
38.029999
38.41
38.400002
38.66
38.970001
39.279999
39.540001
39.549999
39.959999
39.91
39.48
40.220001
40.450001
40.91
41.360001
41.389999
41.400002
41.970001
42.57
42.189999
42.630001
43.029999
43.369999
43.25
42.5
42.59
42.080002
42.68
43.060001
43.209999
43.32
43.209999
43.540001
43.720001
44.07
44.380001
44.639999
44.580002
44.619999
44.490002
45.380001
44.610001
44.84
44.43
44.740002
44.259998
43.880001
44.07
43.990002
39.139999
39.25
40.009998
39.540001
38.91
39.0
39.130001
39.369999
39.080002
38.630001
39.080002
39.209999
38.939999
38.990002
39.490002
39.07
39.880001
41.119999
41.509998
42.580002
42.389999
42.830002
42.040001
41.810001
42.650002
42.130001
41.59
41.25
41.02
40.200001
41.150002
41.310001
41.169998
41.130001
41.59
41.389999
41.77
41.799999
41.959999
42.130001
42.5
42.369999
43.419998
43.400002
43.720001
43.299999
42.470001
43.470001
44.0
45.049999
43.380001
44.330002
43.709999
43.77
44.07
45.34
45.029999
45.580002
45.369999
45.209999
45.32
45.59
44.57
42.110001
41.830002
41.549999
40.82
40.360001
41.419998
41.09
42.189999
42.869999
44.049999
43.700001
43.779999
43.580002
44.259998
44.919998
43.970001
42.349998
41.200001
42.290001
43.439999
44.130001
44.369999
44.5
45.580002
45.16
44.599998
44.259998
43.849998
44.540001
43.939999
44.099998
44.919998
43.27
42.110001
42.860001
42.16
41.790001
43.330002
42.540001
43.0
44.049999
44.810001
43.18
43.450001
44.580002
46.259998
45.91
45.669998
45.959999
46.25
46.779999
47.639999
decrease
