73.410004
72.669998
73.650002
73.739998
73.5
73.529999
73.230003
73.510002
73.769997
71.300003
70.730003
73.290001
72.849998
72.599998
74.089996
73.540001
72.75
74.849998
75.669998
73.709999
72.339996
74.309998
74.589996
74.519997
74.660004
75.32
75.25
75.0
75.370003
76.129997
76.470001
75.809998
76.0
76.190002
76.25
76.620003
75.419998
76.769997
75.82
75.82
76.150002
75.610001
75.830002
75.589996
74.260002
74.779999
74.769997
74.010002
75.019997
73.360001
73.050003
73.57
73.550003
73.599998
74.589996
75.870003
74.230003
75.529999
76.830002
76.489998
76.779999
76.0
76.18
75.790001
76.059998
76.800003
77.989998
77.0
76.629997
76.650002
76.379997
77.349998
83.849998
83.339996
84.349998
84.599998
84.370003
84.610001
83.050003
82.730003
83.349998
84.559998
84.739998
82.779999
82.629997
83.459999
84.459999
84.419998
84.110001
84.300003
84.540001
84.43
84.480003
86.220001
87.410004
85.620003
86.300003
87.660004
87.139999
88.970001
89.699997
89.639999
89.809998
89.559998
91.360001
92.139999
91.949997
90.440002
89.949997
86.010002
85.709999
87.190002
87.959999
89.309998
88.849998
90.309998
90.959999
91.720001
91.160004
90.760002
90.68
92.43
92.93
93.720001
95.010002
94.419998
94.059998
94.120003
94.550003
94.209999
94.169998
93.209999
93.139999
92.510002
92.349998
92.860001
91.900002
90.150002
91.110001
90.959999
93.510002
93.239998
92.160004
93.220001
94.879997
93.010002
92.120003
93.32
92.940002
92.669998
94.419998
93.169998
94.610001
93.809998
94.5
93.209999
94.400002
93.93
91.470001
89.849998
87.989998
88.25
88.809998
89.639999
90.150002
90.709999
89.860001
92.199997
93.949997
94.470001
94.919998
95.139999
95.459999
95.540001
94.800003
95.0
94.660004
95.730003
96.959999
97.449997
98.080002
98.169998
98.129997
97.519997
97.879997
97.879997
94.980003
93.860001
90.169998
89.860001
89.849998
88.879997
89.730003
91.970001
92.029999
91.370003
91.540001
91.330002
89.220001
85.720001
83.089996
84.989998
83.970001
80.870003
82.68
85.220001
81.860001
85.260002
85.239998
83.349998
83.550003
82.120003
83.540001
85.720001
83.650002
82.589996
78.480003
78.639999
79.650002
80.730003
82.419998
82.790001
82.25
83.550003
83.879997
83.779999
82.690002
81.07
82.290001
81.32
79.989998
80.349998
77.360001
75.510002
75.980003
75.279999
73.110001
76.57
74.989998
76.239998
76.18
79.540001
78.129997
77.989998
79.25
78.43
80.0
80.330002
80.620003
81.830002
82.739998
82.120003
increase
