30.549999
30.219999
29.75
29.889999
30.049999
29.93
29.860001
29.690001
29.85
28.35
28.5
28.58
28.030001
27.959999
27.68
28.32
27.9
27.67
27.110001
26.77
26.780001
27.02
27.0
26.530001
26.67
27.23
26.950001
26.959999
26.9
27.530001
27.6
27.360001
27.209999
27.190001
27.0
27.700001
28.17
27.66
27.129999
27.41
27.120001
27.43
26.74
26.860001
26.629999
26.93
27.620001
27.219999
27.77
27.74
27.870001
28.129999
27.940001
27.52
27.559999
27.84
27.719999
28.309999
27.4
27.540001
27.23
27.200001
27.459999
27.610001
27.65
27.5
27.709999
27.92
29.219999
28.91
28.690001
28.92
28.280001
28.52
28.059999
27.84
27.709999
27.51
27.469999
27.84
27.77
27.440001
27.559999
26.889999
26.790001
26.889999
26.98
26.66
26.610001
26.719999
26.76
26.91
27.01
27.1
26.98
26.09
25.969999
25.379999
25.379999
25.67
25.459999
26.15
26.0
26.65
26.030001
26.27
26.379999
26.33
26.43
26.610001
26.42
26.77
26.01
25.790001
26.049999
26.02
26.459999
26.32
26.469999
25.969999
26.15
25.48
25.49
25.83
26.1
26.219999
26.59
26.700001
26.84
26.01
25.559999
25.43
25.700001
25.75
25.75
25.450001
25.379999
25.15
24.43
26.620001
27.040001
27.35
28.129999
28.07
27.82
27.309999
27.950001
28.6
30.48
29.9
30.1
29.940001
29.780001
29.700001
30.17
31.299999
31.15
31.469999
32.310001
32.48
32.700001
33.77
32.970001
33.27
33.599998
32.34
34.220001
34.220001
34.5
34.369999
33.860001
34.529999
34.720001
34.169998
34.139999
34.080002
34.119999
35.360001
35.93
36.169998
36.349998
35.849998
36.18
35.32
35.799999
36.369999
35.790001
36.490002
35.73
36.259998
36.959999
37.189999
37.490002
37.73
38.32
38.139999
37.880001
36.490002
36.709999
36.220001
35.560001
36.419998
35.700001
34.09
35.189999
35.950001
36.189999
36.18
36.650002
37.040001
36.610001
36.560001
36.73
37.619999
38.400002
37.139999
36.419998
35.529999
35.93
36.150002
37.02
36.509998
36.790001
37.209999
37.5
36.849998
37.23
36.700001
36.619999
36.25
36.18
36.299999
36.18
35.450001
36.580002
36.080002
35.5
36.369999
35.68
35.59
35.669998
36.0
35.34
35.330002
35.799999
35.650002
36.07
36.41
36.509998
37.09
36.82
36.68
decrease
