31.07
30.700001
30.35
30.610001
30.74
30.559999
30.540001
30.389999
30.43
28.879999
29.040001
29.139999
28.4
28.23
27.9
28.52
27.940001
27.73
27.34
26.85
26.860001
27.110001
27.26
26.74
26.870001
27.33
27.030001
27.049999
27.120001
27.82
27.93
27.74
27.530001
27.58
27.4
28.16
28.74
28.059999
27.610001
27.74
27.450001
27.799999
27.18
27.25
26.969999
27.190001
28.040001
27.610001
28.110001
28.190001
28.34
28.52
28.360001
27.950001
27.9
28.280001
28.1
28.65
27.57
27.74
27.379999
27.370001
27.639999
27.790001
27.84
27.68
27.93
28.18
29.629999
29.370001
29.1
29.23
28.690001
28.82
28.459999
28.200001
28.030001
27.9
27.879999
28.209999
28.209999
27.85
27.99
27.35
27.26
27.370001
27.43
27.15
27.1
27.25
27.25
27.35
27.450001
27.59
27.49
26.58
26.43
25.790001
25.790001
26.059999
25.9
26.59
26.5
27.049999
26.5
26.700001
26.870001
26.76
26.879999
27.120001
26.950001
27.32
26.559999
26.379999
26.6
26.629999
27.1
26.950001
26.99
26.58
26.77
26.110001
26.139999
26.52
26.690001
26.879999
27.18
27.370001
27.5
26.690001
26.23
26.129999
26.309999
26.41
26.389999
26.15
25.98
25.809999
24.969999
27.450001
27.75
28.09
28.700001
28.84
28.549999
28.030001
28.73
29.32
31.15
30.66
30.879999
30.610001
30.469999
30.389999
30.860001
32.099998
31.940001
32.189999
33.09
32.990002
33.209999
34.18
33.299999
33.66
34.099998
32.75
34.880001
34.990002
35.189999
35.060001
34.27
35.110001
35.240002
34.599998
34.549999
34.48
34.529999
35.860001
36.540001
36.82
36.75
36.240002
36.540001
35.599998
36.200001
36.73
36.290001
37.110001
36.18
36.650002
37.310001
37.509998
38.0
38.18
38.810001
38.740002
38.459999
36.900002
37.009998
36.720001
36.139999
36.799999
36.060001
34.560001
35.73
36.400002
36.580002
36.549999
36.959999
37.459999
37.130001
37.060001
37.16
38.009998
38.810001
37.630001
36.82
35.919998
36.369999
36.650002
37.540001
37.02
37.18
37.73
37.98
37.41
37.689999
37.150002
37.139999
36.779999
36.689999
36.860001
36.75
36.119999
37.029999
36.48
35.880001
36.689999
36.130001
36.139999
36.139999
36.360001
35.689999
35.700001
36.27
36.18
36.490002
36.790001
37.040001
37.540001
37.310001
37.200001
decrease
