137.220001
136.179993
133.75
134.610001
132.559998
133.160004
130.889999
133.160004
133.809998
132.300003
131.399994
132.779999
130.440002
130.550003
132.0
129.720001
125.43
126.57
122.459999
122.970001
124.290001
125.589996
126.480003
125.709999
127.400002
127.379997
126.32
123.82
122.739998
124.290001
123.370003
121.730003
122.18
124.989998
122.879997
124.68
126.940002
127.879997
126.989998
128.320007
125.370003
125.190002
123.839996
123.330002
124.190002
125.050003
127.720001
127.440002
128.130005
127.709999
126.389999
129.039993
126.260002
125.379997
126.279999
124.760002
124.839996
125.410004
126.669998
128.270004
129.009995
128.710007
129.929993
130.0
130.479996
131.259995
132.130005
132.699997
135.029999
132.809998
132.630005
134.399994
132.839996
132.979996
133.639999
133.410004
132.589996
132.75
132.039993
129.399994
131.059998
129.270004
129.649994
128.550003
126.959999
128.100006
126.860001
127.580002
126.860001
128.320007
125.410004
125.709999
126.540001
126.93
128.199997
127.639999
129.320007
130.449997
129.380005
130.25
128.690002
128.270004
130.970001
130.0
127.510002
125.379997
124.629997
123.849998
123.139999
124.800003
125.080002
123.980003
124.449997
124.209999
124.029999
124.610001
125.129997
126.089996
125.68
126.110001
126.75
127.82
128.509995
129.679993
128.809998
129.630005
128.529999
127.230003
125.800003
126.610001
124.900002
123.269997
121.730003
121.449997
120.980003
120.519997
121.699997
128.100006
126.559998
126.919998
128.610001
128.869995
131.440002
132.009995
130.889999
131.809998
131.589996
131.899994
132.5
131.240005
131.600006
131.75
131.919998
130.690002
131.119995
132.100006
132.210007
132.539993
133.570007
131.539993
130.089996
129.839996
130.289993
129.789993
130.5
131.369995
130.729996
132.0
133.880005
132.029999
130.520004
129.320007
130.389999
132.020004
133.289993
133.610001
132.809998
133.75
133.25
128.539993
128.360001
129.910004
125.440002
123.839996
123.209999
122.809998
122.050003
122.800003
122.050003
122.610001
124.370003
124.739998
123.220001
123.160004
122.379997
121.129997
119.510002
120.800003
117.75
115.540001
112.519997
112.220001
111.339996
108.110001
109.910004
110.239998
110.260002
110.82
112.099998
114.449997
114.559998
111.110001
114.080002
115.93
116.959999
113.480003
113.940002
115.949997
116.360001
116.510002
116.959999
117.279999
117.190002
116.32
117.32
117.809998
117.940002
117.169998
117.889999
116.489998
115.239998
114.669998
114.029999
112.510002
113.25
113.480003
116.660004
116.110001
115.650002
117.019997
118.580002
118.279999
115.779999
115.489998
115.760002
116.309998
114.959999
115.199997
115.720001
116.519997
116.139999
113.639999
decrease
