32.16
31.709999
31.889999
32.119999
32.259998
30.200001
30.129999
30.059999
30.76
31.17
31.02
31.93
31.59
31.620001
32.009998
31.530001
30.92
31.450001
31.4
31.280001
31.540001
32.080002
32.099998
31.790001
31.299999
29.379999
29.07
28.68
28.950001
29.43
29.0
29.09
29.030001
28.219999
28.08
28.540001
28.700001
28.889999
28.379999
27.66
27.59
27.23
26.620001
26.49
26.73
26.700001
26.879999
26.92
27.24
27.219999
27.200001
28.200001
27.440001
26.959999
26.74
27.17
27.58
27.610001
27.530001
28.08
27.809999
27.809999
28.68
28.42
27.889999
28.040001
27.559999
27.74
28.700001
28.889999
28.540001
28.25
27.870001
27.530001
27.530001
27.299999
27.15
27.16
26.870001
26.42
26.309999
26.110001
25.889999
25.57
25.75
25.43
25.309999
25.610001
25.17
25.76
25.5
25.610001
25.42
25.83
26.32
26.57
26.24
26.33
25.5
25.77
25.950001
26.41
26.700001
27.059999
27.25
27.610001
27.6
27.209999
26.83
27.02
26.790001
27.43
27.84
27.92
27.66
27.83
27.549999
27.469999
27.42
27.6
27.27
27.27
26.620001
26.66
26.549999
26.040001
25.49
25.1
24.959999
24.99
25.360001
25.16
26.58
26.57
27.040001
27.389999
27.76
28.25
28.58
29.35
29.290001
29.139999
29.360001
28.92
28.4
27.16
26.5
26.540001
26.620001
26.5
26.6
27.059999
26.92
26.690001
27.5
27.57
28.639999
29.25
28.91
28.24
27.559999
27.18
27.35
28.59
28.77
28.610001
27.610001
27.43
28.549999
28.690001
29.860001
30.799999
31.15
31.379999
31.48
31.4
31.309999
31.860001
32.09
32.389999
32.490002
32.790001
32.380001
32.830002
34.009998
34.799999
33.389999
33.669998
33.150002
33.5
34.59
34.450001
34.650002
33.990002
34.099998
33.080002
32.459999
32.459999
33.349998
32.68
31.83
32.139999
30.48
29.1
29.139999
29.690001
29.219999
30.16
29.67
29.610001
29.379999
29.09
30.540001
30.700001
30.299999
29.74
28.82
28.91
28.809999
29.799999
29.98
29.65
29.799999
30.780001
31.1
30.34
30.129999
29.18
29.82
29.32
29.700001
30.51
29.379999
29.389999
29.969999
29.0
28.690001
29.450001
28.809999
29.290001
28.85
29.84
28.85
28.43
30.43
31.360001
32.34
32.380001
32.360001
32.5
33.23
33.330002
decrease
