60.610001
60.009998
61.43
62.330002
62.25
62.32
63.259998
62.34
62.18
62.669998
62.82
63.139999
62.889999
62.700001
62.57
62.619999
62.18
62.220001
62.330002
61.200001
61.16
61.84
62.400002
62.610001
63.080002
63.639999
63.509998
63.349998
62.450001
62.990002
63.41
63.32
63.200001
63.360001
63.700001
63.09
62.459999
63.27
62.950001
63.040001
64.050003
64.790001
64.470001
64.370003
64.099998
64.099998
64.110001
63.369999
64.410004
62.860001
63.349998
63.330002
63.610001
63.330002
63.849998
64.599998
63.970001
64.699997
64.389999
64.559998
64.139999
63.75
63.970001
63.5
63.25
63.290001
63.07
62.18
62.580002
64.470001
64.739998
65.199997
66.279999
66.529999
67.169998
67.220001
66.919998
66.82
65.529999
65.599998
66.25
66.120003
66.150002
65.160004
65.029999
65.419998
65.860001
65.029999
64.879997
64.690002
64.489998
64.459999
64.800003
64.970001
65.099998
65.089996
64.730003
65.57
66.480003
67.519997
67.870003
68.690002
69.190002
69.360001
70.309998
70.080002
70.169998
69.93
70.029999
70.029999
69.849998
70.209999
69.919998
70.790001
71.550003
71.480003
71.910004
71.57
71.550003
71.900002
71.919998
72.349998
72.889999
72.349998
72.019997
71.489998
71.620003
71.099998
72.010002
72.089996
73.309998
72.470001
73.470001
74.099998
72.459999
72.260002
72.860001
73.309998
73.639999
72.860001
73.470001
72.769997
72.629997
72.650002
72.599998
72.669998
71.849998
72.440002
72.25
72.809998
72.449997
72.0
72.129997
72.760002
73.290001
73.419998
74.650002
74.580002
74.230003
72.949997
73.290001
73.599998
73.690002
73.010002
72.519997
72.410004
71.400002
72.059998
72.730003
72.730003
72.989998
72.800003
72.470001
72.620003
72.370003
72.5
72.349998
72.379997
72.419998
74.25
73.400002
73.25
73.779999
73.019997
73.709999
74.470001
73.989998
74.739998
74.459999
74.559998
74.199997
75.059998
75.360001
74.809998
76.57
76.379997
76.029999
76.019997
75.550003
75.349998
71.660004
72.110001
71.690002
69.139999
72.449997
74.300003
74.139999
74.190002
75.080002
75.650002
75.849998
76.010002
76.68
77.139999
77.959999
77.760002
76.800003
74.699997
73.989998
74.260002
75.120003
77.959999
78.360001
80.269997
78.529999
77.989998
77.610001
78.099998
78.230003
77.779999
78.160004
78.349998
76.690002
76.019997
78.089996
76.800003
76.650002
77.519997
75.440002
76.300003
76.629997
77.419998
74.720001
74.110001
75.800003
74.449997
74.75
74.699997
75.260002
76.730003
77.139999
76.769997
decrease
