188.130005
188.940002
191.910004
193.240005
194.850006
195.029999
193.789993
193.149994
194.070007
194.179993
194.550003
195.970001
196.330002
196.589996
194.389999
194.979996
195.589996
195.179993
195.289993
192.009995
192.639999
195.869995
197.75
199.320007
199.979996
201.089996
202.240005
202.009995
203.25
202.520004
203.699997
201.470001
198.440002
198.869995
199.639999
199.470001
198.399994
200.550003
201.279999
202.029999
202.669998
204.520004
203.860001
203.889999
201.259995
201.320007
200.199997
198.839996
200.830002
196.960007
198.100006
199.660004
200.740005
199.020004
201.259995
201.070007
199.910004
201.110001
200.149994
201.149994
200.139999
201.419998
202.339996
202.399994
204.550003
204.929993
203.559998
194.660004
193.839996
197.940002
196.330002
196.529999
198.039993
199.330002
200.070007
201.139999
198.800003
201.0
198.279999
197.889999
200.300003
199.490005
200.610001
197.990005
198.729996
198.729996
201.229996
199.75
199.470001
199.050003
197.869995
200.949997
201.220001
201.350006
200.0
198.729996
196.740005
197.039993
197.869995
200.330002
199.0
196.850006
197.630005
198.270004
202.179993
203.119995
204.270004
205.720001
205.410004
204.869995
205.330002
206.800003
205.029999
205.580002
208.720001
210.529999
211.300003
213.449997
212.600006
213.529999
212.550003
212.830002
213.720001
213.339996
213.440002
211.539993
210.389999
211.639999
213.860001
212.509995
212.080002
207.25
203.910004
204.990005
206.169998
202.979996
201.619995
203.820007
204.059998
202.369995
203.759995
202.619995
198.869995
199.770004
200.130005
200.220001
198.990005
199.220001
197.770004
198.740005
200.100006
200.039993
200.0
201.070007
204.190002
204.169998
207.160004
202.639999
201.690002
199.910004
200.210007
200.169998
201.070007
199.639999
196.179993
196.630005
196.220001
198.839996
198.449997
199.830002
201.300003
202.479996
202.639999
201.970001
202.720001
203.860001
203.449997
200.490005
201.740005
205.210007
204.699997
204.699997
205.880005
204.75
205.509995
210.589996
206.330002
208.520004
207.800003
209.100006
208.199997
207.479996
219.270004
226.529999
226.240005
225.5
224.279999
222.479996
225.210007
221.720001
211.220001
212.460007
214.949997
206.050003
212.100006
209.529999
211.809998
218.25
225.399994
224.190002
221.830002
220.75
220.139999
221.0
226.779999
223.889999
222.449997
219.149994
223.339996
224.639999
224.809998
226.279999
226.649994
229.949997
224.639999
223.350006
221.690002
222.600006
222.740005
223.899994
225.380005
223.75
218.369995
218.809998
223.470001
221.070007
217.279999
220.899994
218.880005
220.320007
218.539993
221.220001
215.740005
214.960007
214.449997
216.320007
218.220001
218.410004
218.399994
221.410004
225.490005
224.979996
decrease
