30.27
29.549999
29.549999
29.450001
29.26
29.08
28.99
28.940001
28.99
29.23
29.200001
29.219999
29.07
28.93
28.700001
28.870001
28.27
28.18
28.040001
27.41
27.48
28.049999
28.18
28.280001
27.83
27.49
27.450001
27.360001
27.379999
27.719999
27.879999
27.98
27.93
27.68
27.59
27.940001
28.940001
28.450001
28.690001
28.940001
29.0
28.799999
28.129999
27.780001
27.549999
27.57
27.610001
27.209999
27.08
27.02
27.01
27.450001
27.35
26.309999
26.15
26.040001
26.379999
26.58
26.790001
26.780001
26.82
26.889999
26.940001
26.690001
25.91
25.43
25.440001
25.59
25.790001
25.530001
25.610001
25.440001
25.52
25.76
25.780001
25.629999
25.559999
25.709999
25.299999
25.200001
25.360001
25.139999
25.1
24.75
24.549999
24.49
24.6
24.389999
24.299999
24.49
24.469999
24.440001
24.280001
24.549999
25.139999
24.75
24.92
24.02
23.82
23.719999
23.91
24.110001
24.26
23.93
24.459999
24.200001
24.32
24.75
24.870001
25.110001
24.93
24.370001
24.24
24.18
24.57
24.799999
24.48
24.540001
24.389999
23.43
23.360001
23.07
23.049999
22.98
23.360001
23.190001
23.120001
23.58
23.83
22.32
21.889999
21.5
21.32
20.790001
20.41
20.16
20.02
19.940001
20.139999
20.129999
20.209999
20.120001
19.99
20.49
19.02
17.9
18.26
18.25
18.209999
17.98
17.83
18.15
18.190001
18.120001
18.41
18.48
18.290001
17.879999
17.950001
17.76
17.66
17.709999
17.709999
17.65
17.91
17.76
17.639999
17.82
17.76
17.59
17.450001
17.469999
17.5
17.43
17.379999
17.360001
17.450001
17.98
18.15
18.530001
18.540001
18.280001
18.559999
18.93
19.02
18.76
18.209999
17.35
16.77
16.26
16.17
16.889999
16.440001
16.18
16.129999
16.280001
15.95
16.17
16.02
15.64
14.91
15.27
15.25
14.45
14.94
14.82
14.67
14.9
14.85
15.05
14.74
14.49
14.62
14.49
14.65
14.5
14.11
14.02
14.12
14.42
14.64
14.51
14.52
14.94
15.1
14.43
14.27
14.36
14.31
14.07
13.64
13.88
13.35
13.07
12.89
13.44
13.68
13.48
13.12
13.13
13.28
13.43
13.06
12.83
13.05
12.97
13.18
13.49
13.33
13.79
13.66
13.99
increase
