23.540001
23.309999
22.549999
22.610001
21.969999
22.139999
21.610001
22.610001
23.040001
22.43
22.299999
22.27
22.190001
22.299999
22.66
22.43
21.84
22.17
22.01
21.950001
22.389999
22.9
22.799999
22.809999
23.33
23.690001
22.65
22.200001
22.280001
22.6
22.49
22.33
22.620001
23.309999
23.059999
23.32
24.030001
24.040001
24.040001
24.26
24.15
24.08
23.780001
23.610001
23.48
23.67
23.969999
23.99
24.08
23.809999
23.559999
24.07
23.129999
22.59
22.76
22.6
22.4
22.530001
22.93
23.59
23.690001
23.4
23.68
23.629999
23.280001
23.1
23.459999
23.75
24.07
22.780001
22.610001
23.040001
21.91
21.780001
22.190001
22.780001
22.51
22.040001
21.559999
21.200001
21.73
21.1
21.35
20.969999
20.5
20.780001
20.57
21.15
20.75
21.030001
20.73
20.709999
20.889999
20.75
21.200001
20.940001
21.120001
21.360001
21.280001
21.59
21.17
21.530001
21.700001
21.82
21.360001
20.950001
20.75
20.74
20.5
20.75
21.040001
20.700001
21.280001
20.77
20.59
20.75
21.15
21.540001
21.209999
21.290001
21.639999
21.68
21.459999
21.66
21.450001
21.57
21.18
21.26
21.17
21.309999
20.879999
20.6
20.450001
19.950001
19.950001
19.459999
19.440001
19.67
19.1
19.01
22.200001
21.76
22.0
22.200001
24.049999
23.950001
23.85
23.92
23.66
23.43
23.35
23.34
23.35
23.24
23.35
23.4
23.5
23.59
23.629999
23.540001
23.4
23.4
23.43
23.389999
23.77
23.690001
23.42
23.309999
23.280001
23.370001
23.1
23.07
23.4
23.48
23.469999
23.42
23.389999
23.74
23.58
23.26
23.75
23.559999
23.24
23.32
23.23
23.190001
23.08
23.209999
22.99
23.049999
23.17
23.6
23.65
23.6
23.85
23.440001
23.110001
23.030001
22.84
22.52
21.629999
21.59
21.969999
21.620001
22.209999
22.5
22.35
21.76
22.08
22.0
21.620001
21.1
21.280001
21.52
21.889999
21.059999
21.17
21.190001
21.059999
21.35
21.360001
21.25
21.110001
21.129999
21.360001
21.43
21.690001
21.629999
21.719999
21.52
21.24
21.059999
21.120001
21.15
21.209999
20.08
20.549999
20.459999
20.41
20.35
20.57
20.49
20.25
20.129999
20.15
20.049999
19.85
19.799999
19.77
20.32
20.32
19.9
decrease
