66.5
65.93
66.25
67.120003
68.220001
68.580002
68.550003
68.110001
68.589996
67.209999
68.080002
67.800003
67.209999
67.610001
66.919998
66.709999
66.059998
65.949997
65.720001
64.510002
64.43
64.230003
64.360001
64.690002
64.309998
64.559998
64.5
64.489998
64.889999
64.620003
65.400002
65.480003
64.849998
64.32
64.120003
64.699997
65.43
65.150002
64.989998
64.809998
64.120003
64.809998
65.589996
67.5
70.480003
70.519997
71.239998
70.650002
71.919998
70.860001
70.779999
70.699997
70.860001
69.480003
69.25
69.290001
69.349998
69.800003
70.580002
70.57
71.150002
71.690002
72.720001
73.419998
73.760002
74.389999
73.739998
74.190002
74.959999
75.940002
76.089996
75.699997
75.839996
74.370003
73.160004
73.440002
73.269997
73.900002
72.699997
72.400002
72.809998
73.120003
73.349998
72.339996
72.110001
72.599998
73.339996
73.739998
74.019997
73.790001
74.690002
75.739998
81.230003
83.709999
83.75
82.559998
82.949997
85.470001
85.099998
84.519997
84.510002
83.68
82.290001
82.360001
82.970001
82.290001
82.639999
82.620003
83.269997
83.610001
83.760002
83.860001
80.910004
81.019997
83.519997
83.190002
82.419998
83.510002
82.139999
81.980003
83.040001
82.57
81.300003
81.169998
79.949997
80.239998
80.010002
81.589996
81.209999
80.169998
80.099998
79.889999
77.879997
77.07
75.989998
74.959999
74.830002
73.809998
73.459999
72.379997
73.209999
73.099998
73.019997
73.769997
72.849998
71.150002
71.809998
72.410004
72.440002
72.129997
72.510002
72.82
72.459999
71.699997
72.589996
73.669998
74.779999
75.339996
73.089996
73.290001
73.290001
72.720001
74.220001
75.879997
76.089996
76.580002
74.339996
75.57
75.129997
74.349998
74.010002
73.019997
72.709999
72.699997
72.980003
72.480003
71.639999
74.099998
74.660004
73.900002
74.519997
74.400002
78.099998
78.709999
79.059998
79.019997
80.25
81.739998
81.169998
80.980003
81.410004
80.949997
81.300003
81.190002
85.459999
88.800003
87.290001
83.800003
83.489998
81.730003
78.370003
80.379997
82.760002
78.220001
79.32
80.139999
80.790001
81.82
81.550003
80.699997
80.940002
80.690002
79.400002
80.910004
81.790001
80.360001
78.730003
77.529999
78.690002
77.919998
79.32
79.989998
80.07
80.720001
81.059998
81.720001
81.099998
79.510002
79.739998
77.18
76.919998
76.489998
75.57
72.839996
75.540001
74.110001
74.779999
75.389999
73.139999
73.75
75.400002
74.82
73.410004
73.800003
75.019997
74.330002
75.290001
75.220001
74.690002
75.470001
75.68
74.440002
decrease
