57.880001
57.73
58.139999
58.240002
57.880001
57.41
57.509998
56.599998
55.919998
56.049999
57.049999
57.299999
57.400002
56.369999
56.34
56.259998
56.25
56.360001
56.09
56.029999
55.91
56.23
56.709999
56.689999
56.91
56.830002
57.32
56.57
56.740002
57.549999
57.549999
57.439999
57.529999
57.700001
57.200001
57.09
57.240002
58.169998
58.75
58.830002
57.099998
57.119999
56.740002
56.209999
56.0
55.939999
56.169998
55.52
56.419998
54.970001
55.400002
55.18
54.810001
53.82
53.630001
53.400002
53.529999
53.439999
53.279999
53.740002
54.150002
53.669998
53.849998
54.169998
54.349998
54.48
55.119999
55.130001
55.490002
55.330002
55.66
55.200001
56.07
56.220001
56.169998
56.380001
55.779999
55.77
56.290001
56.59
57.400002
57.310001
57.529999
57.57
57.139999
57.290001
57.5
57.68
55.68
55.02
54.279999
53.93
53.75
53.259998
53.720001
53.720001
54.700001
54.66
55.349998
55.779999
55.560001
55.290001
55.049999
55.799999
56.43
55.380001
52.169998
51.689999
51.23
52.27
51.970001
52.43
52.259998
51.759998
51.810001
51.32
52.009998
52.09
51.400002
50.189999
50.950001
50.869999
51.27
51.529999
51.810001
51.700001
52.25
52.029999
52.009998
51.669998
51.790001
51.529999
51.759998
51.57
50.66
51.919998
52.029999
51.759998
51.34
50.099998
50.970001
52.240002
51.779999
53.279999
52.970001
54.119999
52.529999
53.669998
53.720001
54.240002
53.52
53.650002
53.650002
54.049999
54.84
56.34
56.560001
56.459999
57.860001
57.25
57.41
56.689999
55.84
55.889999
56.060001
56.470001
56.130001
56.889999
57.799999
57.630001
58.759998
59.529999
60.130001
60.119999
60.18
59.549999
59.290001
59.040001
58.73
59.41
59.919998
60.119999
59.32
58.630001
58.09
57.849998
58.43
59.119999
58.66
59.110001
59.77
59.790001
59.720001
60.139999
60.200001
59.580002
58.580002
58.490002
57.880001
55.950001
54.009998
55.779999
54.650002
53.990002
54.720001
54.919998
54.790001
56.029999
56.889999
56.43
55.950001
54.48
54.950001
52.98
51.419998
50.779999
50.549999
50.57
50.939999
50.619999
51.060001
51.060001
51.700001
51.450001
51.970001
51.990002
51.810001
50.93
50.490002
50.209999
49.93
45.509998
44.450001
44.209999
45.299999
45.310001
44.349998
45.060001
44.09
44.299999
45.369999
45.43
45.470001
44.950001
44.509998
44.869999
44.580002
44.799999
45.240002
45.259998
44.73
44.029999
decrease
