27.110001
27.02
27.52
28.540001
28.389999
29.02
28.85
29.110001
29.02
28.76
28.84
28.91
29.120001
29.08
29.110001
28.799999
29.059999
29.33
29.6
28.639999
28.77
29.049999
29.309999
29.18
29.17
29.57
29.299999
29.32
29.1
29.67
29.690001
29.540001
29.57
29.49
29.299999
28.950001
29.059999
29.4
29.25
29.389999
29.41
29.879999
29.67
29.76
29.709999
29.99
30.23
29.99
30.5
30.370001
30.049999
30.129999
30.49
29.809999
30.280001
30.540001
30.33
30.85
30.82
31.07
31.32
31.41
31.73
31.709999
31.85
31.85
32.130001
30.42
29.49
29.25
29.139999
29.52
29.77
29.280001
29.25
29.24
29.299999
29.360001
28.57
28.98
29.41
28.49
28.450001
27.870001
27.879999
28.190001
28.5
28.48
28.559999
28.66
28.76
28.57
28.639999
28.76
28.91
28.620001
28.58
28.73
28.540001
28.92
29.15
29.200001
29.25
29.35
29.540001
29.91
30.030001
30.1
30.049999
30.01
29.809999
30.040001
29.950001
29.92
30.16
30.309999
30.469999
30.450001
30.09
30.120001
30.030001
29.889999
29.940001
29.74
29.889999
29.67
29.92
30.059999
30.059999
30.01
31.940001
31.540001
31.700001
31.51
31.26
31.309999
31.629999
31.58
31.67
31.84
32.25
32.220001
31.790001
31.73
31.66
31.700001
31.32
31.65
31.629999
31.73
31.93
31.799999
31.85
32.049999
32.439999
32.48
32.389999
31.85
32.209999
32.240002
31.67
31.73
32.349998
32.57
32.639999
32.290001
31.809999
32.049999
32.32
32.259998
32.419998
32.299999
32.380001
32.380001
32.349998
32.299999
31.99
32.619999
33.419998
33.759998
33.639999
33.77
33.650002
33.330002
33.759998
34.66
34.41
34.830002
34.849998
34.66
34.709999
34.560001
34.119999
33.810001
34.380001
34.25
32.330002
31.219999
31.690001
31.280001
29.780001
29.799999
29.82
28.450001
28.77
29.450001
29.24
29.52
29.540001
29.469999
29.65
29.26
29.209999
29.299999
29.83
29.33
29.08
28.4
28.799999
28.879999
29.200001
29.34
29.33
29.93
29.84
29.84
29.540001
29.530001
29.5
28.889999
29.26
29.370001
28.559999
27.780001
28.309999
27.74
27.35
27.879999
27.030001
27.360001
27.389999
27.459999
26.549999
26.709999
27.34
27.41
27.57
27.42
27.49
27.75
27.870001
27.620001
decrease
