34.099998
33.75
33.91
33.990002
34.380001
34.540001
34.639999
34.200001
33.200001
33.48
33.150002
33.77
33.970001
34.259998
34.23
34.110001
33.619999
33.82
33.419998
32.419998
32.470001
32.720001
32.919998
33.220001
33.200001
32.599998
33.07
33.529999
33.93
34.43
34.450001
34.459999
34.43
34.34
34.110001
34.34
34.68
34.509998
34.610001
34.599998
34.290001
34.349998
34.400002
34.130001
34.189999
34.200001
34.52
34.209999
34.580002
34.860001
34.93
35.57
35.009998
34.869999
34.939999
35.189999
35.400002
35.5
35.860001
36.349998
36.380001
36.43
36.470001
36.41
36.07
35.82
35.57
35.619999
35.939999
35.77
35.98
34.759998
34.82
34.77
35.27
35.299999
35.389999
35.279999
34.880001
34.93
35.470001
35.540001
35.75
35.0
34.830002
34.91
35.299999
35.490002
35.52
35.599998
35.509998
35.52
35.82
36.540001
37.360001
37.23
37.669998
36.91
37.0
37.349998
37.889999
38.209999
38.790001
38.880001
38.59
38.700001
38.880001
39.099998
39.419998
40.299999
40.259998
40.580002
40.580002
40.380001
42.150002
43.450001
43.779999
43.849998
44.93
45.330002
45.209999
45.470001
44.889999
45.880001
45.759998
45.02
45.119999
45.349998
45.610001
45.150002
46.48
45.119999
45.25
44.639999
43.369999
42.98
43.130001
42.599998
42.34
42.139999
41.700001
42.110001
42.110001
42.66
43.57
43.0
42.860001
43.599998
43.880001
44.880001
44.970001
44.290001
44.459999
44.169998
44.919998
43.810001
43.09
42.790001
43.049999
42.799999
42.150002
42.02
42.02
41.669998
41.529999
41.400002
40.810001
40.950001
42.150002
42.490002
42.52
42.16
42.02
41.799999
41.310001
41.380001
40.990002
41.799999
42.82
44.139999
44.009998
44.220001
44.049999
43.0
44.189999
44.07
44.189999
44.029999
43.860001
43.150002
43.290001
43.380001
44.16
43.16
43.490002
43.02
42.700001
42.41
42.43
41.0
39.540001
41.860001
42.389999
40.75
41.459999
42.0
41.400002
41.810001
41.849998
41.09
40.77
40.560001
40.91
40.91
41.540001
40.169998
39.349998
37.790001
37.43
37.740002
37.93
37.740002
37.84
37.84
37.830002
38.009998
37.689999
37.849998
37.939999
37.009998
36.889999
37.580002
36.349998
35.169998
35.990002
34.869999
35.470001
36.34
35.759998
36.939999
38.029999
38.0
37.68
37.830002
39.07
39.0
38.830002
38.73
39.169998
39.220001
38.93
37.77
decrease
