841.650024
843.190002
862.76001
872.299988
871.72998
874.25
905.960022
912.570007
916.440002
927.039978
931.659973
927.130005
934.299988
932.169983
928.780029
930.599976
932.219971
937.080017
943.0
919.619995
930.23999
934.01001
941.859985
948.820007
954.960022
969.539978
971.469971
975.880005
964.859985
966.950012
975.599976
983.679993
976.570007
980.940002
983.409973
949.830017
942.900024
953.400024
950.76001
942.309998
939.780029
957.369995
950.630005
959.450012
957.090027
965.590027
952.27002
927.330017
940.48999
917.789978
908.72998
898.700012
911.710022
906.690002
918.590027
928.799988
930.090027
943.830017
947.159973
955.98999
953.419983
965.400024
970.890015
968.150024
972.919983
980.340027
950.700012
947.799988
934.090027
941.530029
930.5
930.830017
930.390015
923.650024
927.960022
929.359985
926.789978
922.900024
907.23999
914.390015
922.669983
922.219971
926.960022
910.97998
910.669983
906.659973
924.690002
927.0
921.280029
915.890015
913.809998
921.289978
929.570007
939.330017
937.340027
928.450012
927.809998
935.950012
926.5
929.080017
932.070007
935.090027
925.109985
920.289978
915.0
921.809998
931.580017
932.450012
928.530029
920.969971
924.859985
944.48999
949.5
959.109985
953.27002
957.789978
951.679993
969.960022
978.890015
977.0
972.599976
989.25
987.830017
989.679993
992.0
992.179993
992.809998
984.450012
988.200012
968.450012
970.539978
973.330017
972.559998
1019.27002
1017.109985
1016.640015
1025.5
1025.579956
1032.47998
1025.900024
1033.329956
1039.849976
1031.26001
1028.069946
1025.75
1026.0
1020.909973
1032.5
1019.090027
1018.380005
1034.48999
1035.959961
1040.609985
1054.209961
1047.410034
1021.659973
1021.409973
1010.169983
998.679993
1005.150024
1018.380005
1030.930054
1037.050049
1041.099976
1040.47998
1040.609985
1049.150024
1064.189941
1077.140015
1070.680054
1064.949951
1063.630005
1060.119995
1056.73999
1049.369995
1048.140015
1046.400024
1065.0
1082.47998
1086.400024
1102.22998
1106.939941
1106.26001
1102.609985
1105.52002
1122.26001
1121.76001
1131.97998
1129.790039
1137.51001
1155.810059
1169.969971
1164.23999
1170.369995
1175.839966
1175.579956
1163.689941
1169.939941
1167.699951
1111.900024
1055.800049
1080.599976
1048.579956
1001.52002
1037.780029
1051.939941
1052.099976
1069.699951
1089.52002
1094.800049
1102.459961
1111.339966
1106.630005
1126.790039
1143.75
1118.290039
1104.72998
1069.52002
1078.920044
1090.930054
1095.060059
1109.640015
1126.0
1160.040039
1164.5
1138.170044
1149.48999
1149.579956
1135.72998
1099.819946
1097.709961
1090.880005
1049.079956
1021.570007
1053.209961
1005.099976
1004.559998
1031.790039
1006.469971
1013.409973
1025.140015
1027.810059
1007.039978
1015.450012
1031.640015
1019.969971
1032.51001
1029.27002
1037.97998
1074.160034
1072.079956
1087.699951
decrease
