92.900002
93.110001
93.599998
93.290001
93.129997
93.330002
92.019997
91.339996
92.07
92.059998
92.25
92.730003
92.540001
92.830002
92.790001
91.849998
91.440002
91.860001
91.540001
91.129997
91.650002
92.120003
92.459999
90.650002
90.169998
91.360001
93.279999
92.540001
92.620003
94.110001
94.279999
93.779999
92.120003
91.839996
90.889999
91.610001
92.970001
93.860001
94.260002
94.839996
95.610001
93.489998
91.269997
89.889999
89.669998
90.739998
91.160004
90.849998
91.940002
91.120003
92.760002
93.660004
89.160004
86.739998
86.860001
85.099998
84.269997
84.0
83.699997
83.349998
84.07
83.010002
82.959999
81.690002
82.709999
81.809998
83.32
82.809998
84.790001
83.93
84.93
84.959999
84.43
84.110001
83.879997
84.150002
83.449997
83.480003
82.290001
82.809998
83.769997
80.480003
82.25
81.489998
81.599998
82.669998
82.639999
82.57
82.480003
83.300003
82.949997
81.830002
82.900002
82.830002
83.839996
84.309998
85.309998
84.440002
85.349998
85.82
86.440002
86.940002
86.389999
86.650002
86.879997
85.860001
86.720001
86.349998
87.980003
93.220001
94.160004
94.459999
95.190002
95.650002
96.370003
95.949997
95.489998
95.790001
95.550003
95.18
95.519997
95.5
95.860001
95.860001
96.010002
96.860001
98.040001
89.709999
88.629997
89.269997
88.910004
88.459999
89.400002
88.349998
88.040001
88.230003
87.43
88.529999
87.800003
87.260002
86.43
86.019997
85.559998
85.449997
85.290001
86.010002
85.0
85.989998
86.129997
86.260002
85.949997
86.910004
86.839996
87.620003
89.339996
91.5
92.970001
92.860001
93.959999
94.160004
93.720001
93.800003
94.849998
93.489998
92.730003
93.260002
91.480003
91.980003
93.440002
93.010002
93.220001
94.529999
95.110001
95.389999
95.669998
95.480003
95.010002
96.580002
97.300003
97.410004
97.5
97.980003
98.949997
99.400002
101.900002
103.279999
102.800003
103.480003
102.93
104.139999
104.129997
104.730003
106.629997
106.309998
107.580002
107.010002
105.190002
104.07
103.209999
102.190002
99.669998
100.059998
99.269997
96.309998
97.050003
97.720001
96.730003
98.949997
100.910004
99.830002
94.669998
93.339996
92.93
94.529999
94.870003
92.559998
91.839996
91.410004
90.860001
91.779999
92.529999
91.660004
90.519997
92.620003
92.370003
91.730003
90.379997
90.25
90.779999
90.489998
90.779999
90.480003
87.980003
86.519997
88.610001
88.599998
88.68
89.839996
86.760002
88.129997
89.730003
90.660004
89.260002
88.809998
90.370003
89.660004
90.129997
89.519997
90.660004
90.739998
91.360001
88.139999
decrease
