80.989998
80.860001
81.389999
81.980003
81.419998
81.970001
81.760002
81.5
81.720001
81.099998
86.139999
86.07
86.540001
87.269997
87.790001
88.25
87.739998
89.440002
89.360001
88.099998
88.769997
90.040001
91.730003
91.209999
92.510002
92.370003
91.849998
91.980003
91.610001
93.309998
92.389999
91.720001
92.239998
92.25
91.080002
89.099998
89.5
90.800003
90.400002
90.339996
89.550003
89.75
89.110001
89.610001
90.480003
91.260002
90.25
89.860001
91.879997
90.410004
90.32
90.050003
89.879997
88.410004
88.989998
88.650002
88.309998
90.190002
90.68
91.860001
91.370003
91.709999
92.800003
93.610001
93.779999
94.800003
95.010002
95.300003
94.620003
94.519997
94.370003
95.510002
95.410004
95.150002
97.720001
96.760002
96.949997
96.019997
93.639999
93.309998
94.480003
94.32
94.599998
93.669998
93.760002
94.57
95.849998
94.580002
94.260002
93.349998
93.870003
93.989998
94.519997
95.489998
95.519997
94.849998
94.769997
95.989998
95.089996
96.5
98.080002
97.379997
97.029999
97.559998
96.989998
96.080002
95.620003
96.339996
95.82
94.199997
94.349998
94.480003
93.940002
95.029999
96.129997
96.620003
96.419998
96.790001
96.949997
98.150002
98.519997
99.07
99.059998
99.639999
99.339996
97.68
96.870003
96.809998
97.169998
97.440002
97.739998
99.519997
100.400002
101.57
101.879997
103.949997
102.550003
102.809998
103.610001
104.269997
103.900002
101.650002
99.32
98.849998
99.599998
101.339996
99.389999
100.220001
100.029999
101.080002
103.209999
102.43
103.470001
103.889999
103.550003
98.959999
100.559998
100.75
95.959999
96.629997
97.190002
99.190002
99.370003
100.220001
100.139999
99.360001
99.540001
100.830002
101.360001
102.720001
101.720001
100.370003
100.360001
100.730003
100.330002
100.32
100.239998
99.559998
101.709999
103.650002
103.559998
104.18
104.809998
103.57
104.0
103.260002
104.599998
105.800003
106.18
108.010002
109.099998
109.889999
112.169998
112.199997
113.260002
112.419998
111.379997
111.779999
111.589996
108.720001
104.980003
106.010002
106.32
100.589996
103.93
106.400002
106.849998
107.580002
112.349998
114.349998
114.730003
112.239998
112.019997
114.459999
114.699997
114.199997
113.389999
111.449997
113.449997
113.730003
114.18
114.309998
114.529999
117.220001
117.830002
117.25
117.879997
118.209999
118.010002
116.550003
117.699997
116.529999
113.510002
111.18
114.410004
111.120003
110.080002
111.519997
109.190002
109.650002
110.419998
111.370003
108.769997
108.480003
110.690002
108.699997
109.559998
109.93
110.440002
111.910004
112.559998
112.339996
decrease
