25.42
25.610001
25.870001
25.92
26.25
26.35
26.200001
25.9
26.25
26.110001
25.700001
26.33
26.32
26.41
26.73
25.76
25.07
25.110001
24.59
23.549999
23.190001
22.280001
22.24
22.32
22.190001
22.02
22.42
22.540001
22.5
22.790001
22.559999
22.440001
22.09
22.129999
22.290001
22.83
23.129999
23.42
23.25
23.09
22.889999
23.030001
22.129999
21.9
22.02
21.969999
22.17
22.52
22.48
22.23
21.99
22.91
23.08
22.709999
22.639999
21.209999
21.200001
21.57
22.780001
23.280001
23.360001
23.07
23.290001
23.51
23.780001
23.17
23.969999
23.959999
24.26
23.790001
23.83
23.879999
23.42
23.469999
23.870001
24.040001
24.58
23.77
23.049999
23.15
23.1
22.07
22.57
22.68
22.65
22.57
22.959999
23.190001
23.309999
23.77
23.389999
23.59
23.48
23.620001
24.25
24.030001
25.82
25.91
25.700001
25.940001
27.610001
28.219999
27.799999
27.99
27.9
27.940001
28.0
27.860001
28.360001
29.120001
29.309999
29.700001
29.52
29.530001
29.5
28.959999
28.99
29.58
29.389999
28.73
28.700001
28.42
27.209999
27.25
27.200001
26.549999
26.66
26.610001
26.959999
27.200001
27.18
27.110001
27.280001
26.68
26.08
25.99
25.98
26.450001
26.379999
26.059999
25.709999
25.67
26.35
27.23
26.719999
26.73
26.9
27.48
29.4
29.93
29.709999
29.17
29.639999
30.0
30.98
32.5
32.310001
31.98
34.09
33.32
33.400002
33.68
33.490002
33.599998
33.959999
34.259998
33.18
33.560001
34.43
34.310001
34.32
34.450001
34.439999
34.939999
34.490002
34.439999
34.060001
33.869999
33.169998
32.740002
32.549999
32.299999
31.99
32.029999
33.189999
33.869999
32.709999
33.259998
33.759998
34.810001
35.48
35.459999
34.880001
34.580002
34.849998
35.080002
34.389999
33.240002
32.880001
32.09
30.559999
32.16
32.619999
31.17
32.290001
31.42
32.43
33.110001
33.330002
33.27
31.610001
32.220001
32.369999
32.689999
32.130001
31.219999
31.58
31.700001
34.18
34.09
34.59
33.279999
32.599998
33.07
32.240002
32.669998
32.419998
31.83
31.74
32.23
32.32
32.110001
31.18
31.040001
30.959999
30.52
30.9
31.200001
30.75
31.190001
31.879999
32.009998
30.84
30.07
30.780001
30.549999
30.639999
30.049999
30.16
30.540001
29.540001
29.549999
decrease
