49.98
49.950001
50.290001
50.740002
50.57
51.209999
50.84
51.830002
51.240002
50.68
51.419998
52.490002
51.959999
52.009998
52.619999
52.360001
52.150002
52.389999
52.599998
51.099998
51.0
51.220001
52.029999
51.68
51.490002
52.080002
52.400002
52.110001
52.040001
52.740002
52.950001
53.580002
52.84
51.889999
51.889999
51.889999
51.91
51.610001
51.720001
51.700001
51.34
51.790001
51.360001
51.169998
51.389999
51.279999
51.299999
50.57
50.950001
50.939999
51.029999
51.82
52.07
50.98
51.169998
50.259998
50.299999
50.299999
50.240002
50.299999
50.599998
50.209999
51.66
51.330002
51.59
51.68
52.560001
52.25
51.880001
51.32
50.189999
49.990002
52.220001
51.82
51.880001
52.099998
51.759998
52.279999
51.290001
51.209999
51.799999
51.400002
51.880001
51.200001
51.169998
50.98
51.700001
52.040001
52.18
52.529999
52.049999
51.490002
51.73
51.5
51.82
51.459999
52.110001
51.959999
52.259998
52.150002
52.009998
52.540001
52.310001
52.48
52.490002
51.939999
52.18
52.0
52.41
53.200001
53.68
54.029999
54.040001
53.970001
54.16
54.419998
54.77
54.790001
53.830002
53.919998
54.259998
54.380001
54.700001
55.169998
55.150002
55.200001
55.080002
55.450001
55.799999
55.799999
56.41
56.549999
56.470001
56.290001
56.490002
56.610001
59.799999
58.860001
59.549999
59.299999
59.209999
59.650002
59.720001
60.830002
60.580002
60.75
60.290001
60.75
61.450001
61.52
62.490002
61.529999
61.790001
61.700001
62.919998
62.400002
62.080002
61.23
60.849998
61.52
61.459999
61.27
62.27
61.959999
61.130001
60.830002
59.459999
58.360001
58.630001
58.580002
58.799999
59.169998
59.18
59.27
59.459999
59.77
59.57
59.540001
60.27
60.27
59.740002
60.34
59.849998
60.470001
61.419998
61.959999
61.450001
63.040001
63.240002
63.869999
64.040001
64.519997
64.209999
63.75
64.580002
63.709999
63.07
62.939999
62.68
62.41
60.790001
62.310001
63.080002
61.130001
61.220001
61.970001
62.43
64.0
64.870003
65.209999
64.860001
61.869999
60.389999
60.349998
60.650002
60.220001
59.240002
58.860001
59.419998
59.599998
59.810001
59.990002
59.889999
60.990002
61.009998
61.150002
60.259998
59.68
60.110001
59.84
59.990002
59.509998
58.34
57.68
58.689999
58.139999
58.209999
58.93
58.060001
58.799999
59.330002
59.650002
58.419998
58.509998
59.369999
59.290001
59.299999
59.029999
59.43
59.919998
59.98
59.23
decrease
