218.059998
216.860001
223.220001
226.630005
226.199997
225.809998
223.800003
224.850006
225.119995
226.309998
226.589996
226.869995
225.029999
223.759995
224.880005
224.759995
222.820007
225.119995
225.600006
213.720001
215.160004
215.389999
216.020004
219.639999
223.830002
222.470001
223.529999
218.419998
211.259995
215.009995
213.309998
213.990005
214.529999
215.779999
218.759995
222.440002
221.910004
224.199997
226.509995
223.229996
221.809998
226.130005
225.100006
222.490005
219.770004
217.190002
220.440002
220.279999
223.220001
224.410004
221.899994
227.279999
228.039993
226.690002
225.279999
225.839996
226.949997
227.389999
230.399994
228.600006
229.259995
223.309998
222.869995
222.300003
220.179993
218.179993
221.580002
222.25
221.479996
223.610001
225.330002
227.0
226.270004
223.990005
229.789993
232.919998
232.050003
231.009995
225.5
224.149994
227.360001
227.589996
225.610001
221.419998
222.149994
220.789993
223.580002
222.740005
222.990005
222.470001
220.350006
219.960007
222.419998
223.740005
225.880005
217.779999
218.830002
215.839996
217.210007
221.059998
225.949997
226.559998
226.850006
225.220001
227.529999
228.910004
229.789993
231.289993
231.029999
230.259995
229.940002
234.759995
235.470001
237.190002
240.649994
241.619995
240.309998
246.059998
246.020004
242.800003
242.600006
242.399994
239.800003
238.529999
242.410004
236.089996
242.029999
239.990005
244.729996
242.130005
244.839996
241.710007
241.720001
241.710007
240.889999
242.479996
244.259995
246.880005
244.399994
243.490005
239.809998
241.25
240.789993
240.149994
240.270004
237.240005
237.610001
239.369995
238.020004
238.130005
238.020004
236.429993
235.949997
235.110001
239.410004
241.360001
247.639999
248.949997
250.649994
248.330002
245.949997
248.559998
250.350006
250.130005
257.679993
255.559998
255.479996
257.170013
260.019989
256.480011
255.179993
261.01001
258.970001
257.720001
255.949997
256.5
254.759995
255.669998
253.289993
256.829987
255.520004
251.809998
253.940002
254.330002
255.130005
257.029999
258.459991
253.649994
250.970001
256.119995
261.519989
260.089996
265.679993
269.029999
268.140015
272.480011
268.940002
267.890015
272.230011
260.040009
249.110001
258.700012
257.100006
246.350006
249.300003
253.160004
255.529999
262.579987
267.679993
267.619995
264.890015
263.399994
261.429993
266.769989
271.26001
267.929993
262.929993
256.779999
258.119995
263.119995
266.929993
265.350006
266.339996
270.769989
273.380005
268.529999
264.429993
266.609985
267.600006
262.529999
263.190002
261.850006
252.600006
245.259995
254.880005
247.259995
249.369995
251.860001
247.350006
250.580002
252.619995
255.809998
249.970001
252.190002
256.570007
252.940002
259.589996
255.919998
257.880005
253.630005
254.0
254.169998
decrease
