35.740002
35.349998
35.91
35.860001
35.91
35.450001
36.23
35.610001
35.27
35.18
35.299999
35.34
35.25
35.509998
35.439999
35.310001
34.330002
34.189999
33.560001
32.259998
32.060001
31.73
31.82
32.080002
32.310001
32.02
32.599998
32.09
32.220001
34.549999
34.27
34.389999
34.599998
35.189999
35.169998
35.450001
35.75
35.669998
34.880001
34.650002
33.509998
33.630001
33.18
33.630001
33.43
33.650002
34.099998
34.349998
34.830002
34.709999
34.959999
34.959999
35.07
35.099998
35.470001
35.650002
35.900002
36.060001
36.049999
36.27
36.310001
35.700001
35.759998
35.919998
35.400002
35.16
35.830002
35.790001
35.580002
32.509998
31.51
31.48
31.43
31.110001
31.200001
31.459999
31.48
31.200001
30.43
30.27
30.23
30.299999
30.290001
29.91
29.75
29.74
29.940001
29.77
29.959999
30.07
30.32
30.200001
29.98
30.299999
30.540001
30.41
30.440001
30.290001
30.309999
31.549999
32.630001
32.299999
32.25
32.43
32.380001
32.080002
32.27
32.459999
32.57
32.91
33.02
33.290001
33.060001
33.25
33.57
33.310001
33.360001
33.16
32.77
32.720001
33.02
32.990002
32.709999
33.009998
33.040001
33.029999
33.389999
33.599998
33.939999
33.91
34.060001
33.950001
33.669998
32.18
31.16
30.59
30.23
29.940001
29.450001
29.290001
29.59
29.24
29.15
29.07
29.23
29.360001
29.059999
29.309999
29.940001
30.65
30.82
30.690001
30.67
30.889999
31.809999
32.139999
32.369999
32.119999
32.07
32.220001
31.360001
31.32
31.75
31.41
31.57
31.77
31.299999
31.459999
31.98
32.169998
32.419998
32.57
32.849998
32.599998
32.59
32.75
32.310001
32.32
31.860001
32.580002
32.84
33.130001
33.889999
33.470001
33.59
33.91
33.5
34.369999
34.080002
34.990002
35.619999
35.200001
35.369999
35.470001
35.759998
35.66
35.439999
34.82
34.509998
34.349998
32.799999
33.380001
33.470001
30.75
29.99
30.110001
29.34
29.58
29.959999
29.66
29.48
29.15
29.129999
29.52
29.82
29.49
28.940001
28.190001
28.139999
28.16
28.370001
28.309999
28.459999
28.75
28.889999
28.35
28.040001
28.030001
28.51
28.08
28.040001
28.18
27.360001
26.610001
26.879999
26.73
26.360001
26.58
26.120001
26.780001
27.25
27.74
26.809999
27.120001
27.799999
27.65
27.74
27.84
28.209999
27.82
27.280001
26.950001
increase
