195.960007
195.149994
191.899994
193.360001
194.169998
193.169998
192.699997
189.339996
190.630005
192.020004
187.539993
189.229996
188.979996
187.770004
187.860001
187.690002
184.619995
181.380005
179.100006
174.770004
173.300003
174.850006
178.300003
176.619995
177.309998
176.369995
173.580002
171.970001
172.279999
173.429993
172.720001
173.960007
169.880005
169.509995
170.600006
176.330002
179.529999
178.080002
177.020004
176.759995
180.320007
179.5
174.660004
173.679993
172.779999
176.380005
177.820007
175.080002
176.960007
178.960007
180.529999
185.149994
184.179993
181.119995
179.259995
178.070007
176.529999
168.809998
170.0
171.889999
172.210007
174.479996
162.190002
165.960007
164.940002
166.880005
169.059998
166.179993
167.470001
165.229996
166.740005
169.720001
170.020004
169.470001
170.350006
167.389999
164.589996
166.100006
163.520004
163.820007
166.990005
165.080002
165.080002
164.600006
161.389999
158.410004
164.419998
161.539993
158.330002
159.789993
156.25
157.160004
159.639999
162.570007
163.789993
161.360001
163.940002
162.580002
164.970001
164.589996
166.289993
168.509995
169.289993
168.949997
171.020004
170.630005
175.179993
175.589996
176.610001
178.789993
180.990005
180.860001
180.080002
179.75
182.220001
182.360001
180.899994
182.25
180.070007
177.600006
173.910004
172.5
177.550003
181.050003
182.360001
205.419998
208.809998
204.649994
207.809998
209.5
198.350006
197.130005
201.179993
199.759995
199.389999
197.699997
195.580002
199.029999
200.009995
203.580002
205.179993
208.130005
206.070007
203.479996
195.789993
195.580002
195.729996
198.5
197.820007
199.619995
199.630005
200.399994
200.149994
203.100006
211.570007
216.770004
221.309998
218.229996
227.5
226.710007
221.429993
222.270004
223.910004
223.539993
222.389999
224.300003
222.669998
229.970001
229.919998
228.589996
230.940002
235.020004
234.839996
236.009995
237.0
237.960007
236.25
235.710007
234.229996
236.059998
238.25
238.25
237.289993
231.75
237.720001
235.669998
231.809998
225.229996
227.529999
230.050003
229.860001
229.449997
271.970001
286.440002
285.26001
274.480011
275.450012
269.660004
266.130005
259.690002
254.110001
259.01001
259.890015
258.600006
267.339996
269.429993
271.369995
264.73999
269.559998
266.679993
263.609985
261.790009
263.600006
266.190002
270.820007
264.779999
261.549988
255.710007
255.300003
259.829987
267.76001
271.26001
274.700012
280.429993
279.73999
276.649994
280.209991
281.279999
288.75
286.380005
285.709991
285.470001
280.170013
270.049988
276.630005
273.029999
277.480011
282.269989
276.640015
283.869995
288.450012
293.769989
286.670013
286.630005
292.0
279.170013
283.899994
278.609985
284.119995
283.549988
284.690002
299.880005
decrease
