47.689999
47.060001
46.75
47.02
46.990002
46.400002
45.880001
45.77
45.299999
45.25
44.599998
45.580002
45.360001
45.029999
45.810001
45.610001
45.139999
46.509998
46.779999
46.34
46.580002
47.779999
47.119999
47.599998
47.709999
45.41
45.759998
45.150002
45.189999
45.490002
45.299999
45.32
46.0
44.400002
44.130001
44.849998
44.919998
45.84
44.830002
44.080002
44.27
43.970001
43.400002
42.23
41.900002
41.5
41.700001
41.529999
42.009998
42.419998
42.709999
43.720001
42.860001
42.02
41.779999
42.32
42.709999
42.779999
43.77
44.220001
44.110001
44.0
45.580002
45.380001
44.380001
42.509998
42.689999
43.32
43.09
42.93
42.439999
42.450001
42.849998
42.029999
41.990002
41.450001
41.029999
41.290001
40.509998
40.02
39.91
39.549999
39.32
38.689999
38.990002
38.740002
38.66
39.029999
38.790001
39.009998
38.790001
38.720001
38.669998
38.970001
38.900002
39.830002
41.009998
41.310001
40.290001
40.630001
41.259998
41.799999
42.18
42.310001
42.619999
42.810001
43.610001
43.48
44.25
44.689999
44.639999
45.580002
45.830002
46.029999
45.529999
44.93
45.18
45.09
44.75
44.93
45.029999
45.509998
44.759998
44.720001
44.610001
44.459999
43.77
43.419998
43.330002
42.240002
41.369999
41.459999
41.240002
42.43
42.93
42.740002
43.049999
42.689999
43.23
45.080002
45.27
45.119999
45.009998
44.580002
44.209999
42.939999
41.689999
41.509998
41.77
41.57
41.169998
41.43
41.580002
41.07
41.02
41.299999
41.779999
43.060001
43.889999
43.630001
43.380001
43.459999
43.990002
45.16
45.240002
44.759998
44.41
44.610001
45.48
45.869999
47.419998
48.169998
48.009998
48.77
48.82
48.57
48.869999
49.610001
50.5
51.630001
51.82
52.290001
52.110001
52.470001
53.330002
53.139999
52.130001
52.849998
52.360001
53.009998
56.400002
56.830002
55.34
55.200001
55.610001
54.799999
54.139999
53.700001
54.509998
52.189999
50.040001
50.630001
49.689999
47.41
46.700001
47.919998
47.389999
47.869999
46.889999
47.5
47.16
46.549999
47.130001
48.450001
48.23
47.619999
46.419998
46.029999
46.029999
46.259998
45.919998
45.830002
46.009998
46.990002
46.919998
46.099998
46.240002
45.290001
45.91
44.68
45.490002
47.110001
46.380001
46.439999
47.209999
46.880001
46.049999
46.939999
46.09
46.799999
46.779999
47.68
47.0
46.560001
48.82
49.59
50.209999
50.779999
50.759998
50.889999
52.09
52.009998
decrease
