96.010002
96.029999
101.699997
101.57
101.040001
100.519997
99.110001
98.779999
99.669998
99.080002
99.370003
100.199997
99.75
101.190002
101.82
101.379997
101.370003
101.290001
101.019997
99.470001
99.529999
101.050003
101.260002
100.980003
103.959999
104.169998
104.209999
104.239998
105.260002
105.970001
107.160004
107.800003
108.0
108.400002
108.510002
107.900002
108.440002
110.099998
109.309998
108.989998
109.639999
111.300003
111.379997
111.220001
110.470001
111.910004
111.839996
110.419998
110.82
110.059998
111.510002
110.739998
112.0
111.120003
111.93
112.129997
112.300003
112.970001
111.739998
113.139999
112.839996
113.400002
114.040001
114.900002
115.949997
105.0
106.32
106.099998
106.639999
105.739998
105.879997
105.949997
104.769997
103.940002
103.489998
103.019997
101.43
100.0
97.82
97.550003
98.239998
98.330002
98.959999
97.160004
95.510002
94.839996
94.550003
93.919998
95.050003
95.199997
94.629997
94.830002
95.279999
98.25
98.339996
95.519997
93.660004
92.669998
94.089996
95.800003
94.919998
95.959999
95.07
94.839996
93.239998
94.989998
95.519997
94.839996
96.139999
96.599998
97.419998
97.160004
97.010002
97.669998
97.650002
97.57
97.68
96.580002
96.260002
96.620003
96.190002
96.610001
96.599998
96.620003
97.129997
96.559998
96.720001
96.669998
98.190002
89.75
92.959999
94.400002
94.93
97.139999
95.470001
92.589996
90.470001
89.610001
90.690002
91.010002
89.889999
89.010002
88.690002
91.449997
96.830002
95.980003
94.75
95.900002
95.889999
95.019997
95.050003
95.029999
94.650002
93.699997
93.779999
92.839996
93.019997
91.839996
92.139999
91.110001
90.809998
91.349998
91.360001
91.669998
92.019997
95.449997
95.870003
94.07
91.550003
91.669998
91.110001
92.839996
93.550003
92.800003
91.669998
91.519997
90.889999
92.080002
91.290001
90.709999
92.410004
93.169998
93.940002
92.309998
92.410004
92.449997
91.389999
91.620003
90.519997
92.559998
90.860001
94.559998
95.769997
95.550003
93.389999
94.199997
94.269997
94.57
95.739998
94.120003
91.330002
93.93
102.220001
96.480003
97.730003
96.629997
95.559998
96.709999
97.360001
98.849998
97.769997
99.07
97.309998
97.470001
98.519997
97.239998
95.57
94.400002
95.650002
96.800003
95.870003
94.220001
93.379997
91.459999
90.07
89.349998
88.529999
88.150002
87.739998
86.449997
85.699997
86.599998
84.660004
84.220001
85.080002
84.07
83.82
84.300003
83.75
84.25
85.169998
85.400002
84.43
84.449997
86.089996
87.330002
86.830002
87.760002
88.040001
86.059998
85.489998
83.989998
decrease
