22.139999
21.690001
21.780001
21.959999
21.98
22.370001
21.809999
21.809999
22.059999
20.719999
20.879999
21.459999
21.629999
22.49
22.75
22.280001
21.440001
21.35
20.690001
20.42
20.360001
20.719999
20.75
20.540001
20.41
20.299999
20.700001
20.620001
20.65
21.09
21.309999
21.290001
21.15
21.32
21.309999
22.07
22.82
22.85
22.950001
22.629999
22.610001
22.4
22.08
22.040001
22.25
22.6
22.75
22.84
22.85
22.99
23.16
23.26
23.18
22.530001
22.93
22.91
22.690001
22.860001
23.049999
22.690001
22.92
22.83
23.15
23.26
23.549999
23.24
23.57
23.389999
23.120001
23.27
22.92
23.040001
23.65
23.84
24.290001
24.290001
24.620001
24.309999
23.950001
23.93
24.209999
24.049999
24.309999
23.879999
23.530001
23.299999
23.450001
23.49
23.85
24.27
24.51
24.389999
24.129999
24.26
24.75
24.68
25.23
25.129999
25.129999
25.43
25.6
25.67
25.23
25.27
24.73
24.709999
24.639999
24.5
24.540001
24.209999
24.58
25.190001
24.49
24.639999
24.98
23.860001
23.719999
23.77
23.75
23.52
23.790001
23.66
23.68
23.73
23.389999
23.129999
23.209999
23.15
23.49
22.860001
23.110001
22.780001
22.82
22.52
22.66
22.5
22.01
20.08
19.360001
19.34
19.08
19.690001
19.469999
19.290001
19.23
19.25
19.190001
19.219999
19.5
19.75
19.51
19.82
19.82
19.67
19.75
20.309999
20.889999
20.84
21.15
20.68
20.540001
20.58
20.75
20.65
20.950001
21.24
21.26
21.459999
21.120001
20.870001
20.299999
20.190001
20.41
20.91
21.1
21.030001
20.91
21.299999
21.030001
21.26
21.23
21.6
21.73
21.65
22.34
22.42
22.1
21.940001
22.0
23.200001
23.0
22.98
23.24
22.809999
22.67
22.59
21.75
21.719999
21.450001
20.99
20.85
21.629999
21.959999
19.57
19.26
19.690001
19.93
21.139999
20.719999
20.49
19.93
19.959999
20.129999
19.940001
20.26
19.950001
19.4
19.51
19.99
20.290001
20.32
20.4
19.540001
20.01
20.15
19.77
19.379999
19.43
19.700001
19.379999
19.129999
18.99
18.59
18.43
18.790001
18.790001
18.379999
18.42
18.18
18.360001
18.99
19.219999
18.879999
18.58
18.809999
18.780001
18.559999
18.129999
18.049999
18.360001
17.91
17.620001
decrease
