84.120003
83.550003
84.260002
84.610001
83.540001
83.440002
84.209999
83.860001
84.739998
82.849998
83.480003
83.5
83.860001
84.129997
85.559998
85.290001
84.610001
83.82
83.489998
81.57
81.260002
82.150002
82.32
81.93
82.43
83.110001
82.699997
81.989998
81.910004
83.75
83.330002
82.400002
82.480003
82.68
82.800003
83.57
84.860001
84.849998
85.349998
84.019997
83.410004
84.610001
83.739998
84.050003
86.139999
86.239998
86.620003
86.010002
86.980003
86.809998
87.199997
87.190002
87.239998
84.830002
86.139999
85.879997
86.400002
86.449997
86.57
86.639999
86.5
85.870003
85.230003
85.760002
85.730003
86.089996
82.18
81.629997
79.959999
80.440002
80.339996
79.279999
78.980003
78.959999
78.870003
78.489998
78.129997
77.919998
77.809998
79.370003
79.519997
79.25
78.989998
77.790001
77.529999
78.260002
78.790001
78.900002
79.260002
79.510002
79.160004
77.589996
77.389999
78.660004
78.669998
78.309998
77.279999
76.370003
77.050003
78.349998
78.760002
78.940002
79.870003
79.239998
77.68
76.300003
77.75
77.650002
78.220001
76.25
77.650002
78.169998
79.099998
79.589996
79.919998
79.480003
77.690002
77.260002
76.639999
75.309998
75.449997
75.529999
74.220001
74.580002
75.190002
76.82
77.449997
79.790001
81.050003
80.75
79.57
79.199997
76.889999
76.669998
76.18
75.650002
76.830002
76.43
76.43
76.870003
77.919998
78.860001
79.410004
78.68
77.709999
76.050003
74.93
75.970001
75.239998
74.610001
75.889999
77.07
77.190002
77.349998
78.07
80.139999
85.0
84.050003
84.269997
83.220001
83.099998
85.059998
84.839996
84.970001
86.449997
87.589996
86.150002
88.459999
89.690002
88.830002
86.449997
87.839996
89.089996
89.139999
87.889999
88.309998
87.839996
89.510002
87.040001
85.959999
86.93
86.75
86.0
84.959999
86.970001
88.800003
88.790001
89.400002
90.110001
93.010002
92.860001
91.730003
91.489998
92.830002
97.07
97.620003
101.449997
101.160004
102.239998
99.690002
95.889999
98.709999
98.400002
95.970001
97.839996
98.279999
98.919998
99.910004
100.949997
101.0
101.0
100.349998
100.540001
100.839996
100.019997
101.559998
99.25
99.43
101.379997
101.110001
100.989998
101.309998
102.349998
103.900002
103.559998
102.580002
101.93
103.150002
102.769997
102.660004
100.599998
100.900002
99.790001
98.779999
97.980003
97.43
97.150002
97.0
95.32
97.07
96.860001
98.239998
96.239998
96.309998
96.93
96.190002
96.629997
96.279999
97.440002
97.709999
98.730003
98.410004
decrease
