32.52
32.5
32.009998
32.040001
31.629999
31.51
31.35
31.450001
31.26
30.530001
29.9
30.09
30.129999
29.889999
30.389999
30.959999
31.290001
31.1
31.0
31.360001
31.719999
31.719999
31.879999
31.73
31.690001
31.540001
31.23
31.219999
31.34
31.469999
31.9
31.74
31.530001
31.4
30.959999
31.18
31.620001
31.66
31.969999
32.169998
32.509998
32.84
33.09
33.049999
33.18
33.389999
33.380001
32.75
32.740002
31.98
31.959999
32.549999
32.150002
31.15
31.209999
30.889999
30.950001
31.469999
31.33
31.76
32.009998
32.060001
32.16
31.74
31.59
31.34
31.700001
31.99
31.91
31.83
31.65
30.25
30.030001
30.030001
29.85
29.559999
29.610001
29.379999
29.190001
29.27
29.799999
29.15
29.34
29.200001
28.85
29.379999
28.950001
29.459999
29.41
29.540001
29.280001
29.51
29.540001
29.809999
30.139999
30.17
30.120001
30.15
30.209999
30.33
29.799999
29.469999
29.48
29.450001
29.440001
29.1
29.040001
28.57
27.870001
28.139999
28.02
27.66
27.85
27.83
26.709999
27.0
27.059999
27.139999
26.92
26.83
26.440001
26.459999
26.43
26.370001
26.219999
26.48
26.469999
26.360001
26.360001
25.98
25.629999
25.360001
25.209999
25.57
25.6
25.84
26.02
26.950001
27.139999
26.84
27.0
26.99
27.02
27.01
27.23
27.02
26.91
26.84
26.799999
26.799999
26.799999
26.709999
26.879999
26.690001
26.549999
26.9
26.440001
26.66
26.4
26.559999
26.610001
26.77
26.780001
26.719999
27.139999
26.969999
26.809999
26.83
26.98
26.1
25.84
25.6
25.67
25.950001
25.870001
26.030001
26.08
25.91
25.9
25.26
25.01
25.030001
24.5
24.360001
24.17
23.639999
23.719999
23.719999
23.33
23.42
23.65
24.280001
24.209999
24.379999
24.23
24.01
23.58
24.08
23.57
23.860001
23.25
23.459999
23.379999
22.639999
23.209999
22.85
22.799999
21.77
22.290001
22.68
22.450001
21.799999
21.889999
22.360001
22.440001
21.75
21.639999
21.93
21.84
22.26
22.290001
22.629999
22.860001
22.6
23.120001
23.0
22.950001
22.950001
23.190001
23.07
22.68
22.52
22.610001
22.290001
22.309999
22.790001
23.389999
23.23
23.18
22.950001
23.370001
23.16
23.200001
23.139999
23.02
22.879999
22.24
22.42
22.530001
22.780001
22.67
22.360001
decrease
