148.720001
150.0
151.889999
153.029999
154.220001
156.119995
156.100006
154.210007
154.949997
155.0
154.860001
155.729996
156.889999
157.679993
158.130005
156.199997
156.919998
157.330002
158.259995
156.089996
155.699997
156.300003
155.960007
154.830002
155.0
156.460007
154.899994
153.880005
153.509995
155.149994
155.350006
154.789993
154.199997
154.960007
153.5
152.960007
152.179993
153.990005
156.759995
156.770004
156.639999
158.809998
157.669998
156.589996
155.479996
151.309998
151.419998
152.240005
153.229996
152.160004
153.399994
154.009995
152.690002
152.050003
152.229996
151.179993
150.600006
152.589996
153.289993
152.880005
153.889999
152.169998
153.300003
147.029999
146.649994
144.580002
146.970001
146.690002
147.729996
148.080002
149.600006
149.850006
150.5
150.789993
152.75
153.350006
153.350006
155.259995
153.880005
154.880005
154.259995
150.169998
152.25
149.669998
147.490005
149.199997
149.910004
149.100006
148.25
149.649994
151.389999
149.839996
150.0
149.869995
150.779999
152.929993
156.559998
157.929993
159.660004
158.369995
159.910004
160.020004
159.380005
158.399994
157.809998
157.660004
158.679993
159.190002
159.970001
161.100006
161.259995
160.919998
162.360001
163.559998
164.020004
165.169998
165.289993
166.119995
165.850006
165.710007
165.160004
165.25
164.589996
164.470001
164.220001
163.350006
163.449997
163.240005
163.429993
164.740005
166.029999
166.070007
167.649994
167.339996
165.309998
165.779999
165.380005
162.710007
164.389999
164.220001
163.660004
164.050003
163.270004
164.110001
165.350006
168.059998
165.470001
167.5
167.740005
170.449997
172.860001
172.059998
172.330002
174.160004
176.570007
177.25
179.820007
180.419998
184.899994
182.850006
180.800003
182.0
183.410004
182.25
181.800003
183.029999
182.130005
182.580002
184.729996
185.979996
187.309998
188.080002
188.130005
190.360001
190.190002
189.779999
189.529999
188.029999
189.009995
190.509995
192.5
192.039993
193.100006
191.800003
194.679993
196.419998
196.309998
199.820007
198.330002
201.330002
204.460007
204.899994
206.220001
205.369995
207.229996
204.919998
201.809998
200.899994
199.899994
193.970001
183.110001
191.039993
191.289993
181.220001
184.119995
184.059998
183.720001
184.690002
185.270004
186.970001
186.710007
183.059998
185.470001
188.350006
188.460007
184.979996
182.270004
179.639999
178.460007
181.740005
181.639999
178.580002
177.940002
182.160004
179.710007
178.350006
177.410004
178.070007
178.960007
177.100006
178.160004
178.020004
175.289993
171.800003
176.380005
174.679993
174.759995
178.240005
172.899994
173.759995
177.440002
179.130005
174.449997
172.509995
173.490005
172.860001
173.360001
172.800003
174.429993
174.910004
179.850006
177.080002
decrease
