46.889999
47.310001
47.66
48.639999
49.509998
49.759998
48.830002
47.970001
47.009998
46.869999
45.84
47.419998
48.43
47.830002
49.23
49.66
49.369999
49.709999
48.779999
47.950001
47.779999
48.93
49.240002
49.57
49.549999
47.799999
48.139999
46.669998
45.889999
46.650002
45.75
46.110001
46.939999
44.799999
43.490002
45.490002
45.380001
46.57
45.290001
43.490002
43.619999
42.959999
41.59
40.310001
41.009998
41.400002
41.59
41.369999
42.09
43.0
43.869999
45.419998
43.360001
42.830002
41.790001
42.459999
43.060001
43.130001
43.310001
43.959999
43.59
43.360001
44.939999
44.049999
43.459999
44.130001
45.369999
43.470001
43.98
44.799999
44.540001
43.16
44.0
43.209999
44.349998
42.860001
42.619999
42.360001
41.740002
41.330002
40.540001
40.700001
39.290001
38.369999
38.450001
38.09
38.599998
38.790001
38.360001
38.5
38.299999
38.130001
38.43
38.900002
39.450001
40.060001
41.040001
41.330002
40.27
40.919998
41.419998
42.130001
42.25
42.169998
42.48
42.73
43.459999
43.630001
44.5
46.099998
46.32
46.939999
46.540001
46.889999
46.290001
45.689999
45.259998
45.509998
44.59
44.330002
44.310001
44.330002
44.200001
44.990002
46.040001
45.959999
45.869999
45.049999
45.029999
45.209999
44.060001
42.209999
41.279999
43.540001
43.66
44.16
44.299999
44.41
45.459999
48.23
47.950001
47.080002
47.529999
47.110001
46.59
44.91
43.669998
44.09
44.549999
43.560001
43.07
43.450001
44.400002
43.099998
43.380001
44.810001
45.880001
47.09
46.57
46.290001
44.669998
44.599998
45.490002
45.759998
45.41
44.099998
42.669998
43.400002
43.599998
43.360001
43.990002
46.34
47.009998
48.459999
48.139999
48.360001
47.470001
47.849998
49.400002
50.59
52.16
52.490002
52.459999
53.0
54.720001
54.540001
53.540001
54.02
53.84
52.610001
53.470001
53.619999
53.880001
53.59
53.689999
52.310001
50.52
50.509998
50.59
47.790001
44.490002
45.959999
44.110001
43.0
42.119999
44.139999
42.799999
45.369999
45.529999
45.650002
45.84
45.23
47.080002
47.869999
47.779999
46.470001
45.419998
45.669998
46.68
48.439999
48.48
46.48
46.700001
48.459999
48.650002
48.400002
48.57
48.860001
48.98
46.959999
48.389999
50.689999
50.099998
49.459999
50.48
49.869999
48.73
50.619999
48.5
50.450001
51.009998
52.540001
51.09
51.599998
53.689999
54.93
55.0
56.32
56.240002
56.330002
57.919998
58.200001
decrease
