47.630001
47.279999
47.360001
47.75
48.110001
48.240002
48.360001
48.709999
48.77
49.040001
49.360001
49.5
49.369999
49.259998
49.75
49.540001
49.080002
49.200001
49.279999
48.900002
48.689999
48.419998
48.799999
49.150002
49.23
49.720001
49.23
49.049999
49.389999
49.84
49.639999
49.450001
49.580002
49.709999
50.720001
51.509998
51.119999
51.669998
51.849998
51.869999
52.41
52.450001
52.23
51.75
51.599998
51.450001
52.02
52.200001
52.73
52.75
52.57
52.84
52.709999
52.560001
52.73
52.869999
52.75
52.869999
53.279999
53.360001
53.580002
53.57
53.889999
53.779999
53.790001
53.700001
53.939999
53.220001
52.919998
54.82
55.0
55.709999
55.630001
55.84
56.290001
55.970001
56.049999
56.240002
55.73
56.040001
56.450001
56.810001
56.509998
55.599998
55.560001
55.279999
55.560001
55.150002
54.630001
55.029999
54.490002
54.330002
54.349998
54.07
54.049999
52.880001
52.77
51.639999
53.169998
53.939999
53.84
53.509998
53.330002
53.709999
53.830002
54.41
55.130001
54.349998
54.450001
54.68
54.900002
55.040001
55.119999
55.43
55.599998
55.419998
55.68
55.490002
55.619999
55.580002
55.93
55.869999
55.860001
55.990002
56.080002
55.810001
55.52
56.470001
56.490002
54.060001
54.880001
54.84
55.560001
55.200001
55.18
55.049999
55.25
55.709999
55.84
55.889999
55.34
55.200001
55.25
55.52
55.689999
56.220001
56.669998
56.009998
56.139999
55.849998
56.09
55.779999
55.639999
55.799999
56.689999
57.650002
57.439999
57.43
56.5
54.639999
54.919998
54.77
55.169998
55.419998
56.029999
55.549999
55.209999
55.75
55.639999
56.73
56.349998
55.93
55.549999
55.970001
56.279999
56.560001
56.279999
55.27
54.830002
55.400002
55.16
54.779999
54.970001
55.040001
55.09
55.290001
55.240002
56.23
56.09
55.959999
56.049999
56.669998
58.150002
58.490002
59.110001
58.419998
58.25
58.759998
58.77
58.009998
55.580002
55.130001
55.860001
53.34
53.98
53.5
53.970001
54.529999
54.459999
54.139999
53.82
53.950001
53.220001
54.040001
54.5
53.810001
52.849998
51.91
51.77
53.939999
54.419998
54.27
54.360001
56.130001
55.200001
54.310001
53.869999
53.810001
53.93
53.450001
53.669998
53.400002
51.880001
50.290001
51.48
51.110001
51.73
51.52
50.459999
50.790001
51.75
52.200001
51.119999
51.200001
51.900002
51.529999
52.02
51.669998
52.040001
51.740002
51.790001
52.029999
decrease
