200.050003
199.630005
203.720001
205.0
203.080002
202.190002
200.889999
199.539993
200.660004
201.050003
188.210007
195.5
195.309998
195.990005
196.470001
195.580002
194.089996
197.300003
196.270004
191.149994
190.339996
195.490005
195.929993
196.029999
195.25
197.440002
196.320007
194.080002
195.809998
194.289993
193.789993
191.179993
188.830002
189.880005
192.509995
193.470001
194.770004
196.669998
196.770004
195.559998
185.979996
187.160004
186.270004
186.580002
185.539993
186.839996
186.289993
186.970001
187.360001
185.220001
186.160004
191.539993
192.970001
191.380005
192.899994
193.279999
194.880005
199.399994
198.389999
198.149994
198.279999
197.380005
198.490005
199.190002
201.350006
201.660004
203.619995
203.490005
202.839996
205.649994
206.110001
206.589996
208.210007
213.929993
213.949997
213.539993
214.0
214.759995
213.080002
213.160004
215.009995
214.330002
210.820007
208.440002
205.220001
203.919998
207.729996
206.839996
209.369995
208.940002
206.119995
208.800003
210.550003
213.960007
215.029999
213.339996
211.600006
209.929993
210.429993
211.779999
213.559998
210.429993
210.149994
212.410004
215.570007
217.070007
218.119995
219.179993
220.369995
220.479996
222.210007
223.460007
223.059998
226.440002
229.929993
232.0
234.139999
234.160004
235.830002
235.940002
234.880005
233.929993
235.440002
234.399994
235.929993
235.229996
234.889999
234.809998
235.419998
234.580002
235.929993
234.0
231.820007
233.460007
232.149994
232.830002
233.660004
234.570007
235.070007
236.210007
233.350006
251.960007
242.550003
240.660004
239.179993
237.529999
235.559998
235.820007
232.869995
234.350006
236.639999
234.070007
234.449997
235.050003
241.110001
239.679993
241.669998
235.990005
234.309998
232.789993
233.649994
235.860001
237.009995
234.100006
233.539993
235.089996
233.880005
238.830002
238.600006
238.0
238.020004
235.380005
237.440002
236.800003
237.589996
239.449997
235.699997
228.009995
229.389999
232.660004
233.75
236.039993
239.199997
237.330002
239.270004
247.429993
235.149994
237.240005
236.880005
242.119995
238.880005
235.039993
238.139999
241.25
247.759995
247.699997
244.789993
237.539993
241.470001
243.770004
228.610001
227.669998
234.820007
225.369995
230.309998
234.929993
237.460007
241.399994
255.389999
265.700012
266.109985
270.880005
262.829987
265.019989
266.170013
262.76001
262.01001
260.309998
260.850006
260.079987
258.619995
259.549988
260.950012
264.029999
258.160004
258.670013
255.509995
253.869995
254.089996
254.0
256.519989
255.669998
249.149994
253.979996
262.23999
254.779999
253.179993
257.76001
253.410004
259.130005
259.910004
260.98999
256.309998
257.140015
254.800003
254.520004
257.209991
256.670013
258.700012
260.98999
263.799988
265.589996
decrease
