57.59
57.349998
58.040001
58.540001
60.599998
60.240002
58.970001
59.32
61.490002
61.0
60.5
61.07
60.68
62.330002
62.119999
62.209999
62.099998
62.619999
62.43
61.299999
62.439999
63.849998
65.25
65.489998
65.480003
65.129997
65.339996
65.540001
66.470001
66.639999
67.410004
66.989998
65.760002
66.150002
65.019997
64.75
65.849998
66.449997
66.25
66.849998
66.410004
66.839996
65.879997
65.599998
65.199997
65.400002
65.230003
63.450001
63.360001
62.25
61.849998
61.310001
61.509998
61.080002
61.759998
62.200001
62.459999
61.93
62.080002
62.450001
62.619999
62.490002
62.119999
62.009998
62.470001
62.009998
63.080002
62.52
62.560001
62.459999
62.529999
62.77
61.98
62.130001
62.98
63.77
62.080002
61.369999
61.0
61.299999
61.75
62.209999
62.439999
60.82
61.060001
61.779999
63.32
63.119999
62.91
63.48
63.169998
62.889999
64.32
64.330002
64.589996
63.599998
63.669998
63.889999
65.139999
65.949997
66.07
66.68
66.519997
66.629997
66.559998
66.889999
67.040001
67.339996
68.190002
68.709999
69.5
69.110001
69.360001
69.449997
69.43
68.860001
68.910004
69.370003
69.480003
69.660004
69.919998
70.220001
70.379997
71.160004
71.129997
71.220001
71.059998
71.099998
71.040001
70.419998
71.139999
71.32
72.480003
71.910004
72.650002
72.279999
72.440002
72.440002
73.160004
73.389999
72.610001
72.900002
72.050003
72.690002
72.620003
72.910004
73.379997
74.019997
74.110001
74.309998
75.639999
75.68
75.760002
76.0
76.129997
76.559998
77.559998
77.25
77.660004
77.629997
76.75
77.279999
78.379997
77.470001
77.0
76.75
76.019997
77.089996
78.089996
77.809998
78.349998
79.370003
79.349998
79.370003
80.150002
80.449997
79.860001
79.68
80.849998
80.25
79.290001
80.940002
81.93
81.650002
83.07
83.949997
83.400002
84.029999
83.949997
85.489998
85.769997
86.529999
85.790001
86.629997
87.690002
87.279999
86.410004
85.650002
85.760002
82.650002
79.910004
80.690002
82.019997
78.660004
80.43
81.82
83.209999
85.970001
84.559998
83.269997
84.309998
84.290001
83.379997
83.809998
82.139999
79.839996
80.790001
79.349998
78.900002
78.220001
78.940002
79.199997
79.209999
81.470001
81.129997
81.25
81.239998
81.889999
81.510002
81.300003
81.349998
81.839996
80.440002
78.169998
79.980003
78.790001
78.309998
78.760002
77.07
77.529999
78.029999
79.040001
77.510002
76.150002
75.010002
79.610001
79.949997
79.610001
80.529999
81.160004
82.18
81.980003
increase
