56.470001
55.810001
56.32
57.209999
57.880001
58.029999
56.810001
56.389999
56.110001
55.560001
55.619999
56.189999
55.540001
56.220001
56.75
55.540001
55.209999
54.040001
54.110001
52.990002
52.759998
52.619999
52.950001
52.84
52.0
51.860001
52.32
53.009998
53.009998
53.310001
53.240002
53.43
52.07
52.130001
52.849998
53.279999
53.23
53.689999
53.34
54.889999
55.490002
55.450001
55.509998
55.959999
56.23
55.540001
55.099998
54.509998
54.709999
54.080002
54.02
54.830002
53.93
52.84
52.5
52.490002
51.990002
50.349998
51.419998
51.619999
52.0
48.950001
48.77
48.77
48.259998
48.48
48.139999
48.639999
50.259998
48.860001
48.669998
48.860001
47.799999
47.990002
48.34
48.060001
47.810001
47.799999
47.32
47.540001
47.900002
47.68
47.549999
47.099998
46.880001
47.220001
47.970001
46.849998
47.200001
47.720001
47.060001
47.07
47.189999
47.009998
47.369999
45.93
46.650002
46.950001
47.380001
47.57
47.52
47.959999
48.91
48.009998
48.560001
48.139999
48.349998
47.959999
48.240002
48.950001
49.59
49.299999
49.150002
48.209999
48.549999
48.950001
48.779999
46.849998
46.209999
45.779999
46.32
46.27
46.459999
46.619999
46.57
47.52
48.02
48.09
49.5
48.509998
49.470001
48.889999
48.799999
47.84
47.200001
47.34
47.799999
48.32
47.040001
45.150002
44.779999
45.509998
45.849998
47.299999
46.880001
46.93
47.470001
48.099998
47.25
46.759998
46.68
47.68
47.400002
47.52
49.25
48.98
50.200001
50.029999
51.810001
50.639999
50.880001
51.18
51.189999
50.790001
51.02
51.009998
50.02
50.459999
51.650002
51.189999
50.709999
51.810001
51.84
51.77
51.279999
51.57
50.880001
52.060001
50.099998
50.970001
50.970001
51.540001
52.27
52.150002
53.630001
54.41
51.98
52.509998
52.34
53.0
53.810001
54.07
55.950001
54.700001
55.150002
55.290001
50.84
48.459999
48.68
47.5
46.400002
48.619999
48.48
47.540001
47.830002
48.349998
47.25
47.939999
47.650002
47.16
46.639999
46.299999
46.669998
46.610001
46.630001
45.540001
45.380001
45.110001
44.200001
45.23
44.330002
43.900002
44.34
44.349998
44.82
44.849998
43.459999
43.419998
44.139999
43.540001
43.0
43.279999
42.130001
41.439999
42.400002
42.02
42.68
42.880001
42.049999
42.619999
42.689999
42.610001
42.189999
41.950001
42.380001
42.049999
42.139999
42.200001
42.040001
41.990002
41.900002
40.959999
increase
