43.259998
43.299999
44.23
44.43
44.599998
44.580002
45.150002
45.360001
45.299999
45.099998
45.110001
45.040001
45.310001
45.57
45.959999
43.619999
42.630001
43.240002
43.439999
42.860001
43.080002
43.0
43.18
42.889999
43.0
43.5
43.349998
43.110001
43.310001
44.349998
45.029999
44.959999
44.419998
45.130001
45.16
44.669998
44.290001
44.73
44.709999
44.720001
44.32
45.02
45.400002
45.790001
46.490002
46.130001
46.139999
45.490002
45.779999
45.48
45.380001
44.73
45.16
44.59
45.080002
44.810001
44.48
45.16
44.84
45.169998
44.610001
44.950001
45.279999
45.41
45.009998
45.130001
45.09
45.139999
44.439999
44.119999
44.209999
44.0
43.669998
39.91
39.25
39.029999
38.959999
38.330002
37.389999
38.200001
38.439999
38.189999
38.209999
37.950001
37.419998
37.630001
37.599998
37.189999
37.540001
37.91
37.490002
37.77
37.919998
38.599998
38.509998
38.919998
39.060001
38.900002
38.799999
39.200001
38.189999
37.560001
37.740002
37.720001
37.360001
37.130001
37.380001
37.529999
37.57
37.360001
37.419998
37.169998
36.650002
36.689999
37.02
37.700001
37.779999
37.790001
37.689999
36.889999
36.860001
36.66
36.560001
36.279999
35.900002
36.810001
36.889999
37.080002
37.009998
37.200001
37.040001
37.029999
37.130001
37.240002
37.209999
37.849998
38.200001
38.419998
39.560001
39.060001
39.5
39.540001
39.650002
38.970001
40.639999
39.619999
39.25
39.720001
39.959999
40.189999
40.599998
40.880001
40.869999
40.77
40.450001
42.27
41.720001
40.849998
41.849998
41.889999
41.439999
41.68
42.689999
43.82
43.57
43.68
42.959999
43.529999
43.360001
43.490002
43.439999
43.25
43.369999
43.23
43.23
43.299999
42.75
42.869999
43.490002
43.77
43.98
44.419998
44.220001
43.560001
43.549999
43.709999
43.75
44.0
43.849998
43.459999
43.240002
42.950001
42.900002
42.900002
43.380001
43.75
43.130001
42.700001
42.580002
42.040001
40.299999
40.389999
40.450001
38.799999
37.75
38.040001
37.799999
38.029999
39.18
39.290001
38.869999
38.849998
38.939999
39.209999
39.830002
39.560001
38.830002
37.990002
38.209999
38.639999
38.41
38.639999
38.66
39.57
38.93
38.779999
38.439999
38.48
38.459999
37.84
37.810001
38.189999
38.150002
37.259998
37.669998
37.630001
37.389999
37.360001
36.639999
36.779999
37.27
37.450001
36.43
36.529999
37.009998
36.77
37.049999
37.02
37.689999
38.669998
39.16
38.610001
decrease
