123.769997
127.080002
129.789993
129.300003
130.100006
129.880005
131.139999
130.899994
131.190002
131.070007
131.199997
131.410004
131.130005
131.910004
131.740005
131.899994
131.490005
131.979996
132.009995
129.940002
130.419998
131.399994
131.839996
131.850006
132.139999
133.75
133.25
132.929993
132.990005
133.449997
134.029999
133.490005
132.740005
132.720001
133.550003
133.789993
133.259995
134.389999
134.240005
134.470001
134.630005
135.839996
134.910004
134.25
134.070007
133.990005
134.259995
132.929993
133.970001
132.320007
133.289993
133.710007
133.800003
133.369995
134.119995
134.690002
134.220001
134.770004
135.330002
135.830002
135.259995
135.190002
136.149994
134.949997
136.350006
137.710007
137.25
138.490005
136.979996
136.789993
136.119995
137.009995
138.720001
139.559998
140.039993
138.960007
138.669998
139.0
137.240005
136.589996
138.270004
137.419998
138.080002
135.850006
134.949997
135.570007
136.899994
136.410004
136.539993
136.820007
136.869995
137.630005
138.039993
138.270004
137.630005
136.509995
136.550003
137.080002
137.570007
139.0
138.679993
137.899994
137.210007
138.949997
137.669998
137.75
138.690002
140.860001
141.75
140.809998
140.240005
139.570007
140.580002
141.740005
142.660004
142.669998
142.550003
143.070007
143.619995
143.600006
143.309998
142.720001
143.190002
143.369995
143.75
143.429993
143.440002
143.619995
145.350006
145.919998
146.119995
145.990005
145.839996
146.199997
144.639999
144.160004
144.929993
145.410004
144.970001
145.600006
146.970001
146.860001
145.440002
145.75
146.720001
147.320007
146.369995
146.880005
146.490005
147.940002
149.350006
148.990005
149.660004
150.429993
152.759995
153.240005
155.960007
154.399994
153.770004
153.059998
153.0
153.279999
153.660004
153.210007
153.740005
155.800003
153.229996
154.25
154.589996
154.110001
154.729996
153.720001
153.490005
153.759995
153.949997
154.130005
153.360001
153.710007
152.440002
154.5
155.580002
154.740005
156.009995
157.089996
157.919998
159.070007
157.889999
158.410004
157.779999
158.690002
158.539993
159.589996
159.970001
161.839996
164.990005
161.470001
158.970001
159.669998
159.649994
156.649994
150.169998
151.399994
151.190002
146.020004
147.899994
149.470001
148.5
150.380005
153.419998
154.029999
154.339996
154.050003
153.309998
155.119995
156.5
153.919998
151.110001
147.210007
148.139999
148.509995
149.330002
150.410004
151.229996
154.210007
152.229996
151.5
150.419998
151.070007
151.779999
150.199997
150.479996
151.360001
146.880005
143.279999
146.940002
144.339996
143.259995
144.509995
142.429993
144.259995
144.839996
146.399994
142.740005
142.830002
145.630005
144.279999
146.470001
146.119995
146.75
148.699997
149.369995
148.130005
increase
