64.830002
65.089996
65.150002
65.389999
65.209999
61.549999
60.639999
58.790001
58.720001
59.110001
58.049999
59.630001
59.77
58.18
59.279999
58.380001
57.419998
58.549999
58.240002
56.709999
57.049999
60.040001
59.880001
57.490002
56.009998
53.790001
53.669998
52.82
52.66
53.740002
53.110001
53.689999
53.299999
50.080002
50.400002
53.27
54.889999
55.849998
53.830002
53.650002
55.0
54.07
53.470001
51.919998
52.119999
52.740002
53.16
52.810001
53.509998
54.369999
54.34
55.740002
54.34
53.470001
52.880001
53.290001
53.91
53.5
54.48
55.349998
55.32
55.360001
58.119999
57.259998
54.130001
54.369999
56.16
55.07
53.049999
51.82
50.619999
49.200001
49.060001
49.540001
49.34
47.43
46.400002
46.48
46.41
46.18
46.09
45.580002
43.77
43.150002
43.700001
43.25
43.849998
44.52
44.189999
44.779999
43.490002
43.130001
42.650002
42.34
43.02
43.77
46.349998
46.040001
45.48
47.060001
48.049999
49.290001
49.779999
50.189999
50.169998
49.060001
50.549999
50.43
51.009998
52.939999
52.93
53.200001
52.41
52.110001
51.259998
50.02
51.139999
52.169998
51.529999
51.93
52.759998
52.279999
51.029999
52.200001
52.529999
52.25
51.200001
50.939999
52.0
52.040001
52.450001
51.310001
51.93
52.610001
53.82
54.310001
54.59
54.880001
54.91
58.299999
58.459999
59.099998
59.529999
58.150002
56.380001
54.380001
53.73
54.369999
55.68
55.549999
55.84
56.610001
56.02
55.560001
56.470001
57.040001
58.580002
59.560001
58.43
57.84
56.470001
57.209999
58.009998
58.439999
58.810001
57.919998
56.779999
57.779999
57.990002
59.599998
61.169998
63.630001
64.32
65.610001
64.970001
64.82
64.639999
65.349998
65.650002
66.400002
66.699997
68.57
68.209999
68.269997
70.040001
70.260002
69.730003
70.629997
70.029999
71.129997
71.120003
71.57
71.379997
73.690002
74.089996
74.330002
72.709999
72.029999
72.949997
70.110001
68.290001
68.690002
67.470001
64.870003
63.619999
64.639999
63.73
66.120003
65.730003
65.459999
64.510002
64.459999
65.389999
66.860001
67.43
66.529999
64.550003
65.18
66.790001
66.610001
66.559998
65.120003
65.019997
66.889999
65.809998
64.629997
64.610001
62.639999
64.559998
64.68
65.309998
68.879997
66.349998
66.459999
67.720001
66.480003
64.580002
66.559998
64.589996
66.419998
66.290001
67.43
65.449997
65.900002
69.610001
71.510002
72.510002
73.050003
72.190002
72.379997
73.599998
73.0
decrease
