14.220325
14.072925
14.305663
14.367727
14.437549
14.453064
14.453064
14.530643
14.50737
14.484097
14.54616
14.608223
14.654771
14.569433
14.740108
14.631497
14.647014
14.73235
14.825446
14.584949
14.569433
14.375484
14.577191
14.631497
14.670287
14.615981
14.608223
14.623739
14.592708
13.591931
13.498837
13.312646
13.211792
13.21955
13.227308
13.18076
13.072149
13.095423
12.986812
12.816136
12.792863
12.971295
12.909232
12.854926
12.940264
13.072149
13.041117
12.800621
13.110939
12.91699
12.870442
12.932506
13.141971
12.785105
12.885958
12.986812
13.017843
13.025601
13.25834
13.335919
13.366951
13.304888
13.708301
13.886734
13.972072
13.840186
13.871218
13.661754
13.615206
13.584174
13.584174
13.615206
13.460047
13.413499
13.584174
13.677269
13.677269
13.685027
13.281613
13.421257
13.638479
13.770365
13.653996
13.421257
13.328161
13.429015
13.708301
13.739333
13.925524
13.925524
13.801396
13.902249
13.948797
14.010861
14.31
14.04
13.77
13.25
13.12
13.35
13.12
13.23
13.47
13.52
13.54
13.49
13.63
13.79
14.26
14.7
14.89
14.85
14.57
14.71
14.97
14.69
14.8
14.83
14.8
14.8
14.96
14.94
14.8
14.89
14.86
14.61
14.7
13.86
14.04
14.25
14.31
14.08
14.25
14.28
13.98
13.92
13.6
13.63
13.5
13.63
13.57
13.54
13.72
13.7
13.48
13.27
13.16
13.27
13.68
14.09
14.12
13.1
13.32
13.47
13.88
13.97
13.95
14.44
14.23
14.08
14.16
14.22
14.34
14.58
14.5
14.32
14.24
14.41
14.9
14.8
14.71
14.72
14.71
14.74
14.67
14.61
14.36
14.61
14.7
15.06
15.05
14.82
14.85
15.19
15.45
15.81
15.81
16.07
15.97
16.08
16.049999
16.67
16.68
16.48
16.709999
16.969999
16.540001
16.4
16.790001
16.65
15.66
15.73
15.56
15.04
15.3
15.75
15.47
16.15
16.35
16.389999
16.52
16.25
16.41
18.139999
18.549999
18.82
18.59
18.4
18.780001
18.98
19.41
19.15
18.950001
19.16
19.07
18.879999
18.85
18.83
18.790001
18.700001
18.780001
18.709999
18.32
17.629999
17.99
17.559999
17.66
17.540001
17.120001
17.139999
17.25
17.200001
16.700001
16.809999
17.25
17.24
17.41
17.4
17.559999
17.75
17.68
17.41
decrease
