18.52
18.290001
18.540001
18.610001
18.629999
18.77
18.82
18.93
18.9
18.809999
18.790001
18.91
19.309999
19.24
19.360001
19.26
19.299999
19.360001
19.469999
18.959999
18.780001
19.0
19.110001
18.959999
19.01
18.370001
18.469999
18.940001
18.76
18.950001
18.98
18.799999
18.26
18.24
18.280001
17.799999
17.76
17.74
17.4
17.27
17.35
17.690001
17.83
17.709999
17.709999
17.799999
18.16
17.77
18.030001
17.57
17.48
17.559999
17.65
17.190001
17.35
17.870001
17.940001
18.040001
18.08
18.42
18.469999
18.389999
18.700001
18.940001
19.15
19.24
19.41
19.26
19.209999
19.17
19.1
19.139999
19.1
19.360001
19.370001
19.32
19.32
19.32
18.9
18.9
19.1
19.040001
18.969999
18.639999
18.51
18.57
19.02
18.860001
19.41
19.309999
19.18
19.209999
19.17
19.08
19.360001
19.24
19.370001
19.280001
19.120001
19.32
19.48
19.280001
19.459999
19.469999
19.59
19.49
19.6
19.77
19.940001
19.85
19.879999
19.870001
19.969999
19.959999
20.120001
20.09
20.26
20.35
20.58
20.57
20.57
20.41
20.4
21.709999
21.790001
21.549999
21.719999
21.959999
22.02
22.120001
21.950001
21.67
21.52
21.5
21.389999
21.549999
21.469999
21.440001
21.469999
21.440001
21.379999
21.42
21.34
21.23
21.17
21.360001
21.360001
21.57
21.75
22.120001
22.459999
21.34
21.24
21.25
21.66
21.43
21.450001
21.41
21.08
21.07
21.02
20.969999
21.07
21.299999
20.98
20.85
20.74
20.92
21.290001
21.42
21.459999
21.25
21.26
21.23
21.27
21.15
21.01
21.32
21.370001
21.530001
21.75
21.84
21.809999
22.049999
22.41
22.92
22.879999
23.459999
23.290001
23.700001
23.85
23.809999
23.66
23.32
23.91
23.809999
23.440001
23.32
23.299999
22.48
21.290001
21.43
21.209999
19.92
20.110001
20.41
20.58
21.290001
21.450001
21.4
21.389999
21.17
21.389999
22.129999
23.459999
23.52
23.389999
23.35
23.57
23.690001
23.950001
24.040001
23.950001
24.65
23.83
23.620001
23.48
23.48
23.51
23.200001
23.280001
23.280001
22.469999
21.85
22.200001
21.77
21.690001
21.92
21.139999
21.32
21.540001
21.549999
20.780001
20.889999
21.75
21.59
21.940001
21.77
21.85
22.049999
22.030001
21.66
decrease
