23.639999
23.08
23.610001
24.24
23.889999
24.27
24.790001
24.65
24.790001
24.809999
25.16
25.27
25.27
25.879999
26.5
26.42
26.58
26.790001
25.18
25.08
25.290001
25.65
25.809999
25.75
25.9
26.059999
26.110001
26.290001
26.540001
27.190001
26.889999
26.77
26.360001
26.360001
26.379999
26.190001
26.440001
26.99
29.129999
30.01
29.92
30.620001
30.110001
30.889999
31.15
31.25
31.32
31.34
30.74
30.879999
30.91
31.059999
31.040001
31.280001
31.370001
31.33
31.32
31.51
31.25
30.530001
30.309999
30.35
30.280001
30.59
29.799999
29.780001
30.219999
30.18
30.41
30.23
30.5
30.620001
30.469999
30.540001
30.09
30.23
30.309999
30.9
30.629999
30.700001
31.27
31.49
30.74
30.200001
29.780001
29.73
30.24
30.07
30.440001
29.709999
29.610001
29.23
26.809999
26.74
26.77
26.389999
26.0
25.690001
26.08
26.09
26.549999
25.969999
26.440001
25.879999
25.98
26.16
26.209999
26.209999
26.75
26.209999
26.360001
26.690001
27.24
26.48
26.389999
26.59
25.700001
24.68
24.860001
25.360001
25.709999
25.610001
25.75
25.200001
25.33
24.84
25.040001
25.549999
25.719999
26.25
26.41
25.940001
26.51
26.27
25.299999
24.74
24.49
23.860001
24.059999
24.34
24.02
25.25
25.4
25.08
25.950001
25.860001
25.24
25.879999
26.09
25.879999
25.58
25.85
25.66
25.49
25.549999
25.870001
26.18
25.860001
26.25
26.290001
28.99
27.389999
27.219999
27.5
27.540001
27.309999
26.889999
27.200001
27.700001
27.629999
27.85
26.700001
26.23
26.059999
26.450001
26.57
26.219999
26.76
26.65
26.620001
26.790001
26.309999
26.440001
25.969999
26.08
26.360001
26.629999
26.48
26.530001
26.280001
26.48
27.530001
27.16
26.82
26.719999
26.83
26.440001
26.540001
26.15
25.459999
24.469999
25.17
25.74
25.190001
24.92
25.129999
25.91
26.940001
27.559999
28.040001
27.17
26.41
26.15
26.82
26.870001
25.93
25.33
25.129999
24.690001
25.799999
25.77
28.73
27.67
27.690001
27.780001
27.190001
26.620001
26.709999
27.049999
26.09
26.200001
25.84
25.190001
25.5
25.790001
25.059999
25.15
25.41
24.57
25.33
25.67
25.84
25.51
25.34
25.780001
25.889999
26.27
26.049999
26.440001
26.459999
26.690001
26.33
increase
