34.529999
34.689999
34.939999
35.43
34.939999
34.990002
35.080002
34.900002
34.810001
34.580002
34.75
34.75
34.48
34.580002
34.419998
34.389999
34.41
34.529999
34.18
34.189999
34.150002
34.830002
35.209999
35.209999
35.400002
33.130001
33.119999
33.27
33.630001
33.91
34.110001
34.16
34.5
34.98
34.18
34.77
34.73
34.68
34.720001
34.599998
33.950001
34.349998
33.939999
34.0
34.419998
34.939999
34.799999
34.150002
34.209999
33.959999
34.110001
34.150002
33.73
33.150002
33.200001
32.650002
32.529999
32.619999
32.709999
32.830002
33.189999
32.830002
32.619999
32.93
33.23
33.310001
34.110001
34.009998
34.330002
34.150002
34.169998
34.139999
34.16
33.93
33.669998
34.200001
33.66
33.610001
33.66
34.009998
34.419998
34.240002
34.349998
33.860001
34.09
33.93
34.380001
33.919998
32.09
31.34
31.049999
30.969999
30.860001
30.74
30.92
30.700001
30.85
31.25
31.6
31.68
31.77
31.33
30.91
31.379999
31.65
31.73
31.43
31.190001
31.27
31.530001
31.700001
31.33
31.709999
32.139999
31.92
31.780001
31.76
31.67
31.620001
31.25
31.75
31.719999
31.799999
31.85
31.52
31.51
31.34
30.620001
30.74
30.43
30.27
30.32
30.370001
30.379999
30.15
31.16
31.209999
31.51
31.32
30.77
31.5
32.150002
31.950001
32.330002
32.450001
32.98
33.080002
32.93
33.119999
33.400002
34.52
34.27
34.41
34.18
34.59
35.990002
36.450001
36.77
37.68
37.099998
37.099998
36.93
37.240002
36.990002
36.990002
37.119999
36.619999
36.790001
37.07
36.82
36.549999
36.41
36.73
36.740002
36.59
36.540001
36.389999
36.360001
36.0
36.450001
36.349998
36.41
36.400002
35.389999
34.34
34.549999
34.720001
34.919998
34.25
34.759998
34.880001
34.939999
34.389999
34.59
34.66
34.639999
34.700001
34.330002
34.080002
33.650002
32.490002
32.740002
32.740002
32.209999
32.810001
33.07
33.080002
34.040001
34.080002
34.349998
33.799999
32.68
33.0
32.639999
33.07
32.75
32.459999
32.360001
32.650002
32.869999
33.43
33.169998
33.5
33.759998
33.700001
34.029999
33.720001
33.299999
33.5
33.700001
33.560001
32.790001
32.700001
32.549999
33.41
33.57
33.66
34.32
33.490002
34.220001
35.869999
35.110001
34.93
35.389999
35.34
35.360001
35.09
35.040001
35.439999
35.419998
35.540001
35.400002
increase
