109.949997
110.269997
111.690002
111.209999
111.129997
113.290001
111.889999
109.709999
109.540001
109.25
110.0
110.720001
108.0
108.5
108.959999
108.970001
107.760002
108.629997
108.639999
107.18
107.440002
107.809998
108.550003
108.940002
109.879997
111.050003
110.559998
110.529999
112.160004
113.360001
113.82
112.739998
110.889999
110.449997
111.209999
109.059998
108.529999
109.309998
109.370003
109.5
110.540001
112.279999
111.870003
111.709999
110.989998
111.389999
110.910004
109.349998
110.419998
108.989998
109.080002
109.669998
110.830002
110.279999
112.809998
113.900002
114.720001
115.589996
115.139999
115.18
113.489998
113.779999
114.43
114.230003
113.940002
113.940002
114.970001
115.230003
113.879997
114.410004
114.470001
115.849998
116.25
116.910004
116.690002
117.379997
116.889999
118.550003
118.230003
118.370003
119.839996
119.790001
120.25
119.110001
118.709999
118.559998
119.989998
119.080002
118.839996
119.660004
121.330002
121.510002
122.339996
122.900002
123.150002
122.889999
122.720001
122.449997
122.510002
123.269997
123.669998
123.290001
124.25
126.870003
128.979996
130.910004
131.600006
131.059998
131.800003
130.75
131.520004
131.360001
130.949997
131.679993
132.809998
133.309998
134.0
134.789993
135.660004
135.880005
136.070007
136.0
136.619995
136.559998
135.899994
136.089996
134.839996
135.610001
136.729996
136.820007
136.960007
136.559998
135.860001
136.529999
135.639999
139.320007
137.149994
137.100006
139.410004
138.990005
139.369995
141.289993
137.559998
138.759995
138.970001
139.339996
138.970001
140.350006
139.839996
141.919998
144.0
142.520004
143.940002
143.5
144.199997
143.220001
144.5
142.860001
141.690002
142.580002
142.520004
143.199997
143.25
142.639999
141.419998
141.940002
141.270004
144.089996
142.669998
142.570007
142.339996
142.789993
142.779999
142.199997
143.220001
143.220001
141.649994
142.070007
142.820007
142.429993
143.740005
146.399994
145.619995
145.149994
145.300003
147.210007
145.770004
147.610001
145.740005
145.889999
143.190002
142.410004
143.100006
144.470001
146.149994
147.190002
156.309998
159.380005
157.679993
155.899994
148.199997
148.639999
152.789993
149.839996
153.020004
152.789993
153.020004
154.970001
156.229996
156.660004
157.009995
158.169998
157.990005
158.800003
159.539993
159.020004
156.149994
152.869995
153.860001
154.259995
154.669998
155.759995
155.740005
157.720001
158.020004
158.100006
157.580002
158.179993
156.509995
156.429993
158.820007
159.809998
154.570007
157.190002
162.070007
160.350006
159.779999
161.279999
159.630005
159.699997
162.289993
164.330002
161.039993
162.830002
162.389999
161.860001
162.759995
161.690002
165.179993
166.960007
168.279999
168.860001
decrease
