84.699997
84.055
84.900002
85.110001
86.589996
87.089996
86.900002
86.800003
87.709999
87.845001
89.040001
89.175003
87.510002
88.705002
88.040001
88.199997
87.809998
88.059998
88.419998
87.279999
88.525002
88.904999
90.455002
91.050003
90.815002
91.629997
91.339996
91.445
91.985001
93.254997
93.285004
92.605003
92.025002
92.699997
92.089996
92.875
92.010002
91.875
92.010002
91.830002
91.364998
92.529999
91.059998
91.635002
92.129997
92.084999
92.480003
91.434998
92.139999
91.190002
91.510002
90.985001
91.839996
90.555
91.419998
90.309998
90.339996
91.584999
91.214996
92.260002
92.754997
92.190002
92.599998
92.220001
92.459999
92.845001
92.370003
92.370003
91.415001
91.455002
91.105003
90.635002
89.650002
89.589996
89.355003
91.894997
87.010002
84.824997
83.660004
85.290001
84.635002
83.970001
85.154999
84.805
84.745003
85.410004
85.650002
85.230003
85.529999
85.785004
84.790001
84.214996
84.809998
86.839996
86.764999
86.175003
86.220001
87.415001
87.669998
88.785004
87.959999
84.440002
80.574997
82.879997
80.900002
79.139999
80.389999
79.32
79.599998
80.339996
80.389999
81.129997
80.860001
81.989998
81.029999
81.580002
81.739998
81.580002
80.989998
80.099998
79.889999
80.669998
80.510002
80.93
81.910004
82.449997
82.290001
83.089996
84.529999
82.849998
82.970001
82.900002
81.470001
76.550003
77.699997
78.599998
77.239998
76.300003
77.639999
70.040001
71.010002
70.0
69.660004
67.050003
66.5
66.839996
67.970001
69.510002
69.120003
67.5
67.970001
69.949997
69.970001
69.889999
70.5
70.300003
71.449997
70.660004
71.209999
71.099998
67.580002
67.57
67.900002
68.32
67.809998
68.699997
68.690002
70.160004
70.160004
71.489998
71.099998
71.160004
71.010002
70.620003
70.459999
70.559998
69.879997
71.470001
72.139999
72.18
73.330002
74.339996
73.449997
72.790001
73.300003
74.839996
76.040001
76.349998
74.620003
75.959999
76.410004
76.300003
77.410004
78.139999
78.93
79.410004
78.07
75.68
75.279999
74.349998
71.800003
73.529999
72.970001
70.849998
71.75
72.18
67.389999
68.43
68.379997
69.519997
67.970001
68.68
67.970001
68.050003
67.690002
67.209999
66.190002
63.439999
65.190002
66.040001
66.029999
67.129997
67.129997
68.43
67.849998
68.040001
68.300003
67.989998
68.050003
67.830002
65.720001
65.669998
65.93
64.589996
65.540001
65.080002
66.269997
67.209999
65.830002
66.839996
68.510002
67.82
66.779999
66.870003
69.339996
69.07
69.720001
68.980003
69.940002
71.019997
70.93
69.75
decrease
