19.049999
18.82
19.0
19.049999
19.27
19.24
17.950001
18.049999
18.440001
18.200001
18.0
18.129999
17.799999
17.83
18.01
17.68
17.48
17.75
17.68
17.639999
18.030001
18.09
18.110001
18.16
18.209999
18.09
18.07
17.85
17.99
17.879999
18.17
17.870001
17.85
17.98
18.139999
18.379999
18.629999
18.700001
18.57
18.59
18.74
19.1
18.92
18.6
18.67
18.719999
18.950001
18.809999
18.6
18.48
18.27
18.809999
18.709999
18.299999
18.26
17.92
18.02
18.049999
18.110001
18.15
18.48
18.620001
18.610001
18.049999
17.959999
17.969999
18.440001
18.02
18.68
18.709999
18.66
18.91
18.639999
18.389999
18.65
18.74
18.209999
17.969999
17.83
17.85
18.0
17.950001
18.23
17.92
17.43
17.379999
17.65
17.57
17.6
17.700001
17.530001
17.68
18.02
18.120001
18.139999
17.620001
17.98
17.940001
18.15
18.209999
18.379999
18.440001
18.27
18.25
18.309999
18.34
18.459999
18.290001
18.33
18.360001
18.5
18.540001
18.49
18.49
18.43
18.24
18.200001
18.32
18.34
18.389999
18.549999
18.67
19.4
19.51
19.4
19.34
19.85
19.83
19.459999
19.33
19.66
19.35
19.4
19.440001
19.299999
19.559999
19.73
19.459999
19.629999
19.790001
19.790001
20.190001
20.0
19.99
20.030001
19.969999
19.76
19.969999
19.889999
19.700001
19.790001
19.780001
19.799999
19.6
19.459999
19.67
19.790001
19.51
19.860001
19.73
19.610001
19.65
19.84
19.83
19.85
19.85
19.780001
20.139999
20.58
20.280001
20.049999
20.049999
20.139999
20.18
20.15
20.120001
19.85
19.940001
19.870001
19.82
19.860001
20.389999
20.440001
20.65
20.57
20.360001
20.32
20.93
20.5
20.719999
20.809999
21.299999
21.290001
21.17
21.24
20.950001
20.83
20.76
20.57
20.110001
19.35
19.42
19.450001
18.75
19.52
19.42
19.52
19.639999
19.559999
19.879999
19.51
19.219999
19.110001
19.209999
19.0
18.49
18.559999
18.41
18.440001
18.120001
18.200001
18.540001
18.610001
18.91
18.73
18.700001
18.92
19.049999
19.18
18.940001
18.92
18.75
18.4
17.98
18.389999
18.33
18.57
18.639999
18.290001
18.65
18.809999
18.639999
18.450001
18.24
18.25
18.48
19.23
19.139999
19.450001
19.67
19.780001
19.459999
decrease
