108.800003
107.400002
108.440002
108.459999
107.5
107.379997
108.199997
107.050003
107.059998
106.739998
107.279999
107.550003
107.0
106.410004
106.629997
106.550003
107.07
107.849998
107.209999
108.769997
110.760002
111.980003
112.769997
113.139999
114.360001
115.309998
115.959999
115.519997
115.269997
115.82
115.879997
115.43
115.480003
115.480003
113.809998
114.019997
113.599998
114.209999
114.389999
114.879997
111.830002
112.300003
111.589996
111.57
110.519997
109.809998
110.279999
108.18
107.669998
106.620003
107.370003
106.639999
106.309998
106.43
105.910004
104.970001
104.059998
104.830002
104.800003
105.470001
106.290001
105.889999
106.089996
106.279999
106.389999
105.300003
107.440002
106.0
106.449997
106.07
105.309998
105.650002
105.589996
105.540001
104.860001
105.650002
105.099998
105.25
105.300003
105.199997
105.940002
105.900002
106.040001
107.849998
107.339996
107.610001
107.760002
107.440002
105.519997
105.160004
104.470001
104.940002
104.400002
104.919998
105.610001
104.660004
105.290001
107.800003
108.150002
109.650002
109.580002
109.419998
109.32
110.5
109.75
109.410004
108.419998
107.550003
106.480003
106.830002
107.209999
108.220001
107.82
109.169998
108.839996
107.660004
108.239998
108.919998
108.650002
107.889999
109.029999
109.519997
109.970001
110.07
110.940002
110.82
110.050003
109.349998
109.019997
109.120003
109.360001
108.599998
102.870003
104.080002
104.730003
106.18
106.730003
106.589996
105.919998
104.379997
105.970001
107.75
107.769997
108.599998
108.18
109.860001
107.419998
109.699997
109.099998
110.099998
108.510002
108.120003
107.449997
108.370003
109.839996
110.5
110.93
111.010002
112.82
112.760002
113.760002
113.559998
113.199997
112.800003
113.400002
113.160004
113.360001
114.139999
114.260002
115.449997
114.989998
114.660004
114.949997
115.010002
114.580002
114.360001
113.510002
112.110001
111.639999
112.419998
112.959999
114.059998
113.779999
110.82
110.089996
109.269997
108.290001
108.93
107.790001
109.370003
109.959999
110.809998
110.309998
111.230003
111.07
109.669998
109.529999
110.330002
103.769997
102.970001
100.169998
101.290001
99.040001
97.650002
99.669998
99.779999
99.540001
99.019997
100.790001
100.709999
99.900002
97.889999
97.07
96.949997
98.0
98.190002
98.260002
97.800003
98.870003
99.449997
99.370003
99.879997
99.650002
100.360001
101.0
101.800003
101.68
100.940002
101.019997
100.07
100.330002
98.470001
97.050003
96.059998
98.019997
97.790001
98.25
98.959999
97.040001
97.809998
100.599998
99.699997
98.849998
99.360001
95.860001
96.650002
95.57
95.959999
96.800003
96.699997
95.339996
93.559998
decrease
