214.240005
213.669998
213.759995
217.970001
219.350006
218.669998
221.979996
223.369995
225.600006
224.020004
228.850006
229.759995
229.25
230.589996
230.800003
230.729996
231.990005
231.110001
226.199997
224.919998
228.809998
227.889999
230.300003
229.279999
231.610001
232.229996
232.25
230.369995
232.259995
235.0
234.210007
232.759995
233.5
233.75
230.259995
229.690002
228.100006
231.949997
231.710007
232.410004
234.460007
235.490005
232.970001
236.210007
237.0
238.419998
234.75
237.070007
239.759995
239.339996
240.619995
238.949997
242.320007
238.460007
238.229996
239.039993
239.039993
239.220001
238.059998
239.089996
237.559998
235.059998
236.229996
235.830002
235.919998
235.5
234.910004
233.5
232.600006
233.080002
231.199997
230.770004
241.089996
248.839996
245.929993
249.619995
250.220001
254.960007
251.669998
249.990005
250.25
246.830002
247.360001
247.660004
247.279999
249.360001
253.279999
251.990005
251.850006
253.0
255.070007
255.669998
254.240005
257.619995
258.75
257.549988
256.880005
256.529999
256.559998
257.209991
255.100006
251.539993
250.649994
249.279999
248.449997
240.039993
239.679993
238.639999
239.089996
237.210007
239.210007
238.869995
242.75
243.630005
245.0
247.389999
246.509995
245.360001
246.899994
240.410004
240.490005
240.380005
241.440002
237.729996
237.169998
240.429993
241.309998
242.690002
245.809998
246.130005
246.490005
248.360001
251.520004
258.970001
255.660004
255.350006
255.479996
256.350006
256.690002
254.479996
256.309998
243.479996
247.460007
244.389999
240.940002
239.559998
233.279999
235.910004
233.460007
233.479996
236.419998
238.300003
240.509995
243.559998
244.220001
250.130005
260.859985
258.529999
252.279999
253.339996
250.300003
253.899994
256.48999
253.029999
254.639999
256.23999
250.610001
253.639999
246.380005
245.160004
245.160004
243.580002
245.0
246.25
248.149994
249.009995
248.070007
251.639999
251.279999
258.359985
264.329987
258.549988
263.079987
263.100006
265.209991
268.019989
270.170013
275.75
279.440002
279.299988
281.869995
282.859985
286.320007
285.910004
288.290009
291.230011
282.290009
281.829987
279.769989
276.5
267.100006
269.119995
264.899994
262.369995
265.320007
267.049988
268.070007
267.470001
267.450012
269.0
267.329987
266.380005
267.809998
271.190002
274.579987
276.920013
271.820007
269.720001
269.799988
270.589996
273.109985
273.290009
269.519989
272.5
268.209991
269.980011
270.5
271.089996
272.730011
269.980011
273.600006
270.809998
265.720001
261.600006
268.100006
267.649994
267.549988
268.829987
280.700012
282.470001
286.98999
287.290009
283.730011
285.0
286.839996
282.279999
285.559998
287.619995
289.950012
296.290009
298.299988
295.0
decrease
