162.300003
160.380005
160.75
160.389999
160.059998
160.320007
160.289993
158.839996
159.100006
158.630005
159.050003
155.050003
153.029999
152.110001
151.25
150.649994
150.369995
151.509995
153.679993
150.929993
150.779999
151.979996
152.639999
152.029999
152.509995
153.199997
152.490005
151.729996
152.630005
152.669998
152.050003
152.410004
152.369995
150.979996
152.100006
154.100006
155.179993
154.25
153.809998
154.220001
155.380005
154.839996
154.949997
153.789993
154.399994
154.110001
155.229996
154.75
155.320007
154.130005
153.830002
155.580002
153.669998
152.360001
152.940002
153.419998
153.190002
153.699997
153.630005
154.240005
153.009995
154.0
147.529999
147.660004
147.080002
145.990005
146.190002
145.360001
145.070007
144.289993
144.669998
145.300003
144.449997
144.940002
145.160004
143.470001
142.110001
141.770004
141.839996
141.839996
142.320007
142.070007
142.5
140.699997
139.699997
140.330002
141.009995
142.139999
142.940002
143.740005
142.509995
143.139999
142.559998
143.029999
144.080002
143.039993
143.820007
142.899994
142.449997
144.860001
145.759995
145.990005
145.539993
144.820007
144.550003
144.389999
145.880005
145.259995
145.130005
145.869995
146.559998
145.660004
145.660004
145.080002
146.660004
146.779999
146.479996
146.720001
146.479996
147.389999
148.5
147.619995
147.029999
147.100006
146.830002
146.539993
159.529999
160.899994
162.070007
159.550003
155.880005
153.5
153.600006
153.679993
154.360001
154.059998
154.029999
153.350006
151.580002
150.839996
151.350006
151.570007
150.300003
149.160004
148.399994
148.889999
147.100006
149.119995
148.970001
150.509995
151.949997
151.770004
151.839996
151.979996
152.470001
153.550003
153.970001
154.759995
156.460007
155.350006
154.100006
153.570007
154.809998
155.410004
156.740005
153.910004
154.0
152.5
153.330002
153.229996
152.949997
151.5
152.5
152.830002
153.130005
154.039993
153.419998
154.25
158.490005
161.699997
162.490005
163.470001
163.830002
164.179993
164.199997
163.139999
163.850006
168.649994
169.119995
162.369995
162.600006
166.25
165.369995
165.470001
167.339996
166.800003
163.619995
163.699997
162.399994
159.029999
152.529999
155.339996
153.850006
147.589996
149.509995
151.399994
150.75
154.759995
156.009995
156.179993
155.160004
153.960007
153.179993
155.520004
158.580002
156.550003
155.830002
153.809998
154.490005
156.949997
155.720001
158.320007
156.210007
159.309998
160.259995
159.320007
158.119995
159.610001
160.259995
157.350006
156.199997
156.690002
152.089996
148.889999
153.369995
151.910004
152.520004
153.429993
150.070007
149.850006
154.119995
154.029999
150.570007
152.690002
155.389999
155.360001
158.070007
156.710007
157.889999
160.910004
148.789993
147.699997
decrease
