60.630001
60.41
60.580002
60.970001
61.099998
60.209999
60.200001
60.400002
60.619999
60.330002
60.869999
60.459999
59.09
58.91
59.0
59.07
58.790001
59.290001
59.0
58.07
58.59
59.32
59.459999
59.869999
59.939999
60.439999
60.349998
60.16
60.189999
60.34
60.32
61.700001
61.549999
63.619999
63.790001
63.970001
64.43
64.459999
64.669998
64.610001
64.57
64.769997
64.519997
64.290001
64.150002
64.279999
64.349998
65.379997
66.139999
65.839996
65.919998
66.68
66.18
65.970001
65.919998
65.5
65.419998
65.870003
66.879997
65.550003
65.82
65.720001
65.720001
65.839996
66.580002
66.75
66.379997
66.339996
66.129997
66.370003
66.709999
67.279999
67.019997
65.150002
64.82
64.370003
64.550003
65.730003
65.160004
65.010002
65.389999
65.860001
66.059998
65.150002
64.589996
64.550003
65.5
65.019997
64.699997
65.410004
65.300003
64.82
64.830002
64.669998
65.099998
64.949997
65.769997
64.300003
65.339996
65.709999
66.379997
66.220001
66.18
65.379997
65.650002
66.32
66.669998
66.830002
67.050003
67.220001
66.989998
68.129997
68.540001
68.699997
69.330002
69.879997
70.459999
70.959999
69.029999
69.459999
69.68
70.089996
69.910004
69.389999
68.400002
68.169998
68.199997
66.849998
66.120003
65.690002
65.239998
65.910004
65.610001
65.480003
65.260002
66.099998
66.220001
68.669998
66.239998
66.199997
65.580002
65.989998
66.199997
66.269997
67.080002
67.300003
66.529999
66.080002
66.589996
68.080002
68.279999
67.660004
67.830002
68.099998
69.349998
69.800003
71.449997
72.07
71.830002
70.949997
70.739998
70.389999
70.93
70.809998
71.199997
70.480003
70.32
70.489998
71.209999
71.07
70.019997
70.110001
70.25
70.040001
70.269997
70.519997
70.559998
69.849998
70.910004
72.25
72.849998
73.120003
74.050003
74.459999
74.379997
74.779999
74.580002
74.800003
75.269997
75.599998
75.830002
75.790001
75.419998
74.940002
75.57
74.510002
73.550003
73.839996
74.800003
73.980003
71.5
72.269997
70.720001
67.0
68.449997
68.599998
69.120003
71.07
72.550003
71.730003
72.860001
72.860001
71.550003
72.480003
73.540001
73.43
73.080002
72.059998
72.540001
72.68
73.339996
73.239998
74.300003
75.730003
75.669998
75.059998
74.309998
74.260002
74.529999
74.059998
74.410004
74.019997
71.730003
70.32
73.0
71.800003
71.449997
72.519997
71.099998
72.650002
72.389999
72.529999
70.620003
70.889999
72.470001
71.389999
72.459999
72.540001
73.18
73.43
74.32
74.620003
decrease
