159.520004
159.119995
161.869995
162.429993
162.820007
162.759995
167.729996
163.729996
163.729996
160.279999
160.460007
162.470001
161.660004
162.059998
163.009995
163.169998
163.220001
164.479996
164.720001
161.039993
161.589996
161.630005
162.970001
164.199997
164.600006
167.399994
167.559998
167.929993
168.389999
168.25
169.860001
169.990005
170.880005
171.940002
171.339996
164.559998
158.220001
161.300003
160.630005
160.570007
160.710007
164.380005
166.020004
166.610001
166.520004
167.350006
165.970001
162.440002
164.649994
160.539993
161.419998
159.320007
161.380005
159.259995
161.429993
161.509995
161.720001
164.630005
163.589996
166.5
166.029999
165.529999
167.779999
167.289993
166.619995
170.179993
166.550003
166.830002
164.399994
167.520004
166.460007
154.679993
151.210007
154.089996
152.600006
155.490005
154.770004
154.509995
151.059998
153.020004
155.320007
154.669998
155.210007
151.899994
150.440002
150.410004
152.820007
153.610001
152.570007
151.080002
150.440002
150.320007
152.710007
155.429993
154.979996
155.809998
156.869995
157.949997
157.490005
160.229996
158.979996
159.0
158.800003
158.970001
162.100006
160.529999
158.479996
155.759995
157.5
154.520004
153.240005
156.449997
154.369995
155.490005
157.169998
154.399994
157.410004
158.110001
158.970001
158.289993
157.330002
158.080002
161.759995
159.600006
158.550003
160.0
163.050003
161.580002
164.710007
164.429993
162.699997
162.039993
164.25
168.369995
164.410004
166.169998
159.240005
151.830002
155.490005
151.490005
150.080002
150.070007
150.190002
147.679993
147.789993
149.539993
151.399994
154.080002
154.880005
155.399994
155.589996
154.059998
154.809998
155.429993
155.020004
154.0
156.410004
155.0
159.300003
159.779999
159.990005
159.779999
160.570007
159.699997
159.270004
158.199997
155.25
156.600006
157.300003
157.389999
158.679993
157.279999
157.649994
157.070007
156.690002
158.789993
156.380005
157.809998
162.050003
163.960007
166.600006
165.080002
165.729996
166.139999
171.509995
173.240005
176.100006
179.360001
179.0
180.630005
180.949997
182.229996
184.080002
185.729996
187.029999
186.779999
186.589996
187.039993
193.949997
186.360001
180.360001
180.050003
176.830002
169.279999
172.949997
175.059998
175.389999
178.259995
181.449997
182.479996
183.160004
183.940002
183.860001
187.610001
186.089996
187.979996
187.229996
182.509995
185.770004
191.139999
190.589996
194.419998
197.449997
203.169998
204.350006
204.529999
203.580002
203.369995
204.729996
199.059998
200.720001
200.229996
193.880005
190.309998
197.300003
190.899994
188.789993
191.389999
186.619995
188.710007
190.830002
190.880005
185.559998
187.130005
193.259995
192.410004
194.210007
191.779999
195.619995
199.619995
200.839996
197.820007
decrease
