135.800003
136.119995
138.029999
139.089996
138.800003
139.729996
138.589996
138.979996
138.220001
138.830002
138.470001
139.270004
137.380005
128.979996
130.330002
130.850006
130.710007
132.490005
133.160004
133.149994
134.259995
134.809998
135.850006
136.520004
137.899994
138.410004
138.440002
136.990005
137.889999
138.179993
139.240005
139.449997
138.800003
137.869995
135.690002
137.199997
136.440002
136.5
136.509995
135.089996
134.580002
136.139999
136.190002
136.080002
135.130005
136.149994
137.070007
135.369995
135.910004
133.479996
135.0
134.899994
134.210007
132.160004
131.880005
131.690002
131.979996
133.559998
132.729996
133.729996
133.880005
135.059998
135.229996
133.369995
133.009995
132.509995
132.979996
133.380005
133.580002
133.149994
133.179993
134.570007
133.839996
134.330002
134.800003
134.809998
134.639999
139.679993
136.850006
135.380005
137.059998
137.070007
138.539993
135.279999
134.830002
134.880005
135.860001
135.119995
135.229996
135.919998
136.139999
135.949997
136.220001
136.850006
137.940002
139.259995
139.059998
140.559998
141.830002
143.139999
143.210007
143.139999
143.660004
143.779999
144.139999
144.619995
145.009995
143.770004
144.210007
144.889999
143.830002
141.020004
142.600006
142.910004
144.470001
145.910004
146.649994
147.25
145.630005
146.380005
148.259995
147.729996
147.589996
148.179993
149.779999
148.580002
147.279999
148.119995
150.360001
150.160004
149.050003
149.199997
150.0
148.559998
146.770004
147.419998
148.320007
148.199997
148.309998
146.449997
149.990005
147.529999
146.740005
146.770004
149.720001
150.649994
147.949997
148.589996
148.75
149.940002
151.710007
150.979996
152.380005
151.470001
154.449997
154.559998
155.440002
154.699997
154.339996
154.970001
153.800003
153.259995
153.039993
152.300003
152.259995
153.039993
151.630005
154.169998
154.339996
154.399994
153.070007
151.860001
152.509995
152.240005
152.919998
153.770004
152.610001
154.559998
155.740005
153.759995
156.869995
155.830002
154.259995
153.779999
153.529999
153.699997
152.539993
156.550003
155.130005
155.190002
153.059998
153.009995
152.860001
154.850006
153.490005
150.899994
149.910004
150.300003
147.990005
146.130005
140.960007
142.410004
142.699997
138.0
140.399994
142.419998
143.059998
144.850006
144.020004
141.830002
142.380005
141.440002
142.660004
145.820007
145.429993
142.580002
141.25
138.380005
137.839996
138.570007
139.630005
139.320007
139.0
141.009995
142.050003
141.289993
139.289993
139.029999
138.740005
137.839996
135.619995
136.080002
133.25
132.600006
135.809998
135.399994
135.059998
136.910004
134.100006
135.339996
137.020004
138.279999
135.330002
135.869995
137.029999
136.460007
137.339996
137.679993
140.460007
142.080002
143.039993
141.630005
decrease
