177.160004
175.289993
180.199997
181.5
184.580002
183.740005
184.860001
186.809998
186.710007
187.720001
188.850006
187.139999
184.649994
183.589996
182.110001
181.740005
182.380005
180.050003
178.240005
175.559998
175.889999
177.009995
174.919998
174.720001
174.479996
173.759995
175.910004
173.580002
177.360001
180.649994
183.789993
181.509995
179.449997
179.149994
177.690002
174.080002
171.460007
173.460007
172.589996
172.039993
171.860001
176.600006
175.300003
177.380005
182.990005
185.279999
180.889999
176.360001
181.0
176.75
173.520004
174.130005
174.350006
172.320007
172.110001
169.0
173.149994
173.229996
173.0
172.330002
171.740005
173.660004
173.880005
171.970001
172.75
173.990005
173.850006
176.300003
174.330002
174.919998
173.850006
172.300003
197.850006
198.460007
194.470001
199.580002
197.610001
199.229996
194.649994
194.25
194.800003
193.919998
194.149994
191.199997
189.320007
190.679993
194.759995
193.619995
193.960007
192.190002
197.050003
195.940002
199.740005
204.460007
207.149994
207.220001
207.419998
210.199997
209.679993
212.240005
213.929993
213.429993
211.039993
210.720001
209.399994
204.949997
203.089996
200.240005
201.410004
201.380005
198.440002
197.759995
199.0
199.199997
202.229996
202.460007
205.770004
205.779999
204.179993
203.270004
204.149994
206.690002
208.240005
206.919998
206.229996
206.479996
205.619995
205.179993
209.880005
211.550003
210.820007
204.850006
208.309998
210.039993
203.809998
205.190002
207.740005
208.820007
213.990005
209.190002
211.740005
211.199997
209.610001
208.940002
209.139999
206.050003
205.419998
208.509995
209.020004
210.669998
212.050003
215.350006
214.860001
223.839996
226.279999
227.479996
230.029999
225.240005
213.449997
211.059998
213.979996
214.669998
217.649994
214.110001
212.639999
214.550003
210.850006
216.550003
217.289993
214.740005
216.440002
214.570007
215.720001
214.210007
215.460007
217.520004
218.490005
224.029999
230.320007
232.990005
228.169998
227.059998
242.800003
242.589996
240.039993
244.720001
241.419998
242.050003
241.309998
243.550003
245.190002
242.940002
242.490005
243.389999
244.830002
241.779999
241.179993
232.639999
230.289993
220.179993
213.0
220.800003
221.199997
209.539993
217.190002
221.029999
220.440002
223.110001
229.130005
229.199997
226.570007
227.910004
226.740005
233.839996
233.429993
229.729996
228.020004
224.539993
229.190002
230.880005
235.759995
241.199997
243.520004
250.119995
253.169998
253.539993
251.789993
251.610001
253.910004
248.729996
252.649994
246.839996
241.119995
235.360001
242.279999
237.369995
234.990005
236.419998
229.929993
229.940002
237.770004
236.369995
228.169998
230.179993
238.919998
237.669998
242.089996
241.440002
245.190002
248.479996
250.0
245.839996
decrease
