123.110001
123.010002
123.910004
124.389999
123.080002
124.169998
124.279999
124.0
123.709999
123.209999
125.0
122.410004
117.790001
119.730003
118.220001
116.43
115.190002
117.349998
117.760002
120.489998
128.800003
131.429993
134.429993
136.160004
138.100006
138.410004
134.380005
130.490005
129.330002
129.279999
131.5
124.029999
122.269997
119.150002
119.75
119.040001
116.440002
118.519997
120.089996
120.370003
118.050003
122.279999
124.580002
133.990005
135.630005
136.279999
134.669998
130.309998
134.330002
128.779999
125.910004
125.870003
128.339996
127.220001
130.839996
129.559998
131.919998
133.220001
133.419998
134.270004
130.619995
130.850006
130.449997
133.789993
134.220001
138.270004
133.559998
137.190002
132.720001
135.740005
133.289993
128.759995
125.709999
125.980003
128.699997
132.0
130.699997
130.080002
122.120003
124.099998
126.279999
126.370003
124.339996
121.739998
121.190002
120.889999
123.860001
123.650002
123.82
121.760002
123.540001
124.970001
138.270004
137.410004
138.029999
135.339996
135.860001
134.339996
129.460007
124.949997
123.150002
123.589996
119.760002
119.150002
118.400002
117.089996
114.870003
115.050003
110.849998
109.690002
109.150002
110.309998
113.139999
116.739998
115.190002
112.800003
113.830002
113.57
114.699997
113.989998
114.769997
111.620003
112.730003
114.309998
116.599998
115.639999
115.139999
114.269997
114.190002
113.480003
114.040001
114.550003
115.559998
116.269997
114.239998
113.25
107.959999
106.510002
105.080002
105.43
108.139999
104.980003
102.989998
104.760002
107.209999
105.120003
105.239998
106.480003
105.470001
98.949997
98.949997
99.0
98.779999
97.860001
95.830002
95.959999
98.989998
97.940002
93.68
93.709999
93.790001
94.830002
96.580002
97.25
95.400002
98.099998
95.970001
96.410004
93.559998
95.019997
94.029999
96.360001
95.809998
95.400002
96.510002
95.379997
94.709999
100.889999
100.980003
98.440002
99.849998
100.809998
96.290001
96.620003
93.059998
94.07
91.650002
90.309998
91.919998
93.160004
94.080002
94.629997
95.339996
94.260002
95.510002
93.540001
92.5
90.290001
89.669998
85.919998
85.339996
88.110001
86.339996
83.919998
84.5
87.519997
88.029999
88.169998
85.589996
86.029999
85.510002
84.709999
85.190002
87.800003
87.529999
86.57
85.160004
83.089996
86.610001
90.970001
91.089996
91.699997
92.419998
94.230003
94.449997
94.629997
92.260002
88.690002
90.029999
86.269997
87.010002
88.790001
85.25
83.059998
86.370003
85.029999
84.959999
83.330002
80.559998
81.889999
83.980003
83.07
64.019997
65.360001
68.120003
66.290001
69.830002
70.120003
70.370003
70.519997
70.07
69.050003
decrease
