43.400002
43.25
43.810001
43.759998
43.650002
43.709999
43.400002
43.66
43.709999
43.580002
43.849998
43.73
43.990002
43.5
43.439999
43.439999
43.200001
43.73
43.860001
43.240002
44.110001
44.299999
44.700001
44.68
44.830002
45.900002
46.259998
46.279999
45.849998
46.610001
47.060001
46.799999
46.630001
46.619999
46.48
46.32
46.310001
46.599998
47.189999
47.32
47.529999
47.860001
46.939999
46.77
46.68
46.549999
46.400002
45.369999
45.049999
44.189999
44.040001
44.169998
44.34
43.93
44.27
43.720001
43.790001
44.48
44.5
44.759998
45.259998
45.389999
45.389999
45.290001
45.650002
45.700001
45.580002
45.93
46.07
46.529999
46.650002
47.18
46.990002
46.66
46.389999
45.98
45.34
45.360001
45.16
45.650002
45.98
46.389999
46.990002
46.220001
45.75
45.869999
46.400002
46.389999
46.560001
46.52
46.619999
46.400002
46.52
46.84
46.77
47.25
47.349998
47.240002
47.529999
47.950001
48.299999
47.34
47.150002
47.400002
47.529999
47.450001
47.919998
48.169998
48.43
48.290001
44.119999
43.959999
44.130001
44.080002
44.080002
44.009998
44.330002
44.09
43.98
44.200001
44.240002
43.970001
44.0
43.900002
43.810001
43.759998
43.630001
43.52
44.029999
43.959999
43.540001
42.950001
42.990002
43.32
42.450001
42.610001
42.700001
42.93
43.490002
43.610001
43.43
43.93
43.200001
42.93
42.990002
43.889999
43.529999
43.459999
43.619999
43.849998
43.23
43.43
43.77
43.869999
44.619999
44.16
44.619999
44.709999
44.439999
44.669998
45.34
45.560001
45.59
45.130001
45.200001
44.990002
44.880001
45.529999
45.529999
45.07
45.43
45.040001
45.049999
45.0
45.169998
45.290001
45.150002
45.549999
45.209999
45.68
45.950001
46.68
46.799999
46.970001
47.459999
47.849998
47.990002
47.869999
47.650002
48.869999
48.369999
48.509998
48.68
48.450001
48.240002
47.549999
47.779999
47.73
47.599998
47.02
45.150002
45.790001
45.169998
43.73
44.310001
45.209999
45.299999
46.099998
46.540001
46.77
46.599998
46.450001
46.82
47.43
47.599998
47.009998
47.049999
46.060001
46.16
47.41
47.509998
47.48
48.09
49.060001
49.110001
48.970001
48.84
48.91
48.779999
48.700001
49.099998
48.790001
47.77
46.869999
48.029999
48.599998
47.950001
48.240002
47.52
47.830002
48.23
48.709999
48.07
48.0
48.48
48.349998
48.709999
48.52
48.790001
49.099998
49.389999
49.5
decrease
