118.269997
118.360001
118.760002
119.080002
115.809998
125.610001
125.209999
125.519997
125.910004
125.599998
125.949997
126.139999
126.169998
126.730003
127.089996
126.879997
126.510002
127.629997
127.5
125.349998
125.150002
125.379997
127.160004
129.149994
137.830002
138.360001
138.559998
140.050003
140.639999
141.330002
142.809998
142.649994
141.630005
141.970001
142.710007
140.210007
139.740005
139.880005
140.190002
140.0
139.490005
140.75
140.169998
140.25
139.990005
140.399994
138.399994
135.289993
135.369995
133.100006
132.809998
131.679993
131.979996
131.100006
131.899994
131.869995
132.360001
133.479996
132.399994
132.880005
133.070007
133.649994
135.190002
135.350006
134.839996
136.25
136.839996
137.139999
136.869995
135.639999
137.210007
137.429993
136.529999
137.139999
136.899994
136.649994
136.179993
136.820007
135.160004
136.600006
138.889999
137.470001
137.919998
134.460007
134.110001
135.910004
138.149994
135.520004
135.330002
137.350006
137.899994
138.009995
139.970001
141.449997
141.899994
141.539993
141.139999
141.0
141.559998
142.639999
142.380005
142.059998
142.080002
142.130005
143.800003
145.339996
144.970001
144.490005
146.320007
144.740005
144.770004
144.360001
142.309998
142.139999
141.740005
141.850006
142.669998
142.860001
144.179993
143.960007
144.179993
143.660004
145.860001
145.649994
144.740005
145.5
145.770004
146.619995
147.970001
147.320007
148.619995
149.460007
151.330002
153.460007
151.449997
151.020004
151.360001
152.149994
153.639999
152.679993
152.509995
152.960007
152.410004
153.300003
154.889999
155.210007
153.860001
155.649994
156.550003
157.779999
151.789993
151.630005
153.910004
154.770004
155.789993
154.220001
157.220001
156.440002
154.539993
154.470001
156.190002
155.559998
155.229996
155.679993
155.850006
156.479996
156.190002
159.649994
161.130005
159.880005
159.350006
158.619995
158.5
158.929993
158.729996
158.580002
157.779999
158.720001
159.160004
162.009995
164.110001
164.210007
164.850006
163.509995
163.0
164.509995
162.289993
164.289993
164.399994
167.740005
168.669998
168.460007
167.550003
167.820007
170.440002
169.210007
168.5
167.899994
165.649994
163.419998
157.649994
160.869995
161.289993
152.75
157.059998
159.380005
159.360001
163.899994
169.309998
171.690002
173.570007
173.320007
172.100006
171.779999
172.669998
170.350006
166.860001
164.339996
168.839996
170.179993
169.460007
170.660004
171.470001
177.169998
177.330002
177.679993
177.289993
177.929993
178.589996
175.740005
178.149994
176.660004
174.830002
169.869995
174.529999
173.25
170.929993
173.350006
169.880005
170.470001
173.050003
171.830002
167.679993
169.389999
171.309998
171.589996
173.630005
171.990005
175.300003
181.0
181.190002
179.410004
decrease
