53.02
52.779999
53.209999
53.689999
54.07
54.919998
53.970001
53.779999
53.689999
53.279999
53.150002
53.439999
52.939999
52.540001
53.07
52.549999
52.290001
53.060001
52.880001
51.66
50.82
51.110001
51.669998
51.970001
52.169998
52.16
52.419998
53.279999
52.880001
53.880001
54.389999
54.139999
53.849998
54.0
53.669998
54.889999
55.09
55.860001
55.889999
55.810001
56.509998
56.939999
56.689999
56.209999
56.439999
56.849998
56.73
56.18
55.98
55.68
56.610001
56.98
56.75
56.130001
56.369999
57.240002
57.040001
57.209999
58.150002
58.150002
58.169998
57.630001
57.509998
56.919998
56.639999
56.75
56.900002
56.389999
57.490002
54.740002
54.98
55.330002
54.529999
53.66
53.93
54.299999
53.990002
53.41
52.209999
52.59
53.639999
53.43
54.400002
53.939999
54.290001
53.18
53.75
53.669998
53.889999
54.59
53.860001
53.200001
53.860001
53.869999
54.91
54.790001
54.880001
54.689999
54.779999
56.099998
56.02
56.150002
56.259998
56.23
57.049999
57.5
57.84
57.290001
56.049999
55.669998
55.900002
56.650002
56.869999
56.82
57.380001
57.389999
57.779999
57.709999
57.450001
57.029999
57.639999
57.389999
57.23
57.450001
57.720001
58.139999
58.02
57.610001
58.209999
58.25
58.669998
57.990002
58.0
57.950001
57.189999
57.27
57.720001
57.5
57.119999
55.810001
55.25
55.279999
54.93
54.849998
54.389999
54.330002
53.889999
54.07
54.209999
54.150002
54.709999
54.75
54.919998
55.040001
55.580002
55.52
56.610001
55.630001
56.880001
56.919998
56.799999
56.799999
56.91
57.32
56.630001
56.48
55.18
56.25
57.41
57.759998
57.970001
57.48
57.98
57.490002
57.650002
57.830002
57.939999
59.77
60.560001
61.580002
61.700001
62.130001
61.490002
61.619999
62.23
62.259998
61.23
61.490002
62.619999
63.5
63.459999
63.32
63.66
63.400002
64.75
65.080002
64.199997
62.860001
61.669998
62.169998
59.439999
59.57
59.25
56.049999
57.200001
57.880001
58.029999
58.380001
58.599998
58.939999
58.0
58.400002
58.310001
59.5
60.57
60.16
59.59
58.360001
58.470001
58.939999
57.700001
55.0
54.900002
55.240002
54.98
55.0
54.75
54.419998
54.57
53.220001
53.200001
53.529999
51.41
50.150002
52.369999
52.130001
52.380001
53.43
51.130001
52.509998
53.169998
53.43
52.169998
51.990002
52.509998
52.439999
52.59
53.220001
53.75
53.52
54.07
53.59
decrease
