25.17
24.389999
24.639999
24.549999
24.290001
24.120001
23.57
23.66
23.92
24.129999
23.969999
24.280001
24.129999
24.450001
24.540001
24.530001
24.450001
24.35
24.190001
23.9
24.17
24.309999
24.620001
24.309999
24.43
24.700001
24.690001
24.709999
24.93
25.15
25.209999
25.059999
24.24
23.709999
23.76
24.07
24.34
24.450001
24.52
24.370001
24.41
24.85
24.360001
24.200001
24.129999
24.25
24.700001
24.700001
25.01
24.700001
24.6
25.09
25.110001
24.83
24.75
24.82
24.57
24.51
24.57
24.690001
24.889999
24.9
24.83
25.440001
25.51
25.57
22.16
21.440001
21.35
21.610001
21.610001
21.74
21.700001
21.83
21.309999
21.549999
21.15
21.139999
20.780001
20.67
21.15
20.98
21.059999
20.65
20.51
20.59
20.9
19.58
19.99
20.200001
20.27
19.99
19.799999
20.139999
20.190001
20.209999
20.549999
20.120001
20.379999
20.32
20.049999
20.219999
20.190001
20.01
20.040001
20.049999
20.790001
20.85
21.280001
21.32
21.040001
21.26
20.67
20.790001
21.219999
20.879999
21.299999
21.34
21.120001
21.040001
20.99
20.549999
20.35
20.82
20.67
21.040001
21.23
20.799999
20.879999
20.629999
19.809999
19.5
20.17
19.67
19.309999
19.25
19.450001
18.93
18.93
19.09
18.540001
18.620001
18.780001
18.790001
18.67
18.639999
18.450001
18.66
19.049999
18.91
18.719999
18.719999
18.73
18.58
19.389999
20.049999
19.780001
20.09
20.68
20.57
20.33
20.190001
20.219999
20.200001
20.469999
20.15
20.18
20.459999
20.33
20.389999
20.15
20.23
20.389999
20.23
20.26
20.370001
20.16
20.25
19.76
20.17
20.190001
20.35
20.309999
20.9
21.459999
21.74
21.219999
21.58
21.6
21.35
21.959999
21.73
21.82
21.360001
21.91
21.76
21.700001
21.889999
21.77
21.290001
20.77
20.98
21.299999
21.34
21.74
21.91
22.219999
24.49
25.059999
25.33
24.700001
24.4
23.940001
24.24
24.5
23.780001
23.4
23.01
23.58
23.59
23.67
23.459999
23.65
23.93
23.73
23.440001
23.440001
23.559999
23.58
23.41
22.879999
22.91
22.23
22.030001
22.73
22.75
22.85
23.030001
22.67
22.709999
23.129999
23.290001
23.15
23.24
23.690001
23.23
23.299999
23.33
23.879999
24.35
24.1
24.65
decrease
