121.099998
120.550003
124.459999
125.75
125.110001
127.040001
126.32
126.620003
136.199997
135.360001
133.509995
133.740005
134.410004
134.309998
135.600006
138.179993
138.649994
142.649994
141.589996
135.639999
134.960007
135.970001
136.889999
138.440002
139.559998
137.990005
139.279999
139.779999
139.039993
140.639999
142.0
141.059998
143.970001
144.889999
145.660004
142.570007
138.759995
141.449997
140.369995
138.449997
140.270004
144.380005
142.059998
143.089996
143.570007
146.830002
148.029999
145.570007
146.490005
144.199997
145.100006
145.080002
148.369995
147.509995
150.630005
151.279999
150.669998
151.740005
152.020004
155.5
153.809998
149.789993
151.080002
151.440002
152.440002
155.630005
157.050003
157.300003
153.919998
154.050003
152.639999
166.389999
162.169998
159.619995
160.740005
162.600006
163.630005
165.330002
164.669998
163.929993
167.809998
168.570007
169.119995
165.050003
165.899994
165.210007
165.979996
165.649994
165.490005
167.399994
169.770004
169.809998
172.089996
175.789993
175.029999
171.919998
172.830002
173.410004
173.779999
177.100006
177.990005
179.199997
179.919998
180.229996
183.169998
184.220001
184.199997
183.199997
187.360001
181.020004
182.080002
184.229996
183.679993
185.059998
186.759995
187.490005
189.919998
191.130005
192.830002
193.979996
192.860001
194.630005
196.639999
198.100006
198.690002
200.979996
203.0
200.839996
202.550003
205.710007
209.460007
206.960007
208.75
208.300003
207.619995
212.910004
206.440002
207.339996
213.860001
219.25
221.429993
221.789993
218.720001
223.529999
224.690002
226.270004
227.110001
233.270004
237.229996
240.5
246.279999
239.479996
242.050003
240.649994
241.429993
228.130005
228.979996
224.130005
200.800003
202.979996
202.649994
207.330002
205.259995
206.649994
204.979996
205.059998
205.539993
208.059998
212.649994
213.139999
211.800003
211.929993
213.119995
213.179993
214.610001
215.25
214.130005
222.339996
233.240005
236.809998
242.339996
258.839996
256.200012
254.529999
258.329987
258.269989
260.290009
260.950012
260.75
263.049988
260.75
263.339996
255.729996
257.640015
259.73999
255.949997
252.770004
251.949997
252.080002
246.75
234.240005
242.539993
237.649994
226.979996
232.440002
239.399994
243.699997
252.460007
259.070007
239.360001
239.089996
247.949997
239.720001
242.169998
248.110001
245.649994
245.639999
243.960007
244.800003
235.979996
241.440002
242.759995
243.800003
249.279999
254.720001
255.550003
253.279999
249.190002
246.899994
247.419998
252.630005
251.080002
239.729996
231.410004
240.5
229.759995
225.779999
233.380005
224.919998
231.75
224.199997
228.990005
222.470001
222.899994
229.339996
229.770004
227.580002
230.360001
232.470001
235.639999
236.369995
231.089996
increase
