82.879997
82.25
82.75
82.650002
83.019997
83.68
84.279999
84.589996
85.339996
82.639999
82.199997
83.300003
83.639999
84.269997
83.800003
83.459999
82.889999
83.620003
83.190002
82.220001
83.089996
83.050003
83.540001
83.800003
84.220001
84.699997
86.019997
85.5
86.440002
87.129997
87.93
87.290001
87.089996
87.57
87.800003
86.150002
85.589996
86.730003
86.349998
86.629997
87.129997
87.870003
88.389999
89.779999
90.879997
91.080002
90.18
89.470001
90.589996
89.419998
89.5
88.230003
89.160004
87.860001
88.849998
88.269997
88.120003
88.910004
89.220001
89.379997
90.080002
90.07
90.959999
90.300003
91.150002
91.720001
90.519997
91.699997
91.589996
90.650002
90.550003
91.290001
91.620003
91.099998
90.419998
91.190002
90.669998
90.099998
87.57
88.910004
89.989998
91.529999
92.589996
91.699997
91.550003
93.080002
94.730003
94.110001
95.110001
98.82
95.550003
96.0
95.790001
96.029999
95.68
96.949997
96.25
96.739998
97.0
96.940002
97.519997
96.57
95.449997
94.470001
95.07
95.0
94.639999
94.220001
94.699997
94.949997
94.080002
95.209999
94.959999
95.07
95.0
95.099998
95.25
95.599998
95.699997
95.790001
96.199997
97.760002
98.449997
99.849998
99.330002
99.669998
100.93
101.82
103.029999
102.160004
102.330002
101.5
105.5
107.660004
107.169998
108.099998
108.43
107.300003
108.019997
108.559998
108.190002
104.720001
103.510002
104.050003
102.910004
103.480003
103.839996
104.440002
104.459999
103.900002
104.360001
103.949997
104.269997
102.550003
101.730003
101.309998
102.010002
102.269997
101.269997
101.0
101.010002
100.919998
101.349998
101.68
101.650002
102.220001
101.470001
102.059998
102.480003
101.260002
100.32
100.139999
99.379997
98.349998
98.540001
98.309998
97.900002
99.760002
99.519997
97.279999
98.559998
98.599998
98.540001
98.870003
99.860001
100.040001
99.93
100.220001
99.919998
103.0
102.839996
103.209999
103.5
104.580002
106.010002
105.580002
104.370003
102.190002
104.120003
100.540001
96.75
98.059998
98.209999
95.230003
96.050003
98.629997
100.059998
104.68
101.57
101.720001
100.260002
99.760002
98.379997
99.779999
99.970001
99.57
98.330002
97.199997
98.169998
99.690002
100.660004
101.93
103.25
105.599998
105.93
105.68
104.839996
105.339996
105.690002
104.760002
104.809998
104.110001
101.879997
99.720001
101.660004
100.059998
98.620003
98.110001
95.699997
95.720001
96.830002
97.0
94.849998
95.480003
96.610001
95.980003
96.120003
97.709999
98.040001
98.800003
99.25
98.07
decrease
