82.75
83.029999
84.190002
85.660004
88.68
89.25
88.75
88.779999
89.300003
89.099998
89.82
90.010002
89.400002
89.360001
88.519997
88.43
88.010002
88.529999
88.809998
87.709999
88.169998
89.239998
89.230003
89.029999
88.519997
89.309998
89.349998
89.190002
89.599998
89.599998
89.480003
89.349998
88.910004
88.129997
87.970001
88.110001
87.839996
89.669998
88.690002
89.860001
92.339996
92.589996
91.25
90.480003
90.720001
91.080002
90.93
90.510002
91.629997
90.370003
91.389999
91.440002
92.160004
92.120003
93.25
93.730003
92.910004
93.510002
92.849998
92.830002
93.07
92.459999
93.199997
92.18
91.669998
91.050003
90.470001
86.940002
87.779999
88.540001
87.879997
86.489998
87.150002
86.730003
88.18
88.099998
87.5
87.260002
84.980003
85.089996
85.910004
86.199997
86.739998
85.459999
85.18
85.129997
86.120003
84.400002
83.769997
84.629997
83.860001
84.279999
85.529999
85.389999
85.080002
84.779999
84.389999
85.059998
87.459999
88.519997
90.010002
90.370003
90.019997
89.440002
90.510002
90.459999
89.300003
89.239998
88.919998
88.849998
88.75
88.050003
88.18
89.169998
89.959999
90.139999
90.459999
90.889999
92.050003
92.059998
91.379997
91.43
91.379997
91.32
91.300003
91.099998
91.220001
91.080002
93.510002
93.760002
95.610001
91.32
90.660004
91.150002
88.879997
88.599998
87.529999
87.599998
86.25
86.150002
85.559998
85.68
84.410004
84.959999
84.760002
84.699997
83.360001
85.260002
85.120003
84.730003
85.279999
84.589996
84.230003
84.730003
86.650002
86.07
87.620003
86.209999
85.120003
84.580002
86.260002
86.300003
87.610001
87.82
86.379997
87.129997
86.029999
86.75
86.639999
86.739998
87.209999
90.379997
89.769997
89.209999
89.110001
89.230003
89.190002
88.75
89.949997
90.389999
89.709999
90.419998
90.889999
90.980003
91.989998
91.099998
90.260002
90.18
90.330002
90.93
89.839996
91.769997
91.980003
91.57
93.82
93.870003
92.529999
94.629997
96.599998
95.239998
90.529999
91.75
91.190002
87.599998
89.160004
90.910004
90.260002
90.389999
92.010002
91.029999
90.040001
90.010002
90.309998
90.150002
90.650002
90.080002
88.800003
85.870003
86.290001
86.220001
86.989998
87.230003
87.480003
89.629997
88.080002
88.239998
88.32
90.220001
89.480003
88.519997
88.959999
88.989998
86.080002
83.860001
86.169998
85.0
83.949997
85.510002
83.150002
84.480003
85.040001
85.870003
83.190002
82.760002
84.419998
83.589996
84.300003
84.129997
84.989998
86.059998
86.360001
84.489998
decrease
