36.52
36.34
36.470001
36.540001
36.099998
34.860001
34.759998
35.189999
35.330002
34.689999
34.75
35.259998
34.900002
34.799999
35.080002
34.860001
34.57
34.669998
34.950001
35.259998
35.41
34.98
34.810001
34.720001
34.799999
35.080002
35.169998
35.040001
34.919998
34.990002
35.259998
34.810001
35.0
33.689999
33.450001
33.310001
34.299999
34.209999
34.189999
34.619999
34.209999
34.720001
34.810001
34.049999
34.119999
34.52
34.75
34.27
34.720001
34.189999
34.360001
34.880001
34.52
34.07
34.43
33.459999
33.34
33.990002
33.939999
34.779999
34.740002
34.68
34.950001
34.689999
35.0
34.889999
34.860001
34.959999
34.759998
35.189999
36.43
36.869999
36.919998
37.400002
37.0
37.119999
37.18
38.310001
37.830002
37.130001
37.630001
37.389999
37.490002
37.130001
36.889999
37.580002
37.73
38.389999
38.529999
38.470001
39.060001
39.240002
39.509998
39.419998
39.439999
39.560001
39.240002
39.869999
40.040001
40.380001
40.139999
39.709999
39.150002
39.470001
39.419998
39.84
39.720001
39.77
40.130001
40.080002
39.360001
38.130001
38.779999
38.900002
39.25
38.950001
39.02
39.009998
38.119999
38.32
38.799999
38.939999
39.810001
39.860001
39.810001
40.110001
40.790001
40.959999
40.919998
40.060001
39.900002
39.810001
39.66
40.0
40.110001
40.0
39.810001
39.889999
40.119999
40.639999
40.599998
40.77
40.630001
40.66
40.990002
41.0
40.529999
40.82
40.77
40.919998
41.349998
41.139999
41.439999
40.5
40.68
40.52
40.869999
40.75
40.529999
40.349998
40.07
39.990002
40.119999
40.700001
37.799999
38.34
37.959999
37.68
37.939999
37.950001
37.18
37.150002
37.66
37.66
37.450001
37.98
37.73
37.610001
37.099998
36.919998
36.799999
37.040001
36.830002
36.549999
36.580002
36.220001
36.23
36.330002
35.299999
35.490002
35.810001
36.349998
35.77
35.82
35.759998
34.080002
33.93
35.029999
34.619999
33.66
32.73
33.110001
33.18
32.07
33.099998
33.299999
33.540001
33.189999
33.720001
33.169998
32.119999
31.469999
31.58
31.959999
31.950001
31.049999
31.459999
31.629999
31.549999
32.099998
32.389999
32.709999
32.709999
33.25
33.009998
33.220001
32.98
32.889999
32.52
31.459999
31.73
31.610001
31.639999
30.889999
31.27
31.9
32.709999
32.860001
32.369999
32.82
33.299999
33.77
33.529999
33.32
33.459999
33.540001
33.16
33.349998
33.610001
34.23
34.52
33.759998
decrease
