271.483337
271.143341
274.059998
275.746674
278.006653
278.853333
278.623322
279.856659
281.589996
281.776672
282.406677
283.513336
280.263336
281.056671
281.019989
281.643341
281.23999
283.556671
286.48999
283.660004
286.660004
290.109985
297.34668
299.013336
299.956665
302.523346
303.453339
304.809998
304.893341
306.359985
308.230011
307.33667
308.119995
310.666656
309.950012
305.446655
301.09668
302.743347
301.943329
299.646667
304.946655
312.383331
313.453339
317.756653
318.053345
316.313324
313.480011
312.003326
315.436676
310.166656
311.790009
307.220001
312.696655
311.600006
314.756653
315.75
314.16333
316.113342
312.84668
317.25
316.029999
315.549988
322.263336
323.910004
309.156677
316.390015
314.973328
314.636658
310.616669
313.733337
312.753326
313.656677
310.98999
311.386658
310.356659
312.209991
311.459991
314.483337
309.793335
314.083344
321.519989
328.456665
329.633331
324.366669
328.103333
327.566681
332.200012
328.890015
330.193329
326.209991
328.666656
329.133331
332.013336
334.890015
335.583344
340.480011
340.790009
345.48999
347.529999
348.493347
348.333344
347.626678
346.833344
346.01001
348.763336
348.48999
348.790009
343.40332
343.839996
339.113342
338.880005
341.359985
341.959991
348.626678
353.493347
357.963348
361.633331
363.226654
361.470001
354.609985
354.98999
360.290009
362.529999
362.290009
353.549988
355.0
354.369995
357.459991
369.579987
373.519989
371.48999
372.420013
372.359985
373.779999
376.089996
375.359985
376.040009
379.75
384.25
384.829987
391.040009
392.339996
390.0
389.149994
392.119995
390.970001
389.690002
393.799988
392.480011
393.029999
398.48999
396.589996
398.149994
403.700012
402.230011
394.299988
399.779999
396.660004
369.950012
369.5
379.040009
383.779999
379.609985
373.549988
370.48999
371.079987
360.559998
369.869995
371.899994
367.350006
367.209991
361.329987
363.160004
365.829987
368.089996
368.869995
364.940002
375.25
383.820007
376.920013
379.01001
391.859985
397.600006
423.76001
421.369995
419.040009
420.070007
431.100006
432.070007
433.230011
433.940002
439.549988
437.480011
449.809998
440.23999
436.339996
427.839996
431.670013
425.920013
416.959991
399.01001
408.329987
399.529999
381.869995
392.910004
398.51001
402.0
409.890015
418.559998
415.980011
421.76001
416.559998
419.790009
427.51001
432.0
430.980011
426.450012
412.130005
417.390015
424.25
426.5
430.459991
432.359985
440.459991
438.950012
440.220001
440.769989
441.950012
435.859985
426.859985
430.190002
424.98999
413.899994
399.149994
415.119995
405.220001
402.390015
412.829987
400.890015
403.470001
401.920013
406.119995
396.549988
405.649994
418.700012
412.119995
415.049988
414.630005
418.380005
435.450012
471.029999
462.709991
decrease
