112.959999
112.580002
113.419998
113.209999
113.870003
113.989998
114.089996
114.300003
114.330002
113.440002
112.919998
113.220001
113.32
113.690002
113.099998
112.660004
113.25
114.010002
113.830002
111.309998
112.410004
113.410004
113.839996
113.629997
116.110001
117.879997
117.720001
118.480003
119.599998
120.57
120.870003
120.580002
120.279999
119.709999
120.349998
118.709999
119.440002
120.769997
121.720001
122.650002
122.309998
123.690002
122.989998
123.220001
123.0
123.980003
123.589996
122.879997
124.610001
123.559998
123.510002
124.099998
125.199997
124.360001
125.370003
126.220001
126.080002
127.0
126.160004
126.830002
126.849998
127.150002
128.850006
127.440002
128.259995
128.460007
128.470001
129.529999
128.229996
128.029999
128.320007
128.220001
126.809998
127.559998
126.940002
126.25
122.300003
120.099998
117.110001
116.919998
117.82
117.18
119.080002
120.32
119.510002
118.75
119.269997
118.720001
118.739998
118.75
118.839996
118.080002
120.290001
120.589996
120.790001
120.220001
121.339996
122.589996
124.370003
125.400002
126.010002
125.790001
122.239998
121.260002
122.629997
123.440002
124.419998
123.379997
124.18
123.699997
124.099998
123.370003
123.370003
124.410004
124.57
124.559998
122.919998
122.75
122.389999
123.489998
123.75
123.989998
123.580002
124.239998
123.949997
122.18
122.269997
123.239998
125.279999
124.779999
123.019997
124.07
124.75
125.150002
124.379997
125.309998
125.599998
120.339996
118.660004
118.550003
117.75
118.809998
117.339996
117.480003
116.32
117.639999
117.300003
118.970001
116.900002
116.620003
117.190002
115.989998
116.389999
118.32
119.489998
119.309998
120.889999
119.949997
121.25
121.519997
119.480003
120.230003
120.709999
120.010002
120.650002
121.330002
120.050003
122.510002
124.43
123.449997
123.660004
123.019997
123.589996
123.089996
123.970001
123.889999
123.150002
124.849998
125.190002
127.300003
129.339996
130.309998
128.949997
128.160004
129.610001
130.130005
130.039993
132.130005
134.0
137.350006
138.449997
139.210007
140.190002
140.119995
142.139999
139.669998
139.039993
138.740005
138.830002
135.190002
128.25
124.019997
119.449997
114.260002
115.489998
118.239998
118.849998
120.459999
117.93
118.040001
115.970001
114.099998
115.540001
116.989998
117.959999
115.93
113.410004
113.769997
116.650002
119.379997
120.959999
122.959999
120.550003
122.809998
124.080002
124.330002
123.209999
123.150002
124.019997
123.400002
124.169998
122.849998
119.419998
117.690002
119.550003
117.610001
116.809998
117.620003
116.059998
116.790001
117.970001
118.760002
116.290001
116.269997
117.309998
116.32
116.639999
115.059998
116.690002
117.839996
118.139999
118.879997
decrease
