134.580002
134.869995
139.759995
139.259995
139.139999
139.419998
138.089996
137.649994
137.220001
137.949997
138.270004
139.600006
139.539993
138.949997
138.300003
138.0
137.380005
137.690002
137.720001
134.779999
135.350006
137.0
137.860001
138.779999
139.520004
140.5
140.369995
141.100006
141.220001
143.339996
143.610001
144.020004
142.979996
144.570007
144.589996
144.800003
144.720001
146.419998
146.740005
148.210007
148.630005
150.179993
149.600006
146.610001
146.190002
145.779999
145.339996
142.270004
143.630005
141.619995
143.25
144.110001
145.479996
144.350006
146.059998
146.240005
145.820007
146.240005
144.699997
145.699997
146.210007
146.639999
147.679993
147.119995
147.289993
141.979996
141.649994
140.070007
140.820007
140.830002
140.710007
139.910004
141.770004
141.429993
142.880005
141.669998
141.339996
140.729996
137.470001
138.360001
139.050003
139.089996
140.029999
136.190002
135.669998
135.600006
137.869995
136.479996
135.869995
136.809998
136.529999
136.850006
136.940002
137.509995
137.720001
136.449997
136.899994
138.130005
140.039993
141.520004
142.850006
143.0
145.070007
145.639999
146.940002
148.0
147.759995
147.339996
147.399994
147.070007
147.089996
147.759995
147.199997
147.960007
150.160004
149.789993
150.009995
151.5
151.630005
151.699997
151.619995
151.440002
153.229996
152.820007
153.410004
153.070007
153.759995
153.479996
155.029999
155.509995
158.419998
157.539993
157.5
159.059998
157.350006
156.520004
155.119995
156.979996
157.300003
157.990005
157.830002
157.649994
156.350006
157.139999
157.610001
158.539993
155.850006
157.919998
157.139999
158.850006
159.460007
159.619995
159.839996
160.820007
164.479996
165.880005
169.25
164.869995
166.220001
165.020004
166.300003
166.490005
166.490005
165.029999
163.880005
163.820007
162.649994
165.169998
166.059998
167.460007
168.550003
168.259995
167.130005
167.100006
167.130005
166.710007
166.850006
165.270004
165.960007
166.149994
166.029999
167.570007
168.860001
167.309998
169.0
170.520004
169.220001
171.020004
170.320007
172.419998
173.389999
173.059998
173.759995
174.759995
178.880005
176.899994
175.190002
173.669998
173.080002
170.380005
161.119995
164.139999
163.440002
156.149994
160.130005
161.419998
161.850006
162.470001
163.360001
162.550003
161.339996
161.259995
163.320007
163.960007
165.449997
163.240005
161.440002
158.440002
158.559998
159.679993
161.649994
163.0
166.25
170.300003
169.199997
169.929993
169.339996
170.179993
170.960007
167.630005
167.800003
168.220001
162.75
156.910004
160.009995
155.639999
153.860001
156.660004
152.860001
155.360001
158.029999
158.720001
152.600006
152.589996
156.259995
154.5
155.740005
155.020004
156.360001
157.970001
159.399994
159.089996
decrease
