31.52
31.280001
32.029999
32.169998
32.439999
33.119999
32.939999
32.689999
32.610001
32.669998
32.41
32.380001
32.349998
32.560001
32.389999
32.150002
32.119999
32.220001
32.18
30.66
31.24
31.620001
31.85
31.25
31.18
31.950001
32.0
31.620001
31.700001
32.919998
32.93
33.34
33.41
33.41
33.880001
34.32
34.450001
34.490002
34.68
34.580002
34.610001
35.400002
35.07
34.799999
34.990002
34.970001
35.009998
34.77
35.310001
35.0
35.189999
35.509998
35.5
35.16
35.919998
36.470001
35.720001
36.110001
35.900002
36.110001
36.169998
35.939999
36.200001
36.139999
36.049999
36.27
36.529999
36.439999
34.599998
34.360001
34.77
35.200001
34.630001
34.529999
34.57
34.759998
34.610001
34.57
33.540001
33.990002
34.0
33.82
33.66
32.77
32.860001
32.880001
33.25
32.869999
32.580002
32.77
32.450001
32.23
32.439999
32.779999
33.119999
32.259998
32.049999
31.75
31.690001
32.099998
32.509998
32.73
32.790001
33.080002
33.439999
33.509998
33.450001
33.560001
34.200001
34.23
34.09
34.400002
34.279999
35.040001
35.529999
35.759998
35.59
35.799999
35.77
35.73
36.080002
36.290001
36.290001
36.150002
36.32
36.189999
36.790001
36.880001
37.34
37.259998
37.41
36.84
37.150002
36.889999
36.040001
35.790001
35.759998
36.16
36.049999
35.869999
35.610001
35.689999
35.5
35.150002
34.52
34.470001
34.48
34.57
34.98
35.459999
35.630001
35.23
35.09
35.200001
36.0
36.099998
36.169998
36.209999
36.880001
36.630001
37.09
37.34
37.669998
37.389999
37.169998
36.959999
36.290001
36.560001
36.810001
36.610001
36.52
36.610001
36.639999
36.599998
36.540001
36.77
36.540001
36.349998
36.529999
36.830002
37.279999
36.84
37.200001
36.82
37.299999
37.860001
37.200001
38.080002
37.860001
38.130001
37.869999
37.610001
37.610001
37.59
38.400002
37.48
36.68
36.130001
36.029999
35.16
33.169998
33.610001
33.459999
31.92
32.439999
32.52
32.509998
33.169998
33.189999
33.919998
33.209999
33.220001
32.939999
33.189999
33.84
33.02
32.540001
31.809999
32.209999
32.669998
33.119999
33.34
33.900002
34.52
34.52
34.110001
33.27
32.919998
33.200001
32.639999
32.529999
32.939999
31.450001
30.719999
32.130001
31.360001
31.48
32.009998
30.84
31.309999
31.719999
31.780001
30.700001
30.65
31.27
30.6
30.82
30.530001
30.85
31.129999
31.110001
31.219999
decrease
