89.769997
90.949997
92.360001
92.129997
90.760002
91.050003
89.660004
88.610001
89.650002
89.269997
88.550003
88.730003
87.879997
87.610001
86.690002
86.07
85.870003
85.900002
85.980003
83.519997
84.029999
84.139999
84.25
85.07
84.550003
84.989998
84.540001
85.940002
85.379997
86.019997
85.980003
86.5
86.239998
87.919998
88.199997
88.459999
89.779999
90.57
89.870003
90.290001
89.580002
89.690002
87.589996
86.589996
86.459999
86.779999
87.480003
87.699997
91.379997
90.889999
91.379997
93.220001
93.25
92.25
93.650002
92.730003
91.470001
91.949997
91.260002
91.849998
93.529999
92.010002
91.699997
91.529999
91.559998
91.540001
93.360001
93.599998
90.849998
90.370003
90.709999
89.510002
89.639999
89.290001
90.529999
90.660004
90.910004
92.169998
92.099998
94.699997
96.309998
97.379997
97.300003
96.889999
96.629997
97.349998
97.900002
97.089996
96.559998
97.660004
99.120003
100.059998
99.779999
98.889999
99.349998
98.610001
99.089996
100.739998
101.839996
101.5
101.589996
100.589996
99.830002
101.57
102.760002
102.669998
104.260002
104.669998
105.75
104.93
107.080002
108.879997
108.900002
111.080002
108.989998
109.07
108.660004
106.870003
106.730003
105.910004
106.169998
105.68
108.349998
104.010002
101.639999
102.43
104.449997
104.790001
106.580002
107.410004
106.309998
106.230003
108.879997
109.610001
105.260002
106.389999
106.18
107.379997
107.220001
107.839996
106.650002
104.360001
102.0
101.849998
102.580002
102.470001
101.540001
102.980003
101.440002
101.720001
103.220001
104.010002
104.160004
103.639999
106.029999
108.639999
111.139999
109.010002
110.199997
109.279999
110.410004
111.599998
112.510002
111.300003
111.239998
111.870003
111.389999
112.370003
112.830002
112.739998
112.75
112.720001
114.529999
114.919998
115.470001
115.239998
114.980003
116.089996
116.870003
116.889999
116.269997
118.029999
120.309998
120.110001
120.93
121.059998
120.639999
120.650002
121.449997
123.610001
125.389999
125.589996
125.650002
123.989998
125.029999
121.760002
120.720001
120.830002
120.790001
118.169998
114.629997
115.93
117.949997
114.809998
115.110001
115.879997
118.330002
120.0
120.730003
120.580002
118.199997
119.0
119.709999
121.110001
123.18
120.620003
118.57
118.540001
120.330002
117.410004
118.57
118.900002
118.699997
121.800003
120.82
121.989998
119.809998
119.769997
120.300003
120.190002
120.769997
120.589996
118.82
118.0
120.18
114.959999
114.919998
117.150002
115.360001
117.169998
115.379997
113.800003
109.93
109.209999
111.43
113.089996
114.18
112.769997
119.75
119.169998
121.339996
121.269997
decrease
