41.73
42.040001
42.91
43.200001
43.049999
42.16
41.57
41.509998
41.459999
41.610001
41.470001
41.970001
42.02
42.009998
42.41
41.91
42.040001
42.450001
42.07
41.330002
41.77
42.599998
42.639999
41.98
42.02
42.16
42.029999
41.98
41.759998
42.18
42.25
42.040001
41.259998
41.16
41.27
42.07
41.470001
41.919998
41.860001
41.939999
41.860001
42.540001
42.009998
41.450001
41.82
41.82
42.310001
42.150002
42.880001
42.549999
43.360001
43.25
43.57
43.049999
43.16
43.380001
43.080002
43.400002
43.549999
43.869999
44.09
44.0
44.150002
44.110001
44.189999
44.0
44.18
43.32
40.139999
39.639999
38.950001
38.75
39.369999
39.459999
39.169998
39.779999
39.610001
39.450001
38.889999
38.669998
38.650002
37.830002
37.549999
36.889999
37.049999
38.27
38.619999
38.560001
38.59
38.830002
38.84
38.75
39.139999
39.59
39.889999
40.0
39.619999
39.209999
39.16
39.400002
40.0
39.900002
40.099998
39.810001
39.57
39.040001
39.75
39.98
39.889999
40.119999
40.939999
40.450001
40.060001
40.290001
40.450001
40.470001
40.950001
41.200001
41.07
40.599998
41.490002
41.349998
41.389999
41.689999
41.75
41.200001
40.66
41.240002
41.619999
41.610001
41.959999
41.200001
42.169998
42.41
42.139999
41.389999
41.200001
40.650002
40.68
41.09
40.990002
41.0
38.509998
36.93
36.0
35.889999
35.73
36.139999
36.389999
36.060001
36.0
36.790001
36.91
37.09
38.419998
38.09
37.639999
37.419998
37.43
37.130001
37.240002
37.360001
37.41
37.709999
38.25
37.66
37.41
37.259998
37.509998
37.459999
37.650002
38.0
38.110001
37.900002
37.919998
38.18
38.110001
38.23
38.959999
39.849998
38.419998
38.939999
38.75
39.060001
39.560001
39.799999
40.169998
39.529999
39.290001
38.900002
39.200001
40.470001
40.599998
40.790001
41.43
40.459999
39.84
39.130001
39.810001
39.529999
37.52
37.619999
37.599998
36.549999
36.290001
37.41
37.389999
37.509998
38.189999
38.419998
37.869999
37.849998
37.98
38.82
38.740002
38.02
36.869999
35.900002
36.27
36.919998
37.389999
37.07
37.630001
38.540001
38.700001
38.880001
37.220001
37.049999
36.700001
36.41
35.849998
36.330002
35.5
34.330002
34.939999
34.32
34.290001
35.240002
33.93
34.43
35.0
34.599998
33.639999
33.259998
33.720001
34.299999
34.209999
34.080002
34.700001
34.290001
34.439999
34.009998
increase
