53.68
53.540001
54.66
55.110001
55.400002
55.720001
54.919998
54.52
55.150002
54.580002
54.779999
54.66
54.709999
55.919998
54.560001
54.560001
52.75
52.82
52.599998
51.709999
51.400002
53.009998
52.880001
53.18
52.939999
52.59
52.66
52.630001
52.419998
53.209999
53.200001
52.310001
52.09
52.0
52.91
54.950001
55.009998
55.0
54.59
53.799999
53.82
54.200001
53.450001
52.490002
52.66
52.810001
53.549999
53.529999
54.209999
53.560001
54.389999
55.150002
54.860001
54.169998
54.82
54.779999
54.599998
54.68
54.240002
54.369999
54.5
52.400002
53.43
52.540001
52.299999
52.169998
52.990002
52.799999
53.060001
52.389999
52.720001
53.25
53.349998
52.669998
52.48
52.310001
54.119999
54.220001
52.68
52.580002
52.73
51.57
51.049999
50.25
49.849998
49.580002
50.869999
51.330002
51.330002
51.939999
52.23
53.169998
53.75
54.490002
55.130001
54.380001
54.490002
54.439999
54.630001
54.889999
55.93
55.98
55.790001
55.950001
56.759998
56.849998
57.720001
57.41
57.540001
58.259998
58.299999
58.34
58.169998
58.27
58.790001
58.439999
58.599998
58.790001
58.959999
58.380001
58.360001
58.009998
58.52
58.549999
59.0
58.23
58.169998
58.299999
58.82
58.34
58.59
58.080002
58.73
58.709999
58.459999
58.209999
58.290001
58.740002
59.290001
61.110001
60.93
61.119999
60.279999
60.029999
59.82
57.939999
57.349998
58.43
58.630001
59.34
64.860001
64.779999
63.290001
63.32
64.559998
64.830002
65.629997
65.459999
66.690002
66.459999
67.690002
67.690002
68.510002
68.379997
68.389999
68.160004
66.129997
66.190002
66.739998
66.389999
66.389999
66.480003
66.279999
66.050003
66.279999
66.57
65.959999
66.870003
67.099998
67.790001
68.139999
67.959999
67.709999
67.809998
69.5
69.559998
69.419998
69.580002
69.389999
69.949997
70.230003
69.879997
70.239998
69.860001
69.949997
71.050003
69.699997
69.459999
70.019997
67.120003
63.150002
64.139999
66.010002
62.82
62.23
63.09
62.27
63.66
63.709999
63.189999
62.470001
62.060001
62.599998
62.349998
63.009998
61.740002
61.060001
59.34
60.040001
60.110001
60.200001
60.189999
59.610001
60.799999
60.43
60.110001
59.779999
59.939999
60.950001
59.91
60.130001
60.529999
57.66
55.57
57.779999
56.23
56.869999
59.150002
57.720001
58.549999
60.18
59.869999
58.009998
58.32
59.439999
59.52
59.459999
59.27
59.720001
60.240002
60.560001
60.5
decrease
