121.870003
121.760002
122.889999
123.43
123.510002
123.739998
123.470001
123.339996
123.699997
123.330002
123.949997
123.510002
123.25
123.209999
122.809998
123.199997
123.639999
126.989998
127.769997
126.669998
126.970001
127.0
127.260002
127.519997
127.510002
127.529999
126.919998
127.110001
128.25
128.779999
130.080002
130.360001
130.830002
130.75
130.550003
131.529999
131.820007
132.020004
132.770004
133.039993
134.350006
134.070007
134.220001
134.910004
136.050003
136.429993
136.339996
135.009995
133.820007
132.639999
132.289993
132.899994
133.639999
132.520004
132.539993
131.550003
131.229996
132.229996
131.860001
132.600006
132.149994
134.460007
135.210007
136.570007
135.309998
133.009995
131.880005
130.949997
130.830002
131.850006
132.720001
132.509995
132.160004
133.350006
133.179993
132.860001
132.270004
133.229996
133.089996
133.100006
133.479996
133.380005
134.169998
133.039993
132.630005
133.449997
134.699997
132.800003
132.889999
131.679993
131.740005
132.210007
131.070007
132.369995
131.029999
129.899994
130.669998
132.190002
130.979996
133.210007
132.630005
132.449997
134.179993
134.449997
135.380005
135.220001
133.220001
131.75
131.389999
131.169998
130.940002
129.75
129.470001
130.009995
131.220001
132.100006
132.889999
133.190002
133.220001
133.449997
133.899994
136.649994
136.830002
136.429993
136.119995
140.789993
140.679993
142.039993
142.399994
143.619995
141.639999
142.360001
141.809998
141.779999
140.0
139.410004
139.979996
139.929993
140.080002
139.759995
139.770004
141.320007
140.350006
139.559998
139.759995
139.490005
139.100006
138.869995
138.0
137.929993
138.339996
137.289993
138.009995
138.100006
140.020004
139.809998
139.330002
139.979996
139.009995
139.669998
141.059998
140.009995
140.589996
141.139999
142.600006
142.889999
141.649994
142.460007
141.800003
141.779999
141.160004
141.059998
140.119995
140.089996
140.570007
140.559998
139.720001
139.229996
140.559998
140.550003
141.710007
141.889999
144.139999
143.970001
144.789993
145.759995
146.860001
146.979996
146.919998
147.360001
148.139999
141.830002
142.070007
144.399994
145.330002
143.679993
142.429993
138.190002
140.020004
137.679993
130.389999
131.830002
131.419998
126.360001
129.529999
130.270004
129.960007
129.669998
131.229996
133.149994
130.869995
129.910004
129.910004
132.020004
132.070007
131.669998
129.880005
127.279999
128.820007
129.789993
128.220001
129.039993
132.059998
133.800003
132.630005
134.350006
132.320007
133.059998
133.679993
130.240005
131.210007
131.190002
127.379997
125.099998
127.389999
127.209999
127.449997
128.149994
124.559998
128.350006
130.410004
130.710007
128.100006
129.479996
130.25
129.630005
130.429993
130.619995
131.759995
130.539993
127.720001
127.550003
decrease
