27.799999
27.780001
28.27
27.780001
29.459999
29.99
30.07
30.6
30.889999
30.299999
30.5
30.549999
30.49
30.68
30.85
30.559999
30.59
30.610001
30.59
29.76
29.59
29.530001
29.629999
29.450001
29.34
29.440001
29.32
29.299999
29.33
30.08
30.030001
30.16
30.059999
29.190001
29.49
28.610001
28.860001
29.200001
28.709999
28.860001
28.67
29.190001
28.77
28.860001
28.360001
28.290001
28.110001
27.940001
28.17
27.82
27.879999
27.74
28.18
27.790001
28.450001
29.200001
29.110001
29.17
29.09
29.01
29.129999
28.860001
29.370001
29.219999
29.43
29.459999
29.959999
28.059999
27.809999
27.77
27.950001
28.27
28.219999
28.34
28.139999
28.290001
28.25
28.33
27.440001
27.41
27.92
27.530001
27.75
27.16
27.16
27.139999
27.57
27.33
27.440001
27.540001
27.530001
27.43
27.639999
27.73
27.68
27.17
27.5
27.02
26.620001
26.98
27.530001
27.6
27.559999
27.799999
27.709999
27.620001
27.690001
27.709999
27.99
27.860001
27.84
28.110001
27.709999
27.83
28.379999
28.540001
28.690001
28.450001
28.43
27.32
27.309999
26.860001
25.469999
25.82
26.040001
26.110001
26.08
25.82
26.030001
25.76
26.16
24.559999
24.860001
25.200001
24.92
24.83
24.860001
24.4
24.549999
24.74
24.5
24.790001
25.35
25.0
25.360001
26.43
25.950001
26.190001
26.299999
26.969999
26.98
27.01
27.34
27.379999
28.190001
29.610001
27.76
28.379999
27.959999
27.610001
27.959999
28.42
28.379999
28.389999
28.92
29.110001
28.799999
28.4
28.6
28.440001
28.5
28.68
28.860001
28.860001
28.879999
28.870001
28.5
28.700001
28.809999
28.790001
28.51
28.780001
28.629999
28.4
28.76
28.889999
28.610001
28.67
27.66
27.85
28.360001
28.129999
27.969999
27.67
28.190001
28.48
28.32
26.15
26.549999
26.26
25.200001
25.540001
25.389999
24.66
25.440001
25.799999
26.190001
26.17
26.91
26.35
26.23
25.889999
26.030001
26.120001
26.190001
26.1
25.66
25.17
25.6
25.84
25.940001
25.870001
26.040001
26.43
26.34
26.41
26.200001
26.23
26.290001
25.26
25.42
25.299999
24.790001
24.120001
24.6
24.25
24.049999
24.33
24.07
24.1
24.15
24.35
24.09
24.1
24.66
24.690001
24.85
24.85
24.99
25.41
24.379999
24.440001
decrease
