85.550003
84.519997
87.5
88.260002
88.43
87.610001
87.0
87.059998
86.5
87.0
87.099998
87.0
87.099998
86.75
87.43
87.160004
86.919998
87.339996
87.610001
84.269997
83.959999
84.779999
84.699997
85.760002
85.709999
85.349998
85.360001
83.900002
82.150002
83.059998
82.639999
82.790001
82.959999
83.910004
84.949997
86.959999
86.980003
87.269997
87.089996
86.57
86.18
88.07
87.519997
87.120003
87.019997
86.860001
87.239998
88.050003
89.82
91.150002
91.400002
92.75
93.68
93.379997
93.849998
93.190002
92.830002
92.510002
93.099998
92.25
91.389999
91.07
91.199997
91.199997
90.889999
91.279999
92.800003
91.93
91.550003
91.279999
91.800003
93.029999
93.110001
92.5
93.660004
94.019997
93.68
93.529999
92.190002
91.419998
92.489998
92.730003
92.089996
90.650002
90.739998
90.629997
91.559998
91.669998
91.519997
91.889999
91.599998
91.099998
91.309998
90.889999
91.699997
89.510002
90.110001
88.529999
88.419998
89.790001
90.889999
91.150002
90.970001
91.620003
92.919998
93.940002
94.599998
95.029999
94.830002
94.120003
93.699997
95.18
95.379997
95.510002
96.839996
97.349998
96.360001
97.089996
96.919998
96.410004
97.129997
96.839996
95.989998
95.860001
97.839996
97.620003
97.989998
98.110001
99.510002
99.339996
100.919998
101.019997
101.739998
101.769997
101.410004
100.610001
100.919998
101.589996
101.410004
100.779999
98.75
97.639999
97.629997
97.510002
97.860001
97.269997
98.190002
98.470001
98.139999
99.010002
98.93
98.639999
98.32
97.93
101.360001
103.730003
104.519997
104.790001
106.949997
105.720001
104.93
104.620003
105.93
105.620003
106.849998
105.510002
104.660004
106.139999
106.959999
106.510002
106.139999
107.830002
107.449997
107.019997
107.220001
107.790001
106.940002
107.949997
108.059998
109.040001
108.339996
108.5
109.050003
110.25
110.839996
112.669998
112.269997
112.989998
113.260002
113.010002
114.330002
114.209999
115.669998
115.699997
116.32
116.199997
115.110001
115.669998
116.870003
114.279999
108.800003
112.110001
112.870003
107.879997
110.040001
111.739998
112.43
115.029999
115.510002
114.68
114.709999
115.190002
114.980003
117.309998
118.769997
117.360001
115.5
113.43
113.32
115.059998
115.160004
114.730003
114.739998
118.040001
117.660004
116.25
114.949997
115.239998
115.440002
114.529999
114.639999
114.739998
109.949997
107.010002
110.309998
108.169998
108.0
109.970001
107.849998
109.330002
110.989998
111.879997
109.089996
110.400002
112.510002
110.620003
113.370003
110.300003
110.209999
110.209999
109.32
111.720001
decrease
