47.869999
47.619999
47.23
47.150002
47.68
48.299999
48.27
47.349998
48.639999
49.639999
49.139999
49.009998
48.700001
49.349998
50.009998
46.209999
41.200001
41.400002
40.639999
40.810001
40.66
40.77
42.040001
41.549999
41.290001
41.799999
42.470001
42.439999
41.799999
42.880001
42.470001
41.650002
40.139999
40.48
44.630001
47.16
46.470001
46.380001
47.32
47.0
47.5
48.060001
46.16
46.080002
47.48
48.0
47.799999
47.669998
47.68
47.560001
47.830002
48.41
48.119999
47.380001
47.540001
46.220001
46.450001
46.610001
47.330002
46.849998
47.41
46.27
46.939999
47.099998
47.439999
46.900002
48.09
47.860001
48.970001
48.560001
48.57
48.939999
46.490002
46.849998
46.810001
47.490002
47.41
46.880001
44.869999
44.900002
45.360001
44.66
44.580002
44.439999
44.330002
43.77
44.52
44.599998
43.82
45.34
45.060001
44.540001
44.290001
44.619999
46.439999
46.200001
46.720001
46.209999
46.099998
44.720001
45.049999
47.740002
46.740002
46.740002
46.639999
46.220001
46.220001
46.279999
46.880001
47.32
47.529999
47.439999
47.400002
47.150002
44.18
44.200001
44.25
44.799999
44.310001
43.540001
43.380001
42.919998
42.59
42.650002
40.400002
41.450001
42.009998
41.73
42.150002
41.77
41.610001
41.52
42.209999
40.970001
40.0
39.650002
39.939999
39.349998
38.5
39.259998
38.310001
38.299999
40.029999
40.029999
38.720001
39.16
39.189999
39.970001
40.860001
41.439999
41.299999
41.16
40.959999
41.34
42.669998
45.759998
45.450001
45.5
47.259998
46.150002
45.32
44.98
45.779999
45.84
45.740002
46.27
44.959999
45.490002
46.630001
46.509998
46.84
47.5
47.540001
48.470001
47.93
47.709999
47.380001
49.119999
48.650002
48.060001
48.25
48.27
47.889999
49.200001
50.09
51.82
50.18
50.970001
51.220001
52.0
52.82
52.0
50.619999
49.5
50.400002
50.889999
49.41
49.310001
49.23
47.849998
46.639999
48.259998
49.299999
47.23
47.889999
48.369999
49.169998
50.360001
51.240002
51.5
50.490002
50.060001
50.27
53.560001
52.400002
51.029999
51.310001
50.48
53.040001
51.900002
52.490002
51.049999
50.130001
49.990002
49.849998
50.330002
49.48
48.919998
49.32
49.360001
49.349998
47.700001
46.869999
46.360001
47.130001
47.369999
47.900002
48.41
47.529999
48.200001
49.419998
50.07
48.029999
48.029999
49.470001
49.009998
48.369999
47.389999
47.849998
47.150002
47.279999
46.720001
increase
