72.790001
72.419998
72.769997
72.349998
71.489998
70.959999
71.0
70.150002
69.029999
68.940002
70.400002
70.690002
72.699997
70.849998
71.050003
70.690002
70.830002
71.019997
70.349998
70.529999
70.080002
71.029999
71.309998
71.610001
72.519997
72.68
72.620003
71.68
71.599998
72.940002
72.970001
72.949997
72.839996
73.129997
72.25
72.660004
73.080002
73.300003
73.489998
73.099998
71.879997
71.760002
71.089996
70.480003
70.410004
70.559998
70.989998
69.339996
69.529999
68.690002
69.459999
68.760002
67.699997
66.550003
66.519997
65.870003
65.339996
65.739998
66.019997
66.379997
66.75
66.260002
66.349998
66.75
67.220001
66.830002
67.57
67.309998
67.68
67.650002
68.0
67.459999
67.440002
70.360001
69.620003
70.110001
69.220001
69.040001
68.75
68.809998
69.860001
69.809998
70.07
70.099998
69.949997
70.199997
70.0
69.910004
67.910004
67.709999
66.779999
66.300003
66.050003
65.459999
65.449997
66.400002
67.839996
67.75
68.449997
68.769997
68.489998
67.980003
67.620003
68.32
68.610001
65.870003
64.720001
63.919998
63.360001
64.029999
63.419998
63.040001
62.810001
62.369999
62.720001
62.02
62.419998
62.700001
62.400002
61.040001
61.470001
61.25
62.389999
61.959999
61.91
61.740002
61.790001
61.700001
61.450001
61.48
61.200001
60.48
60.549999
60.259998
58.869999
62.529999
63.009998
62.380001
61.959999
60.200001
60.84
62.82
63.279999
64.699997
63.759998
65.18
63.740002
65.279999
65.360001
65.559998
64.349998
64.709999
64.93
65.07
65.940002
66.800003
66.160004
65.989998
67.540001
67.970001
68.129997
67.269997
66.529999
66.550003
65.949997
65.830002
65.050003
64.989998
65.639999
65.470001
66.870003
67.650002
68.099998
68.150002
68.290001
68.029999
67.980003
67.970001
67.650002
68.730003
68.940002
69.169998
68.779999
67.019997
65.980003
64.690002
65.940002
66.510002
65.800003
66.620003
67.169998
66.93
67.300003
67.910004
68.330002
67.760002
67.940002
68.110001
68.32
65.449997
64.129997
65.160004
64.209999
65.980003
67.330002
67.07
67.489998
67.739998
69.82
69.660004
69.68
68.309998
68.260002
68.540001
68.949997
67.129997
66.199997
66.910004
67.68
69.199997
69.900002
69.300003
69.639999
70.25
69.830002
69.639999
69.0
66.989998
66.440002
66.43
66.32
63.68
63.369999
62.950001
64.129997
64.379997
63.900002
65.010002
63.119999
63.369999
64.93
64.559998
64.239998
64.480003
63.619999
63.349998
62.610001
63.060001
63.830002
63.790001
63.41
62.200001
decrease
