18.209999
18.15
18.549999
18.620001
18.68
18.370001
18.24
18.549999
18.48
18.860001
18.9
18.73
18.67
18.469999
18.5
18.24
18.209999
18.41
18.540001
17.65
17.68
17.73
17.709999
18.049999
18.07
18.139999
17.99
17.83
17.469999
17.66
17.41
17.49
17.49
17.799999
18.200001
18.620001
18.58
18.67
18.799999
18.68
18.540001
18.790001
18.57
18.389999
18.200001
17.9
18.120001
18.200001
18.379999
18.73
18.74
19.02
19.200001
19.0
19.219999
19.290001
19.24
19.15
19.370001
19.209999
19.139999
18.950001
19.07
18.370001
18.02
18.299999
18.48
18.030001
18.059999
17.91
18.040001
18.110001
18.07
18.030001
18.4
18.32
18.35
18.120001
17.620001
17.52
17.91
17.91
17.98
17.790001
17.59
17.41
17.620001
17.68
17.639999
17.59
17.389999
17.25
17.280001
17.209999
17.360001
16.790001
16.91
16.469999
16.620001
17.030001
17.459999
17.860001
17.879999
17.92
18.09
18.120001
18.15
18.25
18.32
18.27
18.34
18.67
18.66
18.82
18.9
18.74
18.57
18.77
18.690001
18.57
18.65
18.440001
18.24
18.190001
18.43
18.190001
18.58
18.25
18.49
18.450001
18.459999
18.32
18.52
18.370001
18.23
18.25
18.280001
18.440001
18.51
18.58
18.1
17.93
17.85
17.639999
17.92
18.25
18.139999
18.129999
18.309999
18.459999
18.280001
18.16
18.139999
18.01
18.48
19.01
18.98
19.129999
19.629999
19.33
19.379999
19.74
19.889999
19.73
20.0
19.700001
19.52
19.76
20.16
20.120001
20.09
20.43
20.440001
20.33
20.24
20.35
20.17
20.17
20.24
20.32
20.33
20.280001
20.74
21.01
21.190001
21.42
21.32
21.26
20.82
21.16
21.389999
21.610001
21.73
21.67
21.83
21.799999
21.43
21.4
21.93
21.76
20.610001
21.01
21.129999
20.08
20.389999
20.59
20.549999
21.17
20.950001
21.02
20.950001
21.049999
20.530001
20.969999
21.18
21.16
21.129999
21.0
21.34
21.450001
21.700001
21.969999
21.809999
22.15
21.799999
21.360001
20.92
20.91
20.959999
20.92
20.93
20.969999
20.02
19.040001
19.93
19.27
19.27
19.549999
19.030001
19.440001
19.67
19.74
19.09
19.190001
19.629999
19.459999
19.85
19.24
19.34
18.959999
18.870001
19.549999
increase
