92.040001
91.599998
92.559998
92.290001
90.919998
90.830002
90.389999
89.470001
89.0
89.139999
89.699997
89.629997
89.480003
89.199997
89.330002
89.279999
88.949997
89.449997
89.110001
89.510002
90.160004
90.279999
91.18
91.870003
92.589996
92.809998
92.989998
92.459999
92.199997
92.730003
93.540001
93.440002
93.209999
93.769997
92.57
90.830002
91.25
91.589996
91.459999
91.650002
89.410004
89.849998
89.279999
89.400002
89.099998
88.849998
88.940002
87.510002
87.82
85.760002
85.639999
84.470001
83.790001
82.82
83.040001
82.769997
83.75
84.699997
84.849998
85.650002
85.599998
85.599998
85.690002
85.900002
86.160004
86.220001
87.419998
87.660004
88.190002
87.639999
87.459999
86.669998
86.870003
86.510002
86.660004
87.019997
86.160004
86.459999
85.889999
86.470001
87.019997
86.739998
86.5
85.110001
84.489998
84.550003
85.050003
84.75
82.800003
82.599998
82.139999
81.440002
81.93
80.75
80.849998
81.150002
81.330002
81.459999
81.720001
82.550003
82.18
81.910004
81.279999
81.43
81.400002
80.830002
79.870003
79.010002
77.519997
78.419998
78.589996
78.230003
77.970001
77.550003
77.849998
77.82
77.769997
78.25
78.18
77.330002
78.139999
78.190002
78.150002
77.739998
77.650002
77.540001
77.099998
76.470001
76.709999
77.059998
77.220001
77.330002
77.300003
77.300003
75.269997
77.330002
77.699997
78.029999
78.0
77.0
78.18
79.580002
79.410004
79.720001
79.849998
79.379997
78.779999
79.68
79.629997
79.93
80.010002
79.82
79.760002
79.610001
78.980003
81.089996
81.370003
81.209999
81.919998
80.639999
80.489998
79.360001
78.480003
78.370003
78.949997
79.279999
78.980003
79.540001
79.370003
78.519997
77.379997
77.879997
78.239998
78.110001
77.980003
77.919998
77.760002
77.019997
77.010002
77.910004
77.839996
78.480003
78.620003
77.889999
77.129997
77.349998
78.639999
80.07
79.269997
79.660004
80.169998
80.269997
79.860001
79.669998
79.389999
78.419998
78.5
78.389999
78.57
77.190002
74.260002
74.309998
73.550003
71.580002
71.379997
71.809998
71.709999
71.919998
72.709999
70.800003
68.690002
67.470001
67.639999
69.019997
69.739998
67.870003
67.050003
66.889999
67.169998
67.43
67.769997
67.459999
66.989998
67.230003
67.699997
67.370003
66.580002
65.459999
65.360001
63.950001
63.18
61.990002
60.529999
60.029999
61.650002
60.700001
61.369999
62.290001
60.060001
60.240002
61.380001
61.310001
60.540001
60.650002
61.25
61.540001
60.939999
60.919998
61.189999
61.689999
60.790001
59.73
decrease
