22.6
22.23
21.58
21.709999
21.139999
20.67
20.290001
20.43
20.719999
20.110001
19.959999
19.940001
19.43
19.52
19.639999
19.23
18.92
18.940001
18.15
18.219999
18.209999
18.549999
18.200001
18.030001
18.309999
18.360001
18.030001
17.49
17.540001
17.84
17.6
17.299999
17.9
18.42
18.200001
18.549999
19.290001
19.440001
19.26
19.549999
18.49
17.870001
17.6
17.52
17.85
17.99
18.469999
18.690001
18.799999
18.76
18.35
19.0
17.85
17.959999
18.43
18.23
18.309999
18.370001
18.73
18.950001
18.93
19.040001
19.07
19.040001
18.889999
18.92
19.67
19.74
21.02
20.41
20.18
20.610001
20.040001
19.93
20.32
20.459999
20.469999
20.5
20.459999
19.99
20.09
19.67
19.68
19.530001
19.34
19.709999
19.540001
19.790001
19.6
19.85
19.389999
19.290001
19.440001
19.620001
19.809999
19.799999
20.190001
20.58
20.17
20.299999
20.01
19.860001
20.5
20.549999
20.030001
19.67
19.49
19.26
19.18
19.58
20.16
19.41
19.48
19.549999
19.360001
19.110001
19.219999
19.290001
19.110001
19.16
19.459999
19.42
19.280001
19.459999
19.26
19.26
19.18
19.07
18.77
18.870001
18.73
18.49
18.33
18.360001
18.43
18.16
18.549999
18.959999
18.57
18.620001
18.82
18.93
19.07
19.15
18.950001
18.92
19.1
19.299999
19.35
18.99
18.74
18.780001
18.799999
18.190001
18.299999
18.469999
18.52
18.5
19.09
18.48
18.040001
18.16
18.290001
18.110001
18.41
18.41
18.360001
18.469999
18.85
18.309999
18.030001
17.950001
18.02
18.25
18.25
18.370001
18.15
18.120001
18.0
17.68
17.700001
17.799999
17.219999
17.129999
17.01
16.76
16.549999
16.6
16.469999
16.41
16.58
16.6
16.33
16.190001
15.99
15.93
15.6
15.91
15.36
14.87
14.66
14.67
14.52
14.01
14.18
14.32
14.34
14.26
14.67
15.2
15.25
14.68
14.99
15.26
15.49
14.85
14.96
15.16
15.29
15.14
14.96
15.21
15.14
14.48
14.69
14.68
14.59
14.44
14.54
14.25
14.17
14.14
14.2
14.01
14.19
14.13
14.53
14.4
13.99
14.27
14.57
14.66
14.33
14.27
14.31
14.33
14.01
13.99
13.95
14.02
13.95
13.6
decrease
