98.510002
98.370003
100.830002
101.709999
100.800003
103.589996
98.220001
99.169998
99.720001
99.449997
100.809998
100.940002
100.5
100.809998
100.760002
100.260002
100.040001
101.25
102.330002
99.879997
100.849998
101.779999
102.709999
102.489998
103.279999
104.849998
104.739998
104.540001
104.0
104.75
105.879997
106.400002
107.800003
108.669998
108.93
101.980003
101.139999
101.419998
98.550003
97.07
97.699997
101.019997
97.580002
98.010002
96.669998
97.949997
96.019997
93.870003
95.739998
92.510002
91.510002
91.550003
92.290001
92.480003
94.57
95.629997
96.93
97.699997
97.599998
99.639999
99.129997
99.830002
101.389999
101.699997
99.889999
100.209999
99.120003
100.860001
99.93
94.400002
92.629997
92.629997
90.010002
88.959999
88.830002
92.010002
90.68
91.480003
88.139999
90.339996
91.5
91.019997
91.879997
89.769997
90.260002
89.010002
91.699997
91.449997
90.300003
90.480003
91.540001
92.389999
93.529999
93.690002
94.080002
93.660004
94.5
95.32
94.349998
97.169998
97.949997
96.739998
97.459999
98.639999
100.910004
102.010002
99.660004
99.519997
100.589996
99.010002
99.169998
104.169998
104.919998
106.0
104.949997
102.839996
103.0
101.669998
102.470001
103.949997
104.449997
104.589996
104.82
105.300003
107.330002
108.010002
108.089996
108.050003
108.339996
107.800003
107.690002
106.709999
108.849998
108.07
107.349998
108.889999
105.150002
106.379997
106.300003
105.510002
107.5
107.080002
102.400002
102.440002
101.93
102.150002
102.949997
104.769997
101.650002
102.510002
104.730003
104.470001
105.040001
104.389999
107.160004
100.349998
102.239998
103.870003
100.879997
102.639999
102.739998
104.580002
103.980003
103.849998
103.059998
103.870003
104.419998
105.629997
111.220001
111.620003
112.449997
108.620003
109.32
107.650002
107.279999
107.849998
105.07
106.129997
107.370003
107.559998
109.860001
110.160004
109.199997
106.279999
106.239998
107.290001
107.660004
113.489998
114.650002
115.019997
114.589996
116.010002
114.93
113.089996
113.440002
112.129997
109.410004
109.800003
111.150002
106.519997
101.199997
105.230003
102.660004
98.540001
100.900002
103.910004
104.209999
107.470001
108.870003
107.519997
110.550003
109.669998
108.910004
110.470001
114.669998
113.459999
113.309998
111.209999
113.010002
113.830002
116.07
117.449997
117.0
121.150002
122.389999
120.480003
120.440002
120.809998
120.620003
115.980003
117.190002
118.059998
112.919998
108.18
113.360001
107.809998
106.57
109.010002
105.330002
107.57
109.25
108.709999
104.07
103.790001
108.57
106.639999
109.120003
107.589996
108.849998
110.620003
108.239998
102.290001
decrease
