131.229996
129.960007
130.399994
132.820007
130.130005
130.0
129.75
129.559998
126.739998
126.769997
128.190002
128.589996
128.320007
128.210007
129.149994
128.110001
127.989998
128.0
127.419998
127.959999
126.720001
127.199997
127.080002
126.800003
128.029999
129.399994
129.509995
128.970001
129.729996
129.990005
130.639999
130.800003
130.960007
130.199997
128.050003
128.770004
128.820007
129.369995
130.369995
130.820007
130.210007
132.779999
132.970001
131.830002
131.75
132.300003
133.520004
131.460007
131.5
129.0
129.110001
128.429993
128.660004
126.379997
126.800003
127.010002
125.809998
124.699997
123.900002
124.510002
124.690002
124.57
123.949997
123.709999
125.279999
123.809998
124.68
122.239998
124.209999
122.449997
123.160004
121.690002
121.360001
121.68
121.32
121.419998
121.440002
121.610001
121.07
120.639999
121.690002
122.230003
122.330002
122.279999
121.389999
122.68
122.43
122.269997
120.989998
121.519997
122.370003
122.379997
122.300003
123.290001
123.209999
122.910004
120.309998
119.610001
118.129997
119.599998
120.599998
119.980003
120.830002
121.099998
121.870003
121.760002
120.160004
118.120003
117.519997
117.489998
117.68
116.510002
116.959999
117.68
116.970001
115.580002
117.190002
117.470001
115.389999
115.489998
116.449997
117.839996
117.559998
118.559998
118.220001
118.279999
117.300003
115.550003
113.440002
112.529999
112.040001
112.400002
113.589996
112.410004
111.269997
112.510002
112.050003
111.550003
110.790001
109.870003
111.93
113.230003
113.290001
114.139999
115.410004
114.550003
113.43
114.900002
114.32
115.349998
117.0
116.050003
116.480003
116.760002
117.379997
119.139999
119.760002
120.510002
123.110001
122.849998
122.160004
119.760002
120.110001
118.489998
116.400002
117.389999
117.25
118.510002
119.650002
120.57
120.449997
120.279999
120.660004
121.309998
121.879997
120.230003
120.660004
119.07
117.080002
118.43
118.169998
119.43
116.800003
114.959999
112.699997
112.980003
114.260002
116.660004
115.339996
115.489998
116.910004
117.839996
119.709999
123.440002
122.230003
119.709999
118.5
117.0
117.900002
116.209999
111.879997
114.139999
112.360001
111.690002
111.440002
113.669998
112.660004
112.730003
115.82
116.099998
114.449997
111.940002
112.809998
113.650002
114.459999
112.339996
110.919998
111.5
112.550003
113.18
113.050003
111.760002
112.050003
111.940002
113.059998
112.959999
111.080002
110.940002
112.019997
111.089996
110.120003
108.400002
107.480003
104.739998
105.559998
107.5
109.459999
110.129997
107.089996
107.879997
109.290001
109.410004
108.599998
108.360001
108.470001
107.790001
106.160004
105.839996
106.809998
106.599998
106.529999
103.339996
decrease
