20.719999
20.27
20.629999
20.9
20.92
20.620001
20.629999
20.540001
20.450001
20.280001
19.76
20.190001
20.15
19.9
20.190001
20.110001
19.91
19.9
19.799999
19.5
19.450001
19.52
19.51
19.52
19.370001
19.42
19.25
18.42
18.76
18.99
18.950001
18.959999
18.799999
18.68
18.76
19.08
19.129999
19.23
18.959999
18.809999
19.190001
19.059999
18.52
18.51
18.58
18.790001
18.879999
18.91
19.02
19.040001
19.16
19.52
19.309999
19.129999
19.17
19.08
19.219999
19.41
19.33
19.540001
19.549999
19.5
19.67
20.559999
20.690001
20.33
20.25
20.34
20.469999
20.4
20.43
20.35
20.33
20.23
20.200001
20.15
19.75
19.75
19.389999
19.07
19.030001
18.85
18.709999
18.4
18.549999
18.549999
18.790001
19.01
19.049999
19.17
19.01
19.02
19.07
19.33
19.360001
19.35
19.33
19.139999
19.139999
19.440001
19.360001
19.440001
19.34
19.360001
19.389999
19.559999
19.77
19.32
19.27
19.690001
19.52
19.33
19.309999
19.18
19.1
18.85
18.82
19.1
19.02
19.030001
18.950001
19.049999
18.879999
18.76
18.809999
18.68
18.58
18.65
18.42
18.120001
18.27
17.959999
18.0
18.030001
18.1
18.110001
18.129999
17.799999
17.74
18.08
18.040001
18.0
17.91
17.67
17.459999
17.43
17.030001
16.83
17.01
17.059999
16.870001
17.1
17.190001
16.959999
17.030001
16.76
17.23
17.41
17.25
17.139999
17.110001
17.360001
17.790001
17.959999
17.75
17.85
17.84
17.93
18.0
17.92
17.76
18.07
18.049999
18.110001
18.120001
18.309999
18.07
18.799999
18.959999
19.01
18.950001
18.860001
18.940001
18.879999
19.200001
19.52
19.389999
19.57
19.01
19.01
19.629999
19.450001
19.139999
18.82
18.77
18.709999
18.23
17.98
18.059999
17.5
16.809999
17.33
17.290001
16.799999
17.24
17.299999
17.389999
17.450001
17.309999
17.059999
17.0
16.75
16.66
17.01
16.92
16.639999
16.200001
16.209999
16.1
16.209999
16.110001
16.049999
16.01
16.33
16.549999
16.5
16.42
16.309999
16.41
16.0
15.61
15.91
15.36
15.01
15.13
15.09
14.81
15.06
14.9
15.01
15.16
15.5
15.17
15.1
15.61
15.35
15.34
15.33
15.68
16.02
16.17
16.540001
decrease
