58.799999
58.310001
59.689999
58.740002
59.959999
60.080002
58.5
58.150002
57.880001
58.52
58.709999
59.709999
60.279999
60.279999
59.93
59.279999
59.389999
61.139999
61.66
60.02
63.709999
64.75
65.029999
64.489998
64.510002
64.690002
64.720001
63.540001
62.830002
63.93
63.599998
62.59
61.639999
62.470001
60.759998
59.610001
60.799999
61.630001
61.830002
61.549999
60.689999
61.650002
59.259998
59.740002
62.5
61.709999
63.380001
63.099998
62.09
62.259998
63.060001
63.740002
63.369999
63.509998
63.950001
64.199997
63.669998
64.199997
65.029999
64.419998
65.029999
64.739998
64.830002
64.379997
66.089996
65.699997
66.18
66.730003
66.480003
66.790001
66.25
66.650002
65.720001
65.540001
65.720001
65.830002
64.870003
65.230003
63.93
64.419998
64.919998
64.459999
64.82
63.970001
63.970001
64.139999
63.849998
64.050003
63.73
64.389999
63.48
63.560001
65.989998
67.150002
68.120003
69.019997
69.080002
68.339996
68.470001
68.5
68.349998
69.089996
69.459999
68.080002
68.339996
68.459999
68.669998
68.839996
74.190002
74.290001
73.589996
75.349998
75.93
75.809998
76.589996
76.330002
76.449997
76.370003
76.809998
76.18
76.230003
76.059998
75.699997
75.440002
75.459999
75.370003
75.260002
74.839996
75.139999
74.389999
74.779999
74.169998
74.860001
74.360001
74.949997
75.099998
74.459999
75.980003
75.190002
74.910004
73.419998
73.440002
72.18
72.68
72.349998
70.940002
70.720001
70.550003
69.449997
69.620003
68.75
67.989998
68.050003
67.870003
67.459999
68.5
68.910004
68.379997
70.709999
67.720001
66.550003
66.970001
67.480003
67.970001
66.860001
67.470001
67.089996
67.730003
68.519997
67.849998
68.470001
66.0
65.230003
65.550003
64.910004
64.809998
64.129997
64.760002
66.940002
68.25
71.040001
70.050003
69.800003
70.300003
71.910004
72.330002
71.330002
69.839996
70.540001
70.580002
71.489998
70.540001
70.949997
71.540001
72.419998
72.360001
71.82
71.370003
70.809998
68.75
64.82
65.32
65.400002
64.339996
64.489998
65.660004
63.389999
63.779999
64.330002
64.43
63.310001
60.98
61.040001
62.759998
62.889999
62.040001
61.919998
60.060001
59.970001
60.459999
61.490002
60.720001
60.759998
62.43
62.5
62.619999
62.799999
62.169998
62.869999
62.490002
61.93
61.509998
60.0
59.360001
60.59
59.75
60.639999
61.939999
59.919998
59.959999
62.73
62.240002
60.299999
58.77
60.82
60.5
61.0
61.720001
62.0
62.970001
63.27
62.57
decrease
