43.09
43.07
43.279999
43.110001
43.240002
43.009998
43.150002
43.220001
43.389999
43.32
43.66
43.689999
43.889999
43.509998
43.57
43.669998
43.59
43.73
43.849998
43.93
43.799999
43.900002
44.18
44.389999
45.029999
45.41
45.389999
45.43
45.470001
45.790001
45.889999
45.990002
45.98
45.509998
45.130001
45.32
45.330002
45.029999
45.299999
45.25
45.310001
45.380001
45.610001
45.220001
45.07
45.25
45.43
45.049999
45.32
44.830002
44.849998
44.759998
44.82
44.400002
44.389999
44.380001
44.330002
44.509998
44.43
44.68
44.73
44.669998
44.830002
44.82
45.029999
44.84
45.240002
45.740002
46.119999
46.009998
45.84
45.700001
45.59
45.669998
45.5
45.639999
45.599998
45.59
45.740002
45.59
45.799999
46.189999
46.200001
45.860001
45.669998
45.68
45.599998
45.540001
45.41
45.57
45.419998
45.450001
45.389999
45.549999
45.779999
45.919998
45.959999
46.279999
46.299999
46.52
46.720001
46.869999
46.110001
46.18
46.110001
45.98
45.779999
45.400002
45.490002
45.689999
45.57
44.639999
44.91
45.009998
44.799999
45.189999
45.5
45.52
45.490002
45.41
45.869999
46.099998
46.110001
46.18
46.619999
46.52
46.400002
46.59
46.380001
46.32
46.18
46.049999
46.23
46.07
45.860001
45.98
45.799999
45.880001
45.970001
45.470001
45.939999
46.18
46.23
46.540001
46.720001
47.43
46.810001
46.549999
45.709999
45.459999
45.779999
45.84
45.880001
45.900002
45.830002
45.5
45.77
45.970001
46.23
46.259998
46.450001
45.779999
45.310001
45.330002
45.290001
45.900002
46.029999
46.189999
45.93
46.130001
46.080002
45.599998
45.59
45.810001
45.93
45.720001
45.880001
45.540001
45.439999
46.080002
46.07
46.0
46.23
46.07
46.040001
46.150002
46.529999
46.82
46.880001
47.16
47.380001
47.450001
47.830002
47.84
48.529999
47.700001
47.41
47.59
47.450001
46.73
44.889999
44.669998
44.560001
43.099998
43.130001
43.970001
44.189999
44.099998
44.779999
44.98
43.990002
43.34
43.52
44.040001
44.029999
43.619999
43.220001
43.43
43.720001
43.889999
43.93
43.82
44.450001
44.82
44.529999
44.57
43.779999
43.669998
43.459999
43.259998
43.16
43.0
42.759998
42.330002
42.689999
42.889999
43.32
43.43
42.669998
43.380001
44.240002
44.400002
43.919998
43.830002
43.990002
43.990002
44.029999
44.509998
44.68
44.880001
44.509998
44.310001
decrease
