37.580002
36.759998
36.650002
37.470001
38.049999
38.009998
37.330002
36.720001
37.900002
37.18
37.509998
38.099998
38.240002
38.650002
38.23
37.18
36.740002
36.470001
35.950001
35.82
35.450001
36.41
36.869999
36.970001
36.75
36.630001
36.759998
36.27
33.18
33.080002
33.049999
34.490002
34.619999
34.209999
35.09
35.700001
35.400002
34.77
34.560001
34.68
34.599998
34.939999
34.540001
34.52
34.830002
35.34
35.66
35.75
35.98
35.700001
36.25
36.25
36.41
35.490002
36.040001
35.889999
33.25
33.290001
33.459999
34.029999
34.509998
34.200001
34.73
35.02
35.18
34.91
34.93
35.5
36.200001
36.549999
36.439999
36.759998
36.349998
36.450001
36.799999
37.23
45.25
45.779999
45.16
44.689999
45.02
44.029999
44.029999
43.349998
41.959999
41.950001
41.799999
41.66
41.790001
42.290001
42.459999
42.32
42.07
42.220001
42.810001
42.450001
42.650002
42.369999
42.150002
42.689999
42.57
42.919998
44.419998
44.919998
44.650002
46.18
46.110001
45.919998
46.16
45.869999
47.029999
48.549999
47.709999
47.849998
48.169998
47.599998
47.529999
47.610001
47.48
47.299999
47.560001
47.0
47.650002
47.77
48.619999
48.990002
49.130001
48.84
49.950001
49.439999
49.799999
49.73
49.759998
49.02
48.799999
48.810001
48.48
47.93
47.619999
54.619999
54.639999
53.950001
54.529999
54.709999
54.09
54.889999
55.18
55.759998
56.290001
56.150002
56.330002
56.610001
56.610001
56.610001
57.869999
58.650002
58.439999
57.98
58.790001
59.810001
59.849998
59.950001
61.810001
61.040001
61.119999
61.099998
61.41
61.650002
63.189999
63.360001
63.720001
64.029999
63.400002
63.98
63.59
63.549999
62.950001
64.029999
63.799999
64.080002
63.919998
64.800003
63.82
63.919998
64.440002
65.239998
63.84
64.629997
65.010002
65.860001
65.699997
66.959999
67.269997
67.040001
68.139999
67.199997
66.919998
66.0
65.93
65.269997
64.050003
65.440002
66.110001
60.029999
59.799999
60.889999
62.380001
63.380001
64.730003
63.900002
63.970001
63.610001
63.77
64.720001
64.900002
63.619999
62.93
63.240002
61.869999
61.91
62.07
61.669998
60.709999
61.400002
61.41
62.279999
61.099998
60.84
61.549999
61.75
62.639999
63.259998
62.099998
61.150002
62.720001
61.509998
61.209999
62.080002
61.939999
62.830002
64.309998
66.019997
64.860001
64.269997
65.230003
65.099998
66.080002
65.379997
65.5
66.839996
65.540001
65.709999
decrease
