29.709999
29.950001
30.139999
29.84
29.860001
30.15
29.65
29.02
28.82
29.4
29.219999
29.35
28.92
29.049999
30.040001
30.43
29.52
29.139999
28.82
28.6
29.09
29.23
29.280001
29.120001
29.129999
29.24
29.450001
29.76
29.780001
30.25
30.129999
30.09
29.809999
29.709999
30.200001
30.780001
30.030001
30.32
30.280001
24.559999
22.290001
22.639999
22.379999
22.370001
22.559999
22.6
22.610001
22.77
23.35
23.24
23.32
23.549999
23.23
23.129999
23.16
22.610001
22.629999
22.799999
22.92
23.01
22.870001
22.549999
22.940001
23.26
23.26
23.23
23.68
23.719999
23.950001
24.280001
24.52
24.6
24.629999
24.059999
24.129999
24.370001
24.129999
23.940001
23.57
23.49
23.58
23.110001
23.09
22.860001
22.860001
22.610001
22.940001
22.959999
21.1
21.74
21.719999
21.809999
22.200001
21.870001
22.42
22.43
22.549999
22.77
21.059999
21.34
21.58
21.73
21.26
21.57
21.440001
21.129999
20.799999
20.219999
20.15
19.940001
20.190001
20.23
20.26
20.059999
19.959999
20.559999
20.530001
20.700001
20.629999
20.290001
20.530001
20.780001
21.0
21.299999
20.440001
20.48
20.67
20.889999
21.02
21.35
21.469999
21.129999
20.82
20.57
20.639999
20.700001
20.9
21.18
21.5
21.33
21.309999
21.85
21.950001
22.08
22.139999
22.02
21.610001
22.280001
23.41
23.200001
22.780001
23.139999
22.98
23.18
23.559999
24.379999
25.860001
25.67
26.879999
26.219999
26.41
26.530001
26.68
26.58
26.33
26.690001
25.9
26.450001
27.0
26.950001
27.32
27.549999
28.25
27.799999
27.709999
27.65
27.450001
28.299999
27.85
26.98
27.32
27.969999
27.77
27.99
28.08
28.139999
28.25
28.67
29.059999
29.719999
29.629999
29.309999
29.48
30.26
30.879999
31.34
30.83
30.360001
30.209999
29.34
28.469999
29.07
28.9
27.57
27.66
27.200001
28.120001
28.4
28.790001
28.690001
27.49
27.41
27.219999
27.42
27.85
27.27
27.120001
27.459999
27.35
27.99
28.01
26.23
22.98
24.08
23.99
24.01
23.440001
23.629999
23.690001
23.16
23.41
23.450001
23.389999
23.280001
23.870001
23.469999
23.620001
23.940001
23.280001
23.59
24.08
23.809999
23.77
23.540001
23.459999
23.48
23.6
23.73
24.17
24.23
24.58
24.18
decrease
