40.759998
40.07
39.709999
39.380001
39.52
39.880001
39.029999
38.009998
39.16
39.919998
39.349998
40.119999
39.290001
39.82
40.32
37.16
36.490002
36.970001
36.82
37.09
37.049999
37.439999
38.02
37.790001
37.93
38.869999
38.73
38.790001
38.43
39.43
38.98
37.919998
35.73
36.150002
35.32
37.869999
38.099998
38.040001
37.66
37.279999
37.380001
37.529999
36.029999
35.560001
36.299999
37.029999
37.52
38.41
38.43
37.970001
38.669998
39.59
39.310001
38.290001
38.240002
36.630001
36.91
37.150002
38.93
38.810001
39.869999
39.709999
39.73
39.990002
40.459999
39.360001
39.970001
40.25
41.52
41.240002
41.349998
41.560001
41.09
42.009998
41.889999
42.720001
42.82
41.93
39.5
38.639999
38.689999
38.130001
37.889999
37.110001
37.279999
37.34
38.16
38.279999
38.450001
39.220001
39.549999
39.150002
39.709999
39.779999
40.099998
40.389999
42.369999
42.400002
42.0
43.380001
43.709999
44.009998
44.43
45.130001
44.889999
45.380001
45.0
44.939999
46.07
46.209999
46.27
46.34
45.939999
45.650002
44.619999
44.459999
43.84
44.27
43.34
42.990002
43.259998
43.220001
42.32
42.139999
42.860001
43.299999
43.630001
43.860001
44.490002
44.16
43.959999
43.790001
44.639999
42.580002
41.5
41.759998
41.900002
42.240002
42.029999
42.619999
40.689999
40.790001
41.169998
43.040001
41.18
42.200001
42.27
42.25
43.720001
44.32
44.209999
44.630001
45.09
45.209999
46.009998
47.700001
47.970001
48.049999
50.150002
48.259998
48.139999
48.880001
49.779999
50.459999
50.290001
50.720001
49.779999
51.349998
53.279999
52.880001
53.130001
53.470001
53.66
56.869999
55.290001
54.68
54.23
56.349998
55.66
54.68
54.360001
56.900002
57.02
58.84
61.119999
63.869999
63.400002
64.589996
64.849998
67.540001
68.169998
68.830002
67.699997
66.790001
68.360001
67.949997
65.879997
64.769997
65.089996
63.470001
61.139999
62.75
62.919998
60.34
61.470001
61.119999
62.900002
64.57
65.150002
65.610001
64.370003
63.439999
64.75
66.470001
67.099998
65.0
66.089996
62.75
66.5
66.089996
66.82
65.18
62.189999
62.970001
63.029999
64.110001
62.25
61.490002
63.130001
63.549999
64.160004
63.740002
63.009998
61.98
63.77
62.799999
64.559998
65.510002
62.68
63.66
65.510002
66.910004
64.0
63.43
63.639999
63.380001
63.060001
61.34
62.07
61.77
61.189999
60.119999
decrease
