90.57
87.989998
89.669998
90.360001
86.779999
89.879997
90.07
89.660004
89.940002
89.660004
90.040001
91.620003
91.980003
92.349998
90.870003
90.809998
91.169998
91.779999
91.379997
90.0
90.169998
90.269997
90.629997
90.540001
90.300003
93.07
95.949997
96.019997
95.199997
95.800003
95.589996
96.019997
96.559998
97.459999
98.849998
99.589996
99.949997
101.75
100.970001
101.860001
103.830002
103.5
101.410004
100.220001
101.660004
101.860001
102.790001
102.279999
103.349998
102.489998
104.650002
104.919998
104.279999
103.110001
104.339996
104.669998
104.010002
105.080002
105.080002
104.839996
104.230003
104.190002
103.57
104.07
105.25
105.010002
104.349998
104.199997
101.510002
103.120003
103.190002
101.309998
102.110001
102.050003
102.43
103.160004
103.879997
103.900002
102.18
102.970001
104.989998
106.330002
107.489998
105.870003
105.800003
107.559998
108.599998
105.720001
104.580002
104.370003
103.459999
102.970001
102.739998
103.43
103.760002
102.720001
103.639999
103.989998
104.43
106.040001
106.120003
105.699997
106.309998
107.260002
106.279999
106.360001
107.519997
107.910004
107.739998
107.620003
107.510002
108.220001
108.190002
108.68
107.040001
106.800003
107.019997
107.410004
103.739998
104.160004
104.790001
104.889999
105.459999
104.169998
101.900002
101.470001
102.809998
103.779999
105.190002
106.010002
104.110001
102.199997
104.68
104.260002
104.970001
104.220001
105.459999
105.75
104.860001
105.989998
106.059998
105.739998
105.25
104.800003
105.120003
104.25
102.169998
103.519997
102.669998
103.790001
104.940002
105.949997
106.419998
106.150002
106.870003
110.120003
112.139999
110.389999
113.440002
112.089996
111.419998
111.589996
111.739998
110.629997
110.300003
110.959999
109.870003
110.959999
111.050003
112.07
110.690002
108.620003
108.190002
107.639999
107.099998
105.610001
105.220001
107.160004
107.089996
107.0
109.190002
109.940002
110.470001
106.540001
107.650002
110.400002
111.0
110.809998
111.5
110.0
110.959999
111.660004
112.690002
111.419998
113.5
113.699997
112.220001
113.129997
112.870003
110.150002
105.18
107.32
107.099998
103.529999
103.769997
105.419998
104.120003
106.379997
107.580002
109.010002
107.349998
107.989998
107.169998
108.82
110.080002
105.849998
103.040001
103.949997
104.620003
104.57
105.830002
106.290001
108.669998
111.650002
111.239998
109.580002
106.690002
106.300003
105.510002
106.709999
106.699997
109.860001
108.309998
108.07
109.510002
106.989998
107.589996
109.849998
108.230003
110.050003
111.610001
112.220001
108.480003
108.720001
108.940002
109.370003
110.620003
110.129997
111.93
111.290001
111.099998
110.290001
increase
