46.060001
45.950001
47.049999
47.34
47.450001
47.330002
46.619999
47.220001
47.049999
47.009998
46.75
47.009998
46.759998
46.330002
46.450001
45.91
45.759998
46.07
46.380001
45.830002
46.049999
45.919998
46.369999
46.779999
46.490002
46.75
46.880001
46.880001
47.16
47.669998
47.299999
47.139999
46.759998
46.66
46.700001
47.470001
47.650002
47.77
47.66
48.049999
48.139999
47.990002
47.509998
46.82
46.400002
46.279999
46.610001
46.619999
46.970001
46.830002
46.810001
47.400002
47.009998
46.779999
47.209999
47.150002
46.900002
46.790001
46.93
46.950001
47.150002
47.240002
47.91
47.799999
47.889999
48.02
48.48
48.119999
48.119999
48.259998
48.68
49.189999
49.119999
48.970001
49.139999
49.02
48.939999
48.869999
48.580002
48.27
48.439999
48.369999
48.310001
47.43
47.580002
47.400002
47.77
47.490002
47.209999
47.48
46.900002
46.619999
46.619999
46.580002
46.91
45.84
46.169998
45.119999
45.970001
46.73
46.880001
47.16
47.220001
47.490002
47.5
47.689999
47.790001
47.709999
47.610001
47.790001
47.880001
47.84
47.84
47.860001
48.119999
48.400002
48.540001
48.900002
48.919998
48.560001
48.950001
48.700001
48.860001
48.849998
49.060001
48.66
48.689999
48.98
49.0
48.700001
48.509998
48.25
48.369999
47.950001
49.459999
49.509998
49.540001
49.5
49.610001
49.68
49.490002
49.580002
49.34
49.509998
49.889999
49.939999
49.689999
49.200001
49.220001
49.349998
49.380001
49.360001
49.349998
49.66
50.110001
50.330002
50.279999
50.490002
50.650002
50.110001
49.959999
49.990002
49.84
50.049999
50.32
49.900002
49.450001
49.75
49.98
49.639999
49.509998
49.790001
49.66
49.919998
50.0
50.139999
50.029999
49.889999
50.470001
50.720001
50.619999
50.580002
51.130001
51.209999
51.509998
52.779999
52.189999
52.349998
52.52
52.509998
52.799999
52.900002
53.040001
53.150002
53.459999
53.110001
51.990002
51.650002
51.59
50.82
48.189999
47.810001
47.860001
46.049999
46.73
47.5
48.09
48.869999
49.889999
50.080002
49.889999
49.75
49.599998
50.34
50.73
50.18
49.330002
48.650002
48.82
50.369999
50.880001
50.939999
51.259998
51.720001
51.509998
51.240002
50.959999
50.939999
51.16
50.990002
51.41
51.59
50.240002
49.07
50.119999
49.099998
49.439999
49.73
48.650002
49.470001
49.93
50.509998
49.380001
49.630001
50.43
50.080002
50.540001
50.43
51.02
51.0
51.02
51.52
increase
