49.66
49.84
50.689999
50.599998
52.009998
52.189999
52.810001
51.91
52.73
53.110001
49.439999
51.080002
52.060001
52.900002
53.41
50.849998
49.549999
49.52
48.290001
48.400002
49.689999
48.990002
50.349998
50.150002
49.580002
50.27
50.509998
51.240002
51.599998
52.830002
52.450001
51.869999
50.310001
51.169998
50.459999
52.299999
53.810001
53.610001
52.84
52.07
51.560001
51.869999
52.419998
51.48
52.849998
53.459999
53.709999
54.41
54.259998
54.189999
53.889999
55.57
54.110001
46.490002
45.110001
44.150002
43.790001
44.169998
45.380001
45.549999
45.48
44.650002
44.580002
45.049999
44.939999
44.259998
45.43
45.009998
45.970001
45.66
46.389999
46.27
44.310001
41.599998
43.299999
43.369999
42.669998
42.66
41.240002
40.880001
40.560001
39.049999
39.549999
37.549999
36.200001
36.290001
36.740002
36.130001
36.25
36.560001
36.450001
36.52
36.060001
36.220001
37.459999
36.68
37.400002
37.360001
37.099998
37.900002
39.360001
40.470001
40.41
40.540001
39.98
39.23
37.23
36.880001
39.650002
40.900002
42.549999
42.759998
42.540001
41.610001
42.130001
42.720001
41.360001
42.790001
42.919998
42.169998
42.950001
41.849998
41.43
41.84
41.279999
41.509998
42.119999
42.0
43.75
43.919998
44.43
44.290001
44.23
44.709999
42.830002
43.040001
43.610001
47.099998
46.720001
47.580002
46.939999
47.380001
48.25
49.66
48.950001
49.27
49.259998
49.119999
50.48
50.060001
49.689999
48.799999
48.360001
50.34
52.32
52.529999
56.07
55.849998
57.099998
55.299999
55.209999
55.099998
57.279999
57.990002
58.32
58.82
58.57
58.110001
61.009998
60.34
60.400002
60.59
61.360001
62.950001
61.25
61.02
60.220001
59.889999
58.16
51.0
50.360001
48.639999
47.380001
48.330002
50.009998
49.669998
48.990002
48.950001
49.02
50.689999
52.040001
53.200001
53.189999
52.349998
52.27
52.110001
50.990002
50.09
49.349998
47.509998
45.990002
47.200001
49.110001
47.77
48.650002
48.700001
48.540001
49.869999
49.52
48.919998
47.41
47.919998
48.119999
48.709999
48.549999
48.18
49.330002
42.490002
43.349998
44.599998
45.110001
43.970001
41.619999
42.259998
42.150002
41.900002
41.299999
41.040001
40.560001
39.91
39.77
39.419998
38.360001
37.509998
37.860001
38.110001
37.669998
38.209999
37.060001
37.610001
38.23
38.73
38.200001
38.060001
38.32
37.91
36.169998
36.18
36.389999
36.240002
36.040001
35.950001
decrease
