52.220001
52.470001
52.950001
53.540001
54.040001
53.59
52.540001
52.709999
53.259998
53.48
53.490002
53.790001
53.450001
53.490002
53.5
53.16
51.830002
51.889999
51.720001
50.610001
50.099998
50.630001
51.299999
51.189999
51.689999
52.119999
52.080002
51.91
52.02
52.110001
52.459999
52.619999
52.009998
51.849998
52.060001
52.169998
52.790001
52.57
52.790001
52.299999
52.740002
53.470001
52.970001
52.82
52.66
52.610001
52.93
52.34
52.66
52.119999
52.529999
52.439999
52.709999
52.150002
52.860001
52.439999
52.540001
53.119999
53.16
53.220001
53.099998
52.25
52.59
52.57
52.650002
53.380001
53.799999
51.830002
51.790001
49.580002
48.18
48.119999
47.619999
47.759998
48.34
48.23
47.889999
47.700001
46.98
46.970001
47.43
47.150002
47.759998
46.529999
46.419998
46.189999
46.41
45.619999
45.23
45.32
44.959999
45.27
46.080002
45.970001
46.43
45.720001
46.540001
43.5
45.299999
45.369999
45.59
45.630001
45.509998
45.849998
45.880001
45.5
45.75
45.939999
46.759998
47.23
47.43
47.310001
47.790001
47.73
48.189999
48.560001
48.790001
48.48
48.459999
48.27
47.970001
48.34
47.889999
47.669998
47.790001
47.73
48.139999
48.43
48.919998
49.080002
48.549999
47.900002
48.23
49.450001
47.200001
47.259998
46.5
46.110001
46.0
45.860001
45.939999
45.720001
45.880001
45.939999
45.810001
45.57
45.380001
45.990002
46.450001
46.34
46.400002
46.650002
46.490002
46.450001
47.349998
48.099998
48.240002
47.880001
48.299999
47.509998
46.040001
46.169998
46.299999
46.119999
46.330002
46.279999
45.990002
46.779999
47.139999
46.939999
47.029999
47.389999
47.060001
47.540001
47.549999
47.529999
47.73
47.860001
47.619999
47.73
47.900002
48.32
47.950001
47.48
48.57
48.799999
48.439999
48.5
48.360001
48.25
48.09
47.349998
47.330002
47.790001
47.830002
47.639999
46.98
46.509998
45.639999
45.049999
43.450001
45.580002
45.779999
43.990002
44.279999
44.919998
44.389999
44.93
45.240002
45.049999
44.369999
44.880001
44.360001
44.77
44.32
43.799999
43.459999
42.32
41.799999
43.93
45.509998
45.07
45.32
46.41
46.869999
47.02
47.41
46.009998
46.259998
45.810001
45.23
45.27
44.23
43.130001
43.779999
43.619999
43.900002
44.360001
43.299999
44.150002
44.919998
44.990002
43.93
43.82
44.48
44.459999
44.41
44.330002
44.77
45.040001
44.84
43.580002
decrease
