51.022617
51.14061
50.707966
49.852509
50.117992
50.255653
49.655849
49.44936
49.341198
48.898724
48.947887
48.957718
49.016716
49.813175
49.724682
50.137661
49.547688
50.176991
50.570305
49.429695
50.245823
51.278271
51.573254
50.76696
51.111111
50.865292
50.668633
50.629303
50.452312
51.061947
51.848576
51.553589
51.337265
51.533924
51.268436
51.130775
51.809242
52.753197
53.028515
52.212391
52.045231
51.858406
52.969517
52.359882
51.533924
51.248772
51.583088
51.219273
51.976402
51.819077
52.428711
51.681416
51.52409
51.002949
52.586037
53.687317
52.84169
52.851524
52.900688
53.126842
52.713863
52.064896
52.409046
52.369717
52.438545
51.996067
52.300884
51.86824
52.143559
51.553589
51.563423
52.487709
52.969517
52.969517
53.343166
53.382496
53.520157
53.254669
52.271385
52.359882
52.989185
53.166176
53.185841
51.996067
51.012783
51.238937
51.061947
50.727631
50.334316
50.747295
50.068829
49.646019
49.862339
50.894787
50.894787
50.186825
49.213371
49.036381
49.695183
50.875122
51.288101
50.353981
50.03933
50.452312
50.835793
50.943954
49.61652
49.646019
49.439529
49.685349
50.324482
50.462143
51.356934
51.917404
51.937069
54.424778
55.46706
55.132744
54.955753
55.260571
55.2999
55.63422
55.113079
55.08358
54.926254
55.034416
55.329399
55.801376
56.538841
56.342182
57.040314
56.971485
57.482792
57.040314
54.749264
54.739429
56.007866
54.178959
53.706982
55.201572
55.535889
57.58112
58.93
58.709999
58.220001
58.560001
58.02
58.09
58.889999
59.119999
60.529999
60.610001
61.02
60.75
61.540001
62.18
62.779999
62.560001
62.98
62.029999
60.91
61.709999
62.18
61.68
61.43
61.110001
61.139999
61.400002
62.360001
61.880001
62.560001
63.75
64.0
63.889999
63.919998
63.82
63.240002
64.839996
67.230003
66.949997
67.580002
67.230003
66.669998
68.260002
69.57
69.260002
68.779999
70.709999
70.540001
71.82
71.730003
70.93
70.860001
68.470001
67.82
65.019997
63.869999
62.66
62.84
60.02
57.700001
60.439999
60.91
59.110001
58.689999
59.34
59.959999
61.23
60.400002
60.860001
59.150002
58.66
58.43
59.040001
59.450001
57.66
56.580002
57.360001
57.48
58.310001
59.169998
59.290001
58.66
59.790001
60.43
60.560001
59.900002
58.889999
59.209999
59.060001
58.869999
59.900002
58.68
58.060001
59.209999
58.669998
58.759998
58.939999
56.830002
57.09
62.82
64.0
61.580002
60.779999
60.09
58.189999
56.75
56.939999
57.130001
57.529999
57.639999
55.619999
decrease
