145.660004
143.289993
144.610001
138.889999
138.690002
139.679993
140.149994
141.009995
141.070007
140.600006
140.899994
142.380005
142.190002
142.029999
141.699997
141.130005
139.320007
140.529999
138.139999
137.509995
138.259995
139.350006
140.300003
139.699997
140.679993
141.800003
140.100006
138.520004
139.0
142.070007
141.580002
139.919998
139.289993
140.470001
139.869995
140.610001
140.720001
141.639999
141.110001
140.399994
140.770004
141.889999
144.449997
146.210007
150.339996
151.619995
152.300003
150.300003
152.970001
152.050003
154.139999
151.600006
153.330002
150.990005
151.449997
151.520004
151.470001
152.449997
152.419998
153.300003
153.679993
153.309998
155.009995
156.119995
156.550003
157.889999
156.929993
161.169998
160.100006
160.070007
158.910004
160.460007
159.850006
160.559998
158.649994
158.210007
157.429993
157.75
156.399994
156.210007
156.5
156.759995
156.440002
154.559998
153.910004
153.740005
155.399994
153.660004
154.419998
154.770004
153.220001
152.880005
153.839996
156.869995
157.610001
157.0
158.479996
158.039993
157.550003
159.210007
158.669998
155.210007
154.089996
153.600006
153.75
152.850006
154.149994
153.889999
155.070007
150.320007
150.820007
149.470001
149.75
150.970001
151.380005
150.919998
152.179993
151.679993
151.649994
149.270004
149.479996
149.279999
150.259995
149.600006
149.669998
149.729996
147.990005
151.320007
151.720001
151.770004
150.860001
152.710007
153.389999
155.399994
154.169998
153.710007
151.309998
151.809998
153.740005
151.740005
152.389999
151.789993
152.089996
150.460007
149.869995
149.910004
149.369995
151.020004
150.360001
150.720001
152.839996
151.910004
151.089996
151.550003
151.220001
157.020004
158.270004
156.490005
157.910004
155.220001
155.509995
155.259995
156.259995
155.789993
156.020004
156.259995
155.839996
159.059998
161.460007
163.949997
163.029999
161.380005
160.720001
161.039993
160.75
160.850006
159.509995
162.300003
163.050003
162.460007
166.479996
165.940002
170.539993
170.470001
170.279999
171.639999
171.0
172.649994
173.110001
174.389999
176.259995
175.779999
174.839996
174.710007
176.410004
178.110001
177.470001
174.5
173.039993
169.660004
163.220001
168.669998
169.660004
165.460007
168.080002
168.490005
171.009995
172.690002
173.960007
177.789993
174.410004
173.759995
171.210007
172.369995
174.839996
175.339996
172.699997
170.339996
172.229996
173.990005
172.720001
171.449997
172.800003
175.75
175.610001
174.649994
174.350006
173.830002
173.830002
170.580002
170.5
169.570007
165.699997
162.490005
164.740005
162.729996
161.529999
161.75
160.330002
163.470001
163.839996
165.059998
161.649994
162.639999
165.139999
164.169998
164.899994
164.820007
166.5
166.779999
167.600006
168.259995
decrease
