28.98
29.01
29.43
29.77
30.190001
31.190001
31.24
31.440001
31.459999
31.200001
31.049999
31.52
31.42
31.41
31.290001
31.030001
31.02
31.17
30.98
30.73
30.870001
31.049999
31.450001
31.27
31.26
31.51
31.549999
31.35
31.49
32.34
32.330002
32.34
31.9
31.860001
31.52
31.969999
32.349998
32.650002
32.509998
32.509998
32.43
32.900002
32.389999
32.099998
32.110001
32.27
32.669998
32.349998
32.389999
32.650002
32.950001
33.310001
32.450001
31.389999
31.49
31.73
31.940001
32.09
32.330002
32.540001
33.200001
33.049999
33.389999
33.419998
33.5
33.009998
32.900002
32.84
33.91
34.529999
34.560001
34.259998
34.150002
34.110001
34.16
34.5
34.330002
34.470001
33.75
33.82
33.779999
33.700001
34.509998
34.09
34.049999
34.060001
34.299999
34.139999
33.950001
34.299999
34.240002
33.919998
34.290001
34.650002
34.720001
34.889999
34.830002
34.75
34.810001
35.380001
35.619999
35.540001
35.610001
35.349998
35.23
34.73
35.119999
34.59
34.91
35.080002
35.0
35.689999
35.75
35.990002
36.259998
36.43
36.759998
36.790001
36.880001
36.630001
36.740002
36.959999
37.169998
37.27
37.459999
37.41
37.540001
37.23
37.34
37.060001
37.099998
36.540001
37.099998
36.740002
36.52
37.689999
37.419998
37.740002
37.709999
37.630001
36.970001
36.91
36.93
37.16
37.220001
37.459999
37.150002
37.669998
37.75
37.790001
37.75
38.139999
38.049999
38.380001
38.919998
39.5
39.419998
39.32
39.279999
39.240002
39.32
39.75
40.220001
40.34
40.59
40.07
39.310001
39.509998
40.389999
40.799999
40.740002
40.900002
40.82
40.779999
40.869999
41.189999
40.669998
41.349998
41.560001
42.060001
42.02
41.860001
41.990002
42.240002
42.990002
43.470001
43.189999
43.189999
42.700001
42.959999
42.849998
43.130001
42.869999
42.549999
42.830002
42.709999
42.189999
42.029999
41.790001
40.93
39.459999
40.529999
40.349998
38.860001
38.919998
40.16
40.529999
41.439999
41.77
41.77
41.459999
41.580002
40.049999
40.099998
40.439999
39.330002
39.48
39.380001
38.990002
38.919998
39.549999
39.0
38.790001
39.639999
39.330002
39.419998
39.029999
39.049999
39.549999
39.25
39.400002
39.5
37.91
37.169998
37.860001
37.59
37.5
37.950001
37.150002
37.790001
38.23
38.73
38.18
38.110001
38.130001
38.049999
38.290001
38.189999
38.619999
39.040001
39.23
38.630001
decrease
