168.139999
167.889999
170.149994
170.460007
171.759995
173.940002
171.770004
169.770004
169.210007
168.389999
167.990005
169.0
166.0
167.770004
168.529999
167.940002
165.320007
165.279999
163.690002
161.320007
160.690002
162.699997
165.470001
164.179993
164.830002
167.990005
167.139999
166.139999
168.589996
167.169998
168.440002
166.110001
163.669998
162.770004
164.320007
166.289993
166.929993
167.789993
168.369995
167.929993
166.949997
169.75
170.259995
169.490005
168.839996
167.880005
166.410004
166.029999
168.039993
166.050003
167.080002
170.580002
171.330002
169.059998
171.509995
170.039993
169.660004
169.490005
168.990005
172.110001
171.979996
169.869995
171.960007
177.720001
176.619995
177.679993
177.309998
175.520004
176.020004
176.369995
174.970001
174.360001
174.970001
175.399994
176.0
176.580002
178.179993
181.729996
183.289993
183.630005
183.0
181.429993
181.449997
178.589996
178.080002
180.119995
180.669998
179.279999
180.070007
179.220001
178.899994
181.830002
181.610001
181.479996
182.199997
182.850006
181.100006
181.479996
182.199997
183.259995
184.399994
182.720001
184.089996
185.649994
187.300003
189.419998
189.509995
190.320007
189.279999
189.320007
189.009995
188.970001
187.880005
188.429993
191.550003
190.440002
188.619995
189.410004
189.380005
187.690002
187.570007
187.660004
188.820007
187.559998
186.350006
186.100006
185.800003
187.570007
189.419998
189.199997
188.210007
188.449997
185.449997
189.100006
187.770004
187.179993
185.550003
187.559998
186.520004
186.399994
186.100006
187.050003
184.759995
184.220001
185.119995
184.710007
183.089996
185.190002
184.389999
189.220001
190.479996
189.199997
190.020004
192.800003
194.770004
196.449997
198.589996
195.539993
192.940002
195.050003
194.639999
193.619995
193.850006
193.410004
194.389999
193.970001
192.410004
195.050003
194.199997
192.940002
194.100006
195.279999
197.699997
197.330002
198.169998
199.050003
197.850006
198.270004
199.240005
198.270004
201.580002
203.259995
204.990005
205.729996
206.470001
209.460007
207.389999
212.610001
209.990005
210.729996
209.800003
209.199997
209.789993
209.199997
217.009995
217.460007
214.369995
212.460007
214.080002
210.5
199.389999
202.309998
207.690002
198.789993
202.509995
204.440002
206.610001
209.0
213.350006
212.889999
210.979996
210.660004
212.020004
213.410004
214.949997
212.839996
207.550003
203.779999
205.25
206.229996
205.220001
205.369995
207.279999
210.399994
204.770004
206.520004
203.869995
203.75
205.360001
206.600006
206.789993
206.350006
200.350006
201.699997
208.529999
204.520004
202.639999
208.0
207.5
208.429993
210.75
213.070007
207.779999
208.669998
210.710007
210.410004
211.479996
210.320007
212.649994
213.919998
214.509995
216.059998
decrease
