81.940002
81.889999
83.419998
81.199997
80.959999
81.330002
82.059998
81.82
81.699997
81.25
83.040001
82.510002
80.669998
80.790001
81.050003
80.220001
80.190002
80.300003
78.989998
78.139999
78.300003
77.800003
76.980003
77.989998
77.959999
78.339996
78.050003
78.349998
79.57
79.989998
80.129997
79.349998
79.089996
79.389999
80.099998
81.040001
80.900002
81.25
81.599998
82.050003
81.879997
82.339996
82.75
82.639999
84.309998
83.889999
84.279999
83.040001
83.099998
82.699997
82.300003
82.699997
82.699997
81.599998
82.290001
82.279999
82.349998
83.5
84.019997
84.349998
83.639999
83.699997
84.230003
84.75
84.660004
84.739998
82.190002
81.839996
83.019997
83.099998
82.660004
82.370003
81.82
81.93
82.309998
82.07
81.970001
82.57
82.050003
81.150002
81.489998
81.709999
80.690002
77.800003
77.07
77.379997
78.260002
78.150002
78.860001
78.790001
78.839996
78.550003
80.489998
81.290001
80.080002
79.82
80.510002
81.540001
82.919998
82.629997
82.169998
82.43
83.07
82.440002
82.519997
81.730003
82.019997
83.330002
83.910004
84.639999
84.220001
84.650002
85.0
85.540001
86.349998
86.449997
86.959999
87.650002
87.080002
87.050003
86.160004
86.059998
86.43
86.550003
85.949997
86.059998
85.730003
86.360001
87.230003
87.18
85.169998
84.849998
84.160004
83.860001
82.650002
81.940002
82.889999
83.129997
83.510002
82.940002
83.279999
84.010002
83.989998
83.290001
82.860001
82.489998
82.190002
83.440002
82.889999
83.18
83.510002
83.68
84.029999
84.809998
85.050003
84.959999
84.639999
85.32
85.580002
86.059998
85.32
85.870003
86.449997
86.669998
86.709999
87.889999
86.5
86.540001
86.080002
86.709999
85.739998
85.610001
85.07
84.989998
85.139999
85.050003
84.459999
84.68
85.139999
85.519997
86.57
86.129997
86.059998
86.099998
86.389999
86.980003
85.290001
86.209999
85.82
85.489998
85.440002
84.419998
84.300003
85.010002
87.080002
87.599998
86.089996
81.449997
82.410004
81.18
77.489998
77.989998
76.720001
74.209999
76.230003
76.25
76.209999
77.029999
78.019997
78.970001
77.550003
77.550003
77.190002
78.75
80.18
78.699997
77.019997
76.5
77.230003
77.699997
77.190002
77.440002
78.889999
79.610001
79.040001
79.150002
78.489998
78.75
80.489998
78.730003
78.370003
78.239998
76.529999
74.760002
76.18
75.660004
77.010002
77.370003
75.699997
77.540001
78.599998
78.620003
76.849998
77.339996
79.220001
78.730003
79.290001
79.720001
80.120003
79.919998
79.720001
79.75
decrease
