271.850006
273.089996
276.209991
270.019989
270.350006
271.140015
269.450012
268.429993
269.48999
269.600006
270.51001
273.029999
272.5
273.869995
271.73999
272.089996
271.26001
272.350006
271.649994
269.23999
267.320007
272.790009
277.029999
278.359985
280.049988
282.059998
283.649994
280.089996
281.130005
280.959991
281.76001
280.130005
276.880005
277.380005
277.619995
277.0
276.890015
278.359985
280.299988
280.929993
281.109985
282.299988
282.890015
282.98999
280.429993
280.640015
279.700012
277.829987
280.019989
276.730011
277.609985
278.920013
282.399994
280.959991
285.200012
285.570007
286.420013
286.359985
286.76001
288.130005
288.48999
286.790009
290.670013
289.670013
289.119995
290.279999
289.829987
289.850006
288.130005
290.410004
292.130005
292.649994
294.700012
295.820007
297.0
297.149994
300.100006
305.220001
303.25
303.75
307.579987
306.200012
305.799988
301.420013
299.200012
301.880005
304.799988
302.839996
302.600006
302.799988
303.609985
308.140015
306.299988
305.390015
302.190002
302.200012
301.450012
302.350006
302.899994
304.480011
303.730011
300.200012
301.339996
302.299988
303.799988
305.649994
307.899994
308.01001
308.540009
306.850006
309.579987
310.130005
309.130005
310.290009
311.329987
312.859985
313.019989
314.579987
316.459991
317.299988
317.709991
318.589996
321.149994
319.390015
318.940002
318.269989
315.570007
316.839996
320.0
320.730011
313.149994
312.429993
307.890015
308.0
308.630005
308.160004
306.600006
310.859985
309.98999
310.079987
313.290009
315.640015
311.079987
311.170013
312.950012
313.73999
310.640015
312.649994
309.700012
314.649994
316.940002
314.869995
315.820007
316.700012
319.01001
320.76001
319.119995
313.570007
311.779999
310.140015
311.970001
314.420013
315.850006
316.170013
315.890015
317.790009
317.01001
322.820007
322.76001
319.970001
317.720001
317.190002
318.029999
318.51001
319.440002
322.100006
321.049988
318.540009
321.209991
326.720001
329.679993
328.160004
330.51001
331.049988
331.130005
336.25
330.109985
334.859985
333.0
332.0
329.0
328.700012
330.48999
334.720001
344.899994
351.420013
350.390015
354.850006
357.380005
352.660004
336.459991
337.589996
345.429993
334.299988
341.420013
345.809998
350.230011
354.660004
361.0
360.529999
358.690002
357.059998
355.410004
358.690002
358.700012
358.170013
352.440002
339.690002
341.720001
342.359985
339.5
342.200012
341.779999
340.48999
333.100006
333.459991
331.679993
333.230011
331.399994
335.25
335.600006
335.470001
327.149994
336.309998
343.929993
338.850006
335.329987
337.929993
333.0
334.709991
341.790009
346.649994
334.660004
335.910004
339.359985
339.440002
342.880005
342.600006
345.700012
349.140015
351.149994
353.380005
decrease
