65.059998
64.720001
66.720001
67.290001
66.5
66.529999
65.93
66.220001
66.150002
66.160004
67.309998
67.580002
68.620003
68.610001
68.709999
67.860001
66.68
67.839996
68.089996
64.449997
64.589996
65.360001
65.120003
65.5
64.900002
65.550003
64.949997
64.870003
64.980003
66.75
65.779999
64.849998
63.630001
64.440002
66.220001
68.25
68.599998
68.550003
68.25
68.029999
68.040001
68.769997
68.050003
66.0
65.550003
65.050003
65.440002
65.620003
66.629997
67.269997
67.580002
69.110001
68.959999
69.360001
70.199997
70.629997
70.169998
70.610001
71.779999
71.339996
71.120003
70.330002
71.18
70.720001
70.730003
71.379997
72.339996
71.510002
72.349998
72.809998
73.059998
73.589996
73.300003
73.169998
74.25
73.970001
74.339996
73.739998
71.760002
71.400002
72.160004
72.169998
71.139999
68.889999
68.019997
67.07
67.839996
67.709999
68.0
68.18
67.900002
67.160004
67.779999
67.860001
68.940002
66.849998
67.160004
65.220001
65.800003
67.18
68.660004
69.239998
69.18
69.610001
70.669998
71.510002
72.209999
72.330002
72.879997
72.769997
72.940002
74.120003
73.330002
73.480003
74.260002
73.769997
74.199997
74.900002
75.0
74.699997
75.330002
75.279999
74.849998
74.870003
75.449997
74.75
74.550003
75.0
75.550003
75.620003
77.209999
76.459999
76.989998
77.330002
76.400002
75.779999
75.559998
76.720001
75.639999
76.639999
75.400002
75.330002
74.330002
73.489998
73.900002
73.440002
73.949997
74.010002
74.279999
74.18
73.5
73.589996
73.139999
73.260002
74.830002
76.550003
76.550003
76.510002
77.5
75.910004
76.5
77.589996
78.540001
77.169998
77.57
75.849998
75.699997
76.190002
76.440002
76.809998
77.410004
77.940002
77.75
77.489998
77.199997
77.349998
76.870003
77.910004
77.550003
78.93
79.089996
78.940002
81.68
82.790001
83.900002
84.370003
82.510002
82.980003
83.059998
83.169998
83.349998
82.900002
83.339996
83.400002
84.809998
85.709999
83.980003
82.800003
85.910004
83.040001
78.089996
78.57
78.510002
73.860001
75.379997
75.470001
74.339996
77.300003
77.18
77.580002
78.029999
78.32
77.029999
78.019997
78.419998
78.220001
76.169998
73.879997
73.730003
74.900002
75.849998
76.040001
76.400002
78.709999
78.410004
77.839996
76.269997
76.489998
76.360001
75.800003
76.559998
77.199997
73.599998
70.360001
73.110001
71.959999
72.010002
73.059998
70.970001
70.800003
71.239998
71.339996
69.160004
68.519997
69.419998
68.010002
69.379997
69.260002
70.0
69.75
70.839996
71.620003
decrease
