39.720001
39.959999
40.07
40.009998
39.48
39.720001
39.32
39.099998
39.419998
39.290001
39.869999
40.060001
39.790001
39.57
39.52
39.400002
39.610001
39.779999
39.380001
39.619999
39.82
39.75
40.380001
40.91
41.119999
41.560001
41.360001
41.470001
41.470001
41.630001
41.830002
41.639999
41.459999
41.610001
41.25
41.259998
41.169998
41.25
41.57
41.669998
42.18
41.860001
41.84
41.799999
41.59
41.450001
41.689999
41.119999
40.869999
40.450001
40.169998
39.889999
39.759998
39.669998
39.709999
39.560001
39.59
39.880001
39.73
39.970001
40.130001
40.279999
40.5
41.009998
41.380001
40.84
40.549999
40.869999
40.73
40.470001
40.529999
40.830002
40.950001
41.09
41.09
41.279999
41.57
41.509998
41.630001
41.369999
41.669998
41.91
42.080002
41.77
42.240002
42.400002
42.720001
43.009998
42.860001
42.869999
43.080002
43.060001
42.77
42.740002
42.57
42.91
42.599998
42.950001
43.189999
43.599998
42.75
42.450001
42.919998
42.900002
42.490002
42.529999
42.150002
42.060001
41.73
42.25
42.25
41.580002
41.700001
41.57
41.599998
41.380001
41.950001
41.900002
41.919998
41.990002
42.34
42.66
43.009998
43.049999
43.119999
43.439999
43.380001
43.849998
43.869999
43.77
43.48
43.25
43.380001
43.75
43.18
43.259998
43.07
43.060001
43.830002
43.59
44.169998
44.07
44.099998
43.68
44.299999
45.18
44.709999
44.630001
44.400002
44.259998
44.150002
44.189999
44.220001
44.610001
44.779999
44.900002
45.110001
44.830002
44.689999
44.34
44.540001
44.639999
44.939999
45.080002
44.009998
44.290001
43.950001
44.43
43.599998
42.77
42.509998
42.32
42.5
42.189999
42.419998
42.66
42.610001
42.110001
41.740002
41.25
41.080002
41.540001
40.91
40.189999
39.84
39.529999
39.560001
40.060001
39.68
39.41
39.549999
40.16
39.849998
40.389999
40.299999
39.610001
39.259998
39.75
39.080002
38.91
38.220001
37.509998
37.5
37.139999
38.419998
38.48
38.630001
38.110001
39.049999
39.75
39.139999
38.619999
38.599998
39.419998
39.529999
38.799999
38.650002
38.490002
38.220001
38.93
38.169998
38.060001
38.32
38.709999
39.209999
39.299999
39.540001
39.66
40.130001
39.830002
39.68
39.66
39.830002
39.450001
39.84
40.529999
40.619999
40.860001
40.790001
40.82
40.919998
41.330002
41.02
41.049999
40.75
41.02
40.52
41.110001
41.59
41.849998
41.599998
41.529999
increase
