83.290001
83.470001
84.169998
84.510002
85.230003
85.269997
84.879997
84.400002
85.379997
85.529999
85.400002
86.0
86.0
85.849998
86.059998
84.699997
84.82
85.190002
85.360001
83.75
84.050003
84.589996
84.050003
82.339996
79.849998
81.330002
80.910004
79.410004
78.769997
80.43
80.220001
79.440002
78.699997
77.790001
77.639999
78.650002
79.029999
79.650002
80.559998
80.389999
79.800003
81.080002
80.459999
79.139999
78.339996
76.07
76.699997
76.330002
77.019997
76.599998
77.529999
78.260002
77.370003
76.589996
77.150002
76.919998
76.25
76.220001
76.519997
76.059998
76.43
75.959999
76.830002
72.559998
73.839996
74.309998
75.690002
75.980003
77.0
76.480003
77.400002
77.830002
77.860001
77.910004
78.370003
78.32
77.209999
78.339996
77.010002
77.260002
77.720001
74.300003
75.349998
74.120003
73.639999
73.849998
75.82
73.010002
72.610001
73.349998
73.800003
73.449997
73.910004
73.889999
74.650002
75.68
77.470001
77.68
78.559998
77.5
78.660004
77.860001
78.459999
77.989998
77.669998
77.489998
77.910004
78.040001
78.230003
79.339996
79.290001
79.230003
79.449997
79.940002
80.790001
81.349998
81.459999
82.260002
81.860001
81.739998
81.099998
81.209999
81.57
82.330002
81.199997
81.110001
80.75
81.269997
80.040001
80.410004
81.160004
80.989998
81.529999
80.610001
79.410004
79.949997
79.919998
76.650002
77.919998
77.410004
77.629997
78.089996
78.080002
77.489998
77.529999
79.230003
78.370003
79.470001
80.220001
81.459999
80.589996
79.559998
79.239998
79.830002
81.68
83.300003
83.370003
84.230003
88.040001
86.309998
82.400002
83.629997
85.599998
85.540001
84.989998
85.599998
85.580002
86.690002
87.440002
88.860001
90.190002
90.730003
91.190002
91.889999
92.110001
92.860001
92.940002
91.620003
92.019997
92.739998
94.739998
93.709999
94.550003
94.169998
95.739998
100.860001
100.970001
101.68
101.360001
104.949997
107.110001
107.110001
106.720001
106.379997
107.400002
106.839996
105.18
104.730003
103.860001
101.5
97.580002
100.220001
99.919998
95.010002
97.169998
97.779999
96.059998
96.93
96.510002
96.309998
95.650002
95.339996
96.889999
97.489998
97.510002
95.790001
89.589996
87.959999
85.339996
86.330002
87.120003
86.110001
86.160004
87.279999
87.68
86.139999
86.379997
85.540001
87.0
85.790001
85.730003
87.25
85.699997
83.769997
89.300003
85.959999
85.879997
87.75
84.589996
85.449997
88.059998
88.75
88.239998
85.239998
87.139999
86.650002
87.040001
86.230003
86.059998
86.160004
86.410004
84.879997
decrease
