139.360001
139.979996
142.509995
145.759995
145.509995
147.0
144.850006
149.220001
149.320007
150.080002
150.610001
150.309998
149.119995
150.539993
149.149994
149.919998
149.580002
151.270004
152.559998
147.270004
149.809998
152.399994
152.910004
153.429993
152.880005
153.899994
155.119995
156.869995
155.169998
156.440002
158.740005
160.289993
161.009995
162.300003
164.970001
157.779999
154.509995
155.119995
152.75
148.479996
148.210007
151.0
150.110001
150.919998
150.039993
151.779999
148.990005
144.619995
147.830002
142.350006
141.429993
139.289993
142.529999
143.889999
148.130005
150.839996
153.720001
154.580002
154.940002
157.300003
156.979996
159.350006
164.229996
164.800003
163.529999
164.119995
164.460007
168.339996
164.759995
161.600006
159.460007
157.460007
151.550003
148.899994
150.050003
155.839996
155.75
155.199997
149.440002
154.259995
158.550003
160.210007
163.220001
158.460007
160.490005
158.399994
163.809998
161.699997
158.820007
157.860001
160.669998
162.320007
164.990005
165.979996
166.860001
164.100006
165.009995
168.589996
165.75
169.960007
171.669998
171.520004
172.580002
172.990005
177.309998
177.119995
173.020004
172.279999
176.729996
170.169998
169.440002
179.389999
181.820007
185.039993
185.949997
184.869995
185.020004
182.820007
184.830002
184.660004
184.899994
186.179993
186.990005
189.899994
192.360001
194.550003
200.490005
200.979996
205.339996
205.889999
205.839996
203.070007
206.779999
208.0
206.199997
208.570007
202.919998
206.820007
207.070007
206.669998
209.190002
211.240005
206.289993
207.389999
209.229996
208.639999
207.860001
213.220001
210.470001
215.100006
218.910004
215.169998
216.830002
210.929993
213.139999
194.639999
192.330002
187.809998
180.740005
180.529999
184.229996
189.160004
186.460007
185.559998
181.570007
181.309998
182.100006
186.320007
189.070007
186.110001
188.830002
185.639999
186.690002
184.309998
185.369995
185.539993
184.070007
189.279999
192.5
193.380005
196.399994
197.880005
197.570007
191.660004
189.119995
188.509995
190.389999
205.080002
205.449997
207.529999
209.190002
215.070007
209.729996
199.25
202.570007
195.970001
191.080002
191.520004
189.110001
179.059998
170.350006
178.339996
171.630005
162.229996
165.869995
172.949997
172.559998
183.009995
185.710007
187.910004
193.440002
189.229996
188.360001
193.100006
198.429993
193.470001
191.860001
190.070007
194.529999
198.699997
207.940002
211.740005
212.740005
224.949997
228.649994
223.970001
222.639999
223.080002
221.919998
217.580002
219.130005
224.279999
214.820007
202.630005
214.960007
202.619995
196.210007
203.160004
193.869995
197.970001
201.669998
195.020004
190.649994
193.119995
200.169998
200.860001
206.020004
203.740005
203.550003
212.330002
203.770004
190.389999
increase
