25.799999
25.51
25.959999
26.17
26.15
26.139999
25.389999
25.83
25.690001
25.709999
25.34
25.76
26.1
25.299999
25.629999
25.4
25.299999
25.370001
25.360001
24.440001
24.620001
24.639999
24.690001
24.790001
24.790001
24.700001
24.620001
24.4
24.389999
24.940001
24.49
24.440001
24.41
24.530001
25.15
25.280001
25.41
25.879999
25.790001
25.780001
26.049999
26.23
25.35
24.99
25.030001
24.99
25.309999
25.77
26.27
26.120001
26.16
26.809999
26.74
26.620001
26.76
26.610001
26.549999
26.59
26.709999
26.700001
26.6
26.57
26.57
26.42
26.450001
26.799999
27.09
26.82
26.620001
26.049999
26.030001
26.049999
26.370001
26.280001
26.190001
26.129999
25.709999
25.559999
25.18
24.719999
24.91
24.75
24.66
23.889999
23.969999
23.98
24.0
24.01
23.99
24.23
24.040001
23.690001
23.75
23.68
23.950001
23.1
22.84
22.27
22.360001
22.73
23.030001
22.92
23.07
22.93
23.370001
24.290001
24.379999
24.469999
24.540001
24.67
24.780001
25.01
25.110001
25.25
25.43
25.48
25.42
25.42
25.26
25.120001
25.190001
25.27
25.33
25.290001
25.709999
25.65
25.77
25.790001
26.01
25.549999
25.74
25.440001
25.530001
25.76
25.32
25.299999
25.33
25.450001
25.75
25.98
25.879999
26.030001
26.059999
25.66
25.65
25.32
25.27
25.049999
25.129999
25.620001
25.67
25.360001
25.68
25.67
26.51
26.629999
26.309999
26.43
26.389999
25.99
25.940001
26.0
26.1
26.059999
26.110001
25.51
25.459999
25.67
25.860001
25.709999
26.42
26.459999
26.209999
26.530001
26.43
26.65
26.49
26.780001
26.690001
26.84
26.879999
27.25
27.6
27.84
27.98
27.93
27.549999
27.82
27.629999
28.01
27.91
27.639999
27.540001
27.43
27.629999
27.18
27.09
27.07
27.030001
26.290001
24.77
24.73
25.01
23.860001
24.25
24.84
24.6
25.219999
24.93
24.969999
25.1
24.98
24.48
24.969999
25.02
24.559999
23.99
23.639999
23.809999
23.92
24.07
24.0
23.98
24.5
24.5
24.299999
24.299999
24.41
24.65
24.0
23.190001
23.16
22.360001
21.85
22.48
22.15
22.450001
22.73
22.1
22.280001
22.25
22.48
21.77
24.290001
24.379999
24.309999
24.360001
24.299999
24.629999
24.530001
24.32
24.110001
decrease
