55.950001
55.630001
56.490002
57.09
56.939999
55.75
56.220001
56.279999
58.330002
58.16
58.34
58.400002
57.48
58.279999
58.369999
58.09
57.220001
58.029999
58.27
57.040001
57.290001
58.040001
58.919998
59.639999
59.580002
60.919998
60.669998
59.48
60.09
60.299999
60.360001
60.990002
60.099998
59.959999
59.16
59.459999
58.990002
59.209999
59.529999
60.110001
60.290001
60.919998
60.330002
61.029999
61.52
61.919998
61.75
61.509998
62.009998
61.810001
62.139999
62.07
63.16
63.360001
64.239998
63.130001
61.810001
62.080002
62.02
61.93
62.139999
61.57
61.41
60.400002
60.279999
59.810001
58.82
59.52
56.57
56.560001
55.509998
55.720001
55.700001
56.110001
56.580002
55.369999
54.810001
54.689999
54.009998
54.139999
54.720001
55.200001
55.310001
53.150002
53.169998
53.540001
53.43
51.720001
50.709999
52.68
51.75
51.459999
51.52
52.139999
52.189999
51.139999
51.669998
52.209999
52.869999
53.599998
53.950001
54.66
54.349998
54.720001
54.09
53.540001
54.25
54.630001
54.93
55.119999
55.720001
55.880001
56.169998
55.98
55.990002
58.509998
58.380001
58.290001
58.439999
57.66
58.009998
58.549999
58.810001
59.119999
58.880001
58.73
58.830002
58.630001
59.369999
58.759998
58.799999
57.16
55.110001
54.110001
54.73
53.860001
53.990002
53.990002
54.139999
54.52
53.869999
54.009998
53.459999
53.490002
53.25
53.75
54.630001
55.27
54.709999
54.650002
55.43
55.09
55.139999
54.599998
56.169998
58.880001
60.669998
59.919998
62.029999
61.720001
61.119999
63.02
63.330002
63.32
63.43
63.139999
63.849998
64.699997
65.699997
65.919998
66.089996
66.029999
65.970001
65.980003
65.959999
65.870003
65.449997
66.290001
64.910004
64.699997
64.32
64.0
62.380001
62.959999
64.839996
65.360001
65.470001
66.07
65.059998
65.050003
64.889999
65.260002
62.209999
60.189999
60.82
60.360001
59.830002
60.799999
60.310001
58.709999
56.990002
58.139999
57.889999
55.630001
55.5
56.810001
57.16
57.73
58.18
58.27
57.73
58.029999
57.32
57.990002
59.5
58.48
57.84
58.009998
57.810001
58.380001
58.25
57.57
58.369999
59.700001
59.759998
60.330002
59.619999
59.939999
60.900002
60.599998
60.689999
57.779999
57.0
56.720001
57.59
56.689999
56.25
57.279999
54.34
55.970001
56.360001
56.860001
55.290001
54.849998
54.130001
53.5
54.939999
55.07
54.889999
54.27
55.82
54.799999
decrease
