85.510002
85.419998
86.519997
87.010002
87.059998
87.419998
84.760002
83.459999
83.540001
81.879997
81.419998
84.160004
80.779999
81.910004
82.459999
81.970001
81.040001
82.529999
83.059998
79.980003
80.410004
81.099998
80.300003
80.57
81.629997
80.669998
80.730003
80.559998
80.519997
80.550003
80.040001
78.910004
79.139999
79.239998
79.480003
81.879997
81.779999
82.949997
80.93
80.139999
80.879997
81.300003
80.099998
79.57
80.010002
80.169998
80.889999
82.07
83.800003
83.769997
84.389999
85.360001
83.360001
83.050003
83.93
84.199997
84.459999
85.720001
85.480003
85.870003
85.650002
85.25
87.160004
87.019997
86.870003
87.25
87.949997
87.339996
86.529999
89.889999
90.089996
89.260002
88.370003
88.75
88.779999
89.120003
88.730003
89.199997
87.599998
87.190002
88.029999
87.949997
87.660004
86.230003
87.339996
88.099998
88.769997
89.360001
89.510002
90.260002
90.32
89.599998
90.330002
90.589996
90.25
89.389999
91.720001
91.720001
91.599998
93.660004
94.580002
94.169998
94.43
95.169998
95.580002
96.559998
96.050003
95.790001
96.870003
97.919998
99.760002
99.779999
99.779999
99.050003
100.550003
99.760002
98.879997
99.480003
98.900002
99.040001
98.059998
97.260002
97.529999
97.68
97.699997
98.209999
98.260002
99.389999
98.940002
98.559998
100.940002
99.75
101.230003
99.010002
106.0
103.529999
103.43
103.540001
105.580002
106.489998
105.919998
105.860001
104.190002
104.260002
104.190002
103.739998
102.5
103.199997
103.900002
104.269997
103.82
103.419998
104.339996
104.379997
104.940002
105.010002
104.699997
104.099998
103.809998
104.580002
104.690002
106.510002
107.139999
107.510002
106.989998
107.5
105.43
106.029999
109.559998
108.949997
109.919998
110.279999
109.980003
109.93
110.029999
111.160004
110.32
112.230003
112.260002
112.800003
114.370003
114.110001
115.150002
115.029999
117.699997
117.68
115.889999
116.879997
116.889999
119.919998
118.940002
118.43
118.940002
120.739998
121.489998
120.910004
118.849998
119.839996
117.559998
112.169998
108.769997
113.82
110.269997
105.790001
106.989998
109.699997
109.639999
112.0
109.970001
108.610001
108.589996
109.089996
110.830002
111.599998
110.510002
109.660004
108.220001
108.129997
107.209999
108.669998
109.739998
109.379997
109.370003
112.279999
111.139999
110.339996
108.75
107.470001
107.18
106.769997
107.470001
111.209999
106.599998
104.550003
105.089996
104.139999
103.150002
105.68
103.709999
104.139999
102.730003
104.849998
100.790001
99.43
102.339996
102.209999
103.699997
103.040001
104.540001
106.040001
108.870003
107.599998
increase
