30.01
29.48
29.190001
29.280001
29.43
29.51
29.219999
28.860001
29.5
29.16
28.92
28.969999
28.67
29.299999
29.34
24.35
23.610001
23.209999
22.82
23.01
22.76
23.01
23.41
23.049999
23.18
23.360001
23.440001
23.6
23.5
24.08
23.809999
23.860001
21.9
21.809999
21.77
22.700001
22.67
22.26
22.76
22.73
22.93
22.709999
22.1
21.6
22.09
22.27
22.469999
23.09
23.18
22.950001
23.24
23.84
23.52
22.85
22.68
21.08
21.17
21.23
22.1
22.360001
23.049999
22.68
22.99
23.07
23.360001
22.690001
23.49
23.540001
24.200001
23.93
23.75
23.98
23.17
23.59
23.299999
23.559999
23.52
23.030001
20.67
20.620001
20.35
20.290001
20.139999
19.620001
19.49
19.530001
20.42
20.5
20.690001
21.110001
21.16
20.940001
20.83
20.77
21.41
21.01
22.17
21.719999
21.32
21.48
22.219999
22.65
22.0
22.58
22.1
21.780001
21.48
21.16
21.530001
21.809999
21.870001
22.139999
22.02
21.82
20.889999
21.049999
20.629999
21.030001
20.809999
20.35
20.66
20.469999
20.24
20.200001
19.889999
19.950001
20.15
20.190001
21.17
21.33
21.4
21.24
21.34
19.690001
18.84
18.76
18.950001
18.780001
18.360001
18.16
17.530001
17.57
19.5
19.98
19.33
19.700001
19.98
20.25
20.35
20.799999
20.42
20.629999
21.07
21.209999
22.17
23.98
23.799999
24.190001
25.799999
25.219999
25.09
25.280001
25.799999
25.889999
25.690001
25.83
24.799999
24.59
25.85
25.25
25.33
25.57
25.67
26.85
25.639999
25.719999
25.190001
26.309999
25.33
24.49
24.48
24.440001
24.690001
25.6
26.299999
26.889999
25.92
26.24
26.6
27.01
27.25
27.360001
27.25
26.639999
27.4
27.309999
26.25
25.950001
25.620001
24.889999
23.469999
24.16
24.76
24.0
24.15
24.190001
24.879999
25.639999
26.459999
26.26
25.65
25.59
26.17
26.74
27.450001
28.4
29.41
29.25
30.41
30.35
30.360001
29.92
28.92
28.879999
28.76
29.82
29.23
28.799999
28.9
29.299999
28.93
28.68
28.27
27.209999
27.9
27.860001
29.07
29.74
29.07
28.99
30.09
30.93
29.799999
29.15
29.299999
29.07
28.9
28.26
28.74
28.940001
29.4
29.41
increase
