114.589996
114.269997
115.699997
116.129997
116.169998
117.099998
116.32
116.370003
118.120003
117.330002
117.919998
117.5
116.610001
116.410004
116.650002
116.529999
117.129997
118.209999
118.489998
116.800003
116.239998
117.580002
119.0
119.599998
120.699997
121.919998
121.629997
121.650002
122.879997
123.400002
125.199997
125.900002
125.239998
125.190002
124.760002
123.040001
120.760002
122.32
122.5
121.419998
121.959999
123.089996
122.93
123.099998
123.300003
124.010002
123.519997
122.739998
124.809998
121.510002
121.449997
120.779999
121.980003
120.800003
122.199997
122.730003
124.230003
125.279999
125.470001
127.010002
127.43
127.730003
128.039993
128.470001
129.270004
129.520004
129.979996
130.990005
128.929993
127.910004
127.800003
129.490005
130.610001
129.889999
129.820007
130.380005
129.839996
129.720001
127.669998
128.550003
131.089996
131.580002
132.369995
130.880005
131.139999
131.940002
133.800003
133.070007
132.960007
132.75
133.850006
133.839996
133.800003
133.300003
133.240005
132.660004
132.889999
136.529999
137.220001
141.990005
142.419998
140.100006
141.470001
141.580002
141.399994
142.490005
142.240005
141.720001
141.889999
138.570007
138.369995
139.669998
140.199997
141.199997
141.820007
143.020004
142.089996
143.75
143.520004
144.550003
145.649994
146.850006
146.740005
147.339996
146.220001
145.929993
146.190002
144.979996
145.380005
145.559998
145.800003
146.240005
146.589996
148.520004
148.949997
148.770004
148.889999
148.25
149.289993
150.089996
149.970001
149.970001
149.289993
149.539993
149.690002
149.949997
148.330002
150.330002
149.020004
149.559998
152.509995
151.25
152.740005
152.970001
154.190002
148.350006
150.470001
149.690002
143.429993
145.130005
147.419998
149.449997
149.889999
150.880005
152.5
151.690002
151.929993
153.399994
153.119995
151.679993
151.449997
150.529999
150.850006
151.279999
151.399994
151.770004
151.360001
151.910004
153.820007
155.809998
159.039993
159.270004
159.5
159.860001
160.919998
162.330002
162.289993
164.320007
165.479996
166.830002
168.279999
167.190002
167.009995
168.589996
170.339996
168.550003
167.190002
169.0
172.929993
170.550003
164.589996
169.279999
168.729996
160.619995
165.199997
168.190002
170.119995
172.520004
174.690002
175.649994
175.350006
172.320007
172.949997
175.759995
177.869995
175.929993
175.759995
173.490005
175.020004
178.529999
177.529999
179.210007
179.25
183.240005
182.539993
181.009995
180.119995
180.949997
182.550003
180.580002
182.509995
180.75
175.520004
171.830002
177.169998
172.520004
170.350006
175.160004
171.600006
172.470001
173.690002
175.800003
169.699997
170.339996
174.720001
172.360001
174.800003
174.270004
173.869995
178.339996
179.460007
179.009995
decrease
