101.559998
101.269997
101.330002
101.470001
101.0
98.0
99.209999
99.610001
99.57
98.440002
99.019997
100.050003
99.410004
98.760002
98.699997
98.790001
98.339996
99.150002
98.699997
99.330002
99.889999
100.0
100.059998
100.110001
100.529999
100.790001
101.129997
101.050003
101.940002
102.199997
104.290001
105.57
105.019997
106.790001
107.370003
107.199997
107.400002
108.160004
108.879997
110.0
110.040001
110.32
109.870003
110.190002
109.300003
109.18
108.599998
106.720001
106.25
105.599998
105.379997
105.900002
105.32
101.550003
102.370003
100.629997
99.589996
99.830002
99.739998
100.410004
101.239998
100.919998
101.300003
101.010002
101.190002
102.110001
101.410004
102.239998
102.900002
103.709999
103.529999
103.879997
103.849998
103.940002
103.760002
104.019997
104.360001
105.089996
104.480003
104.019997
106.199997
107.099998
106.690002
106.519997
105.769997
107.449997
106.889999
107.620003
107.470001
107.089996
106.330002
105.779999
106.620003
106.459999
106.220001
106.489998
106.370003
107.029999
107.940002
109.110001
107.059998
106.25
107.010002
108.220001
108.260002
107.699997
107.300003
107.269997
107.160004
106.910004
107.110001
106.050003
105.989998
106.879997
107.199997
107.18
107.879997
108.260002
107.93
108.339996
108.519997
108.800003
108.660004
108.779999
107.550003
107.160004
105.82
105.089996
104.809998
104.410004
104.160004
104.220001
99.720001
100.550003
101.989998
102.349998
103.110001
102.169998
103.389999
104.279999
105.029999
105.610001
105.610001
105.470001
106.029999
103.940002
102.199997
103.139999
102.360001
102.779999
104.589996
104.120003
104.160004
103.290001
102.870003
102.25
102.440002
102.839996
102.519997
101.410004
102.330002
102.269997
103.129997
102.879997
103.879997
102.57
102.449997
103.099998
102.949997
99.5
99.480003
98.769997
99.75
100.150002
100.07
100.559998
100.559998
99.599998
99.489998
96.580002
96.150002
96.480003
95.010002
93.910004
92.07
91.32
92.199997
92.870003
91.540001
92.519997
93.25
95.0
94.610001
94.5
94.510002
93.25
92.959999
95.370003
91.75
91.690002
88.900002
89.190002
87.93
85.389999
87.75
87.739998
87.989998
87.849998
88.980003
88.75
88.25
85.510002
85.910004
88.050003
87.769997
85.589996
85.82
85.910004
85.68
86.75
86.220001
86.699997
87.029999
89.360001
89.339996
89.470001
90.379997
90.849998
91.900002
91.029999
89.849998
89.470001
88.160004
86.830002
87.849998
88.199997
90.940002
91.239998
90.279999
91.639999
92.5
92.440002
91.980003
91.889999
92.18
92.269997
90.43
91.5
91.690002
92.650002
92.0
90.339996
decrease
