66.120003
65.050003
63.779999
63.799999
62.110001
62.709999
62.43
64.669998
64.940002
62.09
61.57
61.639999
60.099998
59.639999
60.529999
59.5
58.209999
58.299999
57.439999
57.490002
58.139999
59.349998
58.560001
58.200001
59.220001
60.169998
58.77
57.549999
57.41
58.310001
57.799999
56.799999
57.380001
58.240002
57.220001
58.349998
59.43
59.389999
58.860001
58.740002
57.77
57.470001
57.580002
56.830002
57.16
57.450001
58.57
58.830002
59.439999
58.950001
58.060001
59.43
57.950001
56.939999
57.330002
57.060001
56.470001
56.889999
57.59
58.610001
59.049999
58.48
58.610001
58.93
58.799999
58.349998
59.240002
60.349998
61.23
57.849998
57.389999
57.91
55.549999
56.919998
59.34
60.610001
59.599998
59.689999
57.889999
56.720001
57.439999
55.619999
54.84
54.48
53.139999
53.23
53.029999
53.779999
53.380001
54.259998
53.080002
52.75
53.169998
52.77
53.290001
53.349998
54.380001
54.57
54.23
54.389999
53.619999
54.48
55.779999
55.630001
54.5
53.139999
52.970001
52.919998
52.720001
54.16
56.189999
55.299999
55.279999
54.970001
55.099998
55.259998
56.48
57.119999
56.439999
56.93
57.68
57.830002
57.549999
58.16
57.57
57.91
57.080002
57.119999
56.759998
57.580002
56.700001
56.099998
57.049999
56.560001
55.700001
54.599998
54.970001
55.650002
54.389999
54.189999
58.759998
58.84
62.41
64.370003
64.07
64.760002
64.599998
64.660004
64.209999
63.419998
63.529999
64.269997
64.260002
63.810001
63.869999
64.230003
64.75
64.220001
65.199997
65.239998
64.839996
64.470001
65.75
63.290001
66.470001
66.769997
66.57
65.480003
65.68
65.860001
64.650002
64.410004
65.199997
65.730003
65.879997
66.010002
65.68
66.610001
65.650002
64.0
64.809998
65.230003
63.540001
63.029999
63.099998
62.970001
61.560001
63.02
62.900002
63.75
66.0
68.860001
67.309998
65.050003
66.5
66.019997
64.279999
64.57
62.73
61.459999
59.73
59.650002
60.189999
58.360001
60.41
60.799999
60.830002
61.560001
61.099998
60.66
59.380001
57.959999
58.799999
59.360001
59.810001
57.849998
58.939999
59.130001
59.040001
59.16
59.18
59.27
58.779999
58.02
58.099998
58.889999
59.599998
59.110001
58.93
57.849998
57.360001
57.48
57.880001
57.279999
57.84
55.5
56.91
56.02
55.389999
56.119999
58.549999
58.400002
57.349998
57.209999
57.799999
58.080002
57.599998
57.82
57.849998
58.34
58.07
57.549999
decrease
