92.769997
92.470001
93.519997
94.57
96.300003
95.739998
94.419998
95.580002
97.099998
96.989998
96.879997
97.050003
96.370003
102.5
103.239998
102.82
102.449997
104.059998
103.989998
102.110001
102.529999
102.82
104.220001
105.489998
105.879997
106.529999
106.900002
106.739998
107.650002
108.68
110.059998
108.190002
104.989998
105.120003
105.080002
102.419998
102.07
103.879997
103.910004
104.739998
104.5
105.93
104.190002
104.129997
103.889999
104.059998
103.93
101.029999
101.980003
100.209999
100.309998
100.110001
101.169998
99.650002
100.349998
100.709999
100.730003
100.800003
100.699997
100.989998
101.349998
102.0
102.239998
102.400002
102.849998
102.709999
103.059998
103.040001
104.059998
103.339996
104.190002
105.129997
103.489998
103.660004
105.019997
106.169998
103.949997
101.349998
99.519997
99.400002
100.07
100.400002
100.300003
97.839996
98.029999
99.080002
102.0
100.43
99.949997
100.660004
100.709999
100.230003
103.639999
103.580002
103.800003
102.279999
101.800003
101.760002
103.43
104.629997
105.080002
106.769997
106.389999
105.389999
105.540001
107.349998
107.690002
107.57
107.879997
108.870003
108.07
108.360001
110.0
110.260002
110.529999
109.400002
108.82
111.269997
111.760002
112.760002
114.080002
114.129997
114.459999
115.110001
114.75
115.040001
115.769997
115.199997
115.019997
115.309998
116.809998
116.330002
118.809998
118.870003
118.519997
119.480003
120.160004
119.639999
121.550003
121.980003
120.889999
119.980003
118.809998
120.110001
120.389999
123.059998
122.260002
124.379997
125.480003
125.910004
127.620003
126.389999
126.5
126.93
126.900002
126.489998
127.0
126.860001
127.730003
127.529999
127.300003
127.849998
129.320007
128.570007
128.759995
128.470001
127.720001
129.820007
133.339996
133.139999
133.839996
133.949997
133.970001
133.300003
136.25
136.570007
135.729996
133.75
136.449997
135.699997
134.399994
136.339996
137.710007
137.699997
139.429993
139.779999
139.119995
142.0
141.130005
144.070007
143.809998
145.800003
144.389999
145.5
147.139999
147.990005
147.270004
147.339996
147.520004
141.169998
136.339996
140.029999
139.639999
133.880005
136.289993
139.100006
140.610001
145.240005
141.289993
138.5
140.440002
141.960007
140.600006
142.169998
141.350006
138.119995
141.210007
137.539993
139.580002
135.729996
137.610001
138.979996
139.350006
143.289993
141.809998
141.75
141.429993
141.729996
141.059998
139.820007
140.550003
140.419998
137.25
133.759995
138.919998
135.589996
133.899994
135.979996
132.070007
132.5
135.809998
134.440002
130.929993
130.720001
129.839996
132.029999
133.009995
131.059998
133.470001
136.809998
138.309998
137.619995
decrease
