33.93
34.34
35.029999
36.900002
37.450001
37.25
37.02
36.720001
36.740002
36.639999
36.790001
36.919998
36.93
36.950001
36.759998
36.650002
36.459999
37.009998
37.259998
36.849998
37.02
37.0
37.189999
36.830002
37.09
37.130001
37.0
36.990002
37.25
37.419998
37.639999
37.27
37.150002
37.0
37.040001
37.220001
37.419998
38.139999
38.419998
38.59
38.580002
39.139999
38.970001
38.759998
38.82
38.91
38.91
38.25
38.759998
38.0
38.209999
37.959999
38.150002
37.68
38.43
38.740002
38.799999
38.66
38.84
38.919998
38.740002
38.57
39.02
38.299999
38.299999
37.720001
37.740002
37.639999
38.290001
38.57
38.130001
38.330002
38.279999
37.990002
38.330002
38.209999
37.630001
37.200001
36.450001
36.689999
37.299999
37.419998
37.48
36.470001
36.400002
36.529999
36.990002
36.720001
36.48
36.310001
36.299999
36.310001
36.369999
36.77
37.060001
36.650002
36.799999
37.0
37.57
37.639999
38.110001
37.509998
37.380001
37.310001
37.25
37.389999
37.52
37.720001
38.09
38.209999
38.400002
38.57
38.779999
39.009998
39.59
39.209999
39.25
38.98
39.23
38.939999
38.75
38.959999
39.040001
38.919998
38.959999
38.900002
38.66
39.060001
40.09
40.110001
40.830002
39.669998
40.110001
40.16
39.490002
39.82
39.369999
38.889999
39.02
39.220001
39.080002
39.130001
38.619999
38.610001
38.889999
39.040001
38.810001
39.139999
39.360001
39.84
40.009998
39.939999
39.580002
40.060001
40.93
42.029999
42.91
42.5
43.299999
42.98
42.150002
42.310001
42.720001
42.419998
42.189999
42.02
41.849998
42.310001
43.0
43.0
43.669998
44.240002
43.830002
44.02
43.880001
44.119999
43.939999
43.810001
44.0
44.049999
44.459999
44.669998
45.43
44.709999
45.73
45.759998
45.240002
45.830002
46.27
45.900002
45.869999
45.459999
45.91
45.43
45.330002
44.639999
44.52
44.66
44.07
42.900002
41.279999
42.34
42.689999
40.700001
42.130001
43.119999
42.759998
42.939999
42.830002
43.209999
42.52
42.400002
42.580002
43.02
42.869999
41.889999
41.119999
40.849998
40.509998
41.16
41.139999
41.27
41.450001
42.48
42.470001
42.290001
41.57
41.610001
41.57
41.09
41.02
41.549999
41.029999
40.25
40.810001
40.470001
39.830002
40.439999
39.0
39.619999
40.709999
40.93
40.189999
40.220001
40.799999
40.599998
40.82
40.650002
40.919998
41.400002
41.310001
39.75
decrease
