25.209999
21.790001
21.6
22.129999
22.389999
22.57
22.42
21.99
22.059999
21.74
21.780001
22.120001
22.219999
22.43
22.58
22.41
22.68
22.459999
22.65
22.16
22.08
22.15
21.889999
21.75
22.41
22.18
22.530001
22.75
22.91
22.780001
22.559999
22.799999
22.799999
22.370001
22.43
22.27
22.23
22.65
22.15
20.67
20.719999
20.43
20.02
19.99
20.299999
20.68
20.610001
20.629999
20.690001
20.870001
21.530001
20.99
20.969999
20.76
20.809999
20.92
20.879999
20.879999
20.73
21.059999
20.85
20.85
21.299999
21.309999
21.629999
20.799999
21.09
20.92
21.299999
19.639999
20.02
19.719999
19.620001
18.98
19.0
18.780001
18.41
18.0
17.74
17.51
17.43
17.49
17.42
17.17
16.82
16.42
16.309999
16.040001
16.24
16.469999
16.469999
16.110001
16.120001
16.219999
16.48
16.209999
15.69
15.56
15.28
15.58
15.7
16.1
15.84
15.86
14.87
15.05
15.01
15.0
14.52
14.71
14.98
15.01
15.01
15.48
15.38
15.68
15.72
15.56
15.55
15.6
15.51
15.66
15.62
15.74
15.75
15.59
15.63
15.81
15.97
15.46
15.4
15.45
15.37
14.0
15.58
14.12
13.55
13.04
13.12
13.06
13.06
13.3
13.93
14.62
17.639999
18.540001
18.32
18.219999
18.68
18.73
18.530001
18.809999
18.51
18.23
18.24
18.24
18.25
17.26
16.85
15.95
15.16
15.39
15.04
15.37
14.62
15.59
16.24
15.48
14.84
15.1
15.12
15.71
15.84
15.72
15.62
15.34
15.38
16.02
16.139999
15.91
16.26
15.81
15.82
15.68
15.48
15.29
15.12
15.16
15.23
16.139999
16.09
17.76
17.27
16.639999
16.57
16.120001
15.99
15.84
15.32
16.530001
16.23
16.85
17.0
16.0
17.27
17.360001
16.360001
16.51
16.959999
16.549999
16.469999
17.02
16.639999
16.639999
16.08
15.97
15.9
15.85
16.57
16.42
16.440001
15.98
15.97
14.84
14.99
14.47
14.18
13.84
13.86
13.22
12.97
12.8
12.9
13.23
13.02
13.19
13.1
13.15
13.07
13.17
13.21
13.24
13.12
13.1
13.52
14.41
14.68
14.64
14.72
14.33
13.89
13.45
decrease
