133.270004
133.410004
134.229996
141.699997
140.839996
140.869995
139.929993
141.149994
141.229996
142.619995
143.449997
143.960007
144.240005
144.360001
144.520004
144.210007
145.360001
146.279999
147.289993
146.410004
147.009995
148.149994
148.190002
147.820007
149.5
149.779999
149.860001
149.929993
150.889999
152.389999
153.740005
152.789993
151.229996
151.940002
151.429993
151.479996
148.470001
149.820007
150.679993
151.169998
151.990005
153.139999
154.070007
153.729996
154.800003
154.639999
153.960007
153.720001
154.300003
153.130005
153.160004
152.5
153.070007
153.089996
156.270004
155.520004
154.910004
156.580002
155.039993
155.279999
155.259995
153.960007
153.889999
154.210007
153.919998
151.850006
159.070007
156.509995
156.949997
155.850006
155.139999
154.039993
156.589996
154.720001
153.820007
154.970001
154.919998
154.919998
156.619995
157.300003
157.259995
157.619995
158.899994
157.889999
157.759995
158.360001
159.639999
158.809998
158.410004
158.820007
159.669998
159.380005
159.529999
159.970001
159.809998
159.100006
158.220001
159.899994
159.710007
161.529999
156.330002
157.0
157.0
156.919998
156.679993
157.429993
159.880005
159.029999
158.910004
156.259995
153.350006
154.050003
157.490005
156.679993
156.960007
156.860001
157.210007
158.800003
159.600006
160.119995
160.580002
163.149994
163.910004
165.369995
165.009995
165.399994
165.770004
166.5
166.300003
163.339996
163.880005
163.580002
164.009995
165.389999
166.229996
166.910004
166.369995
168.100006
168.649994
170.070007
170.770004
170.100006
167.0
165.589996
167.369995
168.110001
167.320007
168.089996
166.720001
166.929993
168.300003
169.050003
169.110001
168.960007
171.339996
170.429993
171.970001
172.869995
170.649994
172.990005
173.479996
172.910004
173.149994
173.25
172.229996
173.550003
173.139999
174.059998
174.199997
173.389999
172.169998
171.850006
171.419998
171.289993
172.669998
173.100006
172.119995
173.220001
172.490005
173.699997
174.050003
173.929993
173.539993
173.509995
173.389999
173.570007
173.679993
174.979996
174.570007
176.119995
176.210007
176.809998
176.119995
175.660004
178.360001
177.770004
172.479996
171.139999
171.899994
169.380005
163.850006
165.179993
165.710007
158.970001
160.800003
163.899994
162.399994
159.990005
160.779999
157.789993
157.160004
158.639999
160.660004
163.059998
163.580002
160.660004
157.740005
155.699997
148.270004
151.029999
151.199997
152.380005
154.440002
157.240005
157.740005
158.220001
158.240005
161.610001
162.360001
159.009995
159.380005
158.660004
157.039993
154.979996
158.009995
157.479996
158.410004
156.380005
157.720001
160.399994
161.729996
163.949997
161.25
161.229996
162.770004
163.339996
161.619995
161.729996
161.630005
162.550003
161.809998
159.529999
decrease
