75.629997
74.43
75.949997
76.730003
76.150002
76.75
75.580002
76.160004
75.690002
75.25
75.010002
75.169998
75.459999
76.449997
78.510002
79.040001
79.0
80.129997
81.629997
78.339996
79.339996
80.18
81.110001
81.349998
81.660004
81.769997
81.699997
82.510002
83.300003
83.43
84.339996
84.510002
85.190002
86.300003
86.860001
83.480003
83.080002
83.529999
82.300003
81.57
81.230003
82.610001
80.349998
80.830002
80.07
81.589996
80.300003
78.709999
79.830002
77.379997
77.18
75.809998
77.940002
77.120003
78.360001
78.760002
79.110001
80.160004
79.489998
80.839996
81.029999
81.57
82.309998
83.040001
80.879997
80.550003
80.940002
82.690002
80.93
80.699997
80.040001
80.330002
79.82
80.68
83.489998
84.980003
84.620003
83.599998
81.239998
82.209999
84.019997
84.290001
84.160004
81.650002
81.580002
81.529999
82.709999
82.900002
82.690002
82.629997
83.760002
83.830002
85.68
86.800003
87.849998
86.489998
86.120003
87.389999
86.57
88.379997
88.449997
88.339996
89.239998
89.620003
91.010002
90.980003
88.32
88.379997
89.690002
88.07
87.760002
88.919998
89.139999
89.779999
90.550003
90.720001
91.599998
91.300003
91.550003
91.489998
91.919998
91.93
91.779999
91.760002
91.889999
91.699997
92.120003
93.050003
92.730003
92.610001
93.309998
92.32
93.120003
94.720001
95.209999
94.800003
92.989998
93.459999
93.660004
95.360001
91.440002
92.809998
90.809998
91.559998
91.019997
91.010002
89.589996
90.779999
91.300003
91.389999
91.870003
90.400002
90.970001
88.93
90.580002
86.580002
86.989998
87.0
86.300003
86.209999
86.309998
87.389999
87.410004
87.389999
85.839996
86.400002
85.470001
86.75
88.970001
89.589996
90.220001
89.459999
88.919998
88.629997
88.400002
88.610001
87.879997
90.410004
91.769997
91.989998
92.260002
92.620003
92.510002
90.949997
92.110001
93.440002
93.330002
96.019997
97.290001
97.449997
98.690002
98.519997
95.360001
92.480003
96.910004
96.879997
94.989998
95.220001
94.540001
93.309998
89.5
91.919998
82.910004
79.900002
81.040001
83.019997
80.809998
82.209999
82.489998
83.410004
84.860001
84.150002
83.919998
85.160004
86.379997
88.550003
88.93
89.019997
91.290001
94.470001
96.57
95.57
95.339996
98.970001
100.239998
98.029999
97.25
97.529999
98.18
96.970001
98.540001
99.209999
96.550003
94.010002
97.989998
94.400002
91.160004
91.360001
87.629997
89.029999
90.18
89.620003
86.269997
86.199997
88.730003
88.5
89.059998
87.330002
86.230003
89.07
88.0
85.139999
increase
