137.660004
135.919998
136.149994
135.0
136.029999
138.789993
138.289993
138.470001
139.210007
138.210007
142.220001
141.470001
140.869995
142.490005
143.229996
145.699997
144.580002
145.330002
144.919998
142.039993
141.440002
153.009995
155.419998
159.0
161.229996
162.360001
161.199997
162.110001
163.089996
165.919998
165.699997
165.899994
161.940002
161.589996
162.149994
163.389999
161.770004
162.149994
163.369995
163.910004
159.830002
161.75
160.970001
162.869995
165.570007
166.960007
167.610001
166.690002
166.619995
163.639999
164.539993
164.550003
165.270004
163.080002
164.679993
164.710007
165.199997
166.339996
166.330002
167.5
168.119995
165.410004
164.850006
165.070007
165.919998
166.740005
167.630005
166.350006
162.529999
162.509995
161.869995
161.259995
159.610001
155.339996
154.690002
155.679993
157.259995
154.270004
151.070007
149.990005
149.080002
149.259995
147.639999
146.830002
146.0
146.139999
148.279999
147.190002
146.869995
147.580002
148.330002
147.210007
146.699997
149.309998
149.410004
147.820007
152.089996
155.839996
156.940002
159.240005
156.360001
157.679993
151.679993
149.880005
148.419998
148.369995
150.179993
152.570007
154.009995
154.509995
154.880005
155.949997
153.720001
153.610001
155.259995
153.990005
153.610001
153.720001
151.289993
148.139999
149.410004
149.940002
150.669998
147.169998
146.610001
146.410004
146.210007
149.960007
150.779999
148.300003
149.75
151.380005
143.539993
135.619995
135.020004
137.880005
139.669998
137.059998
137.610001
135.210007
136.929993
140.360001
140.110001
137.610001
138.050003
136.169998
138.860001
142.699997
142.130005
138.240005
142.869995
145.800003
144.660004
144.850006
147.75
148.119995
147.740005
146.389999
153.089996
150.690002
150.470001
150.009995
152.570007
153.809998
154.550003
155.210007
157.199997
162.600006
160.259995
159.970001
160.639999
159.389999
158.440002
158.899994
158.020004
157.729996
155.949997
159.0
156.759995
155.059998
157.160004
159.149994
160.639999
160.669998
162.300003
166.25
170.660004
172.830002
171.779999
170.360001
172.960007
170.600006
174.580002
175.199997
176.720001
176.330002
171.75
168.880005
166.270004
159.210007
152.389999
152.520004
152.830002
150.229996
148.929993
149.020004
146.179993
148.770004
148.699997
150.5
148.850006
149.589996
150.089996
152.649994
154.520004
153.679993
149.229996
146.539993
149.899994
151.309998
151.169998
151.75
153.979996
155.789993
157.800003
157.690002
155.440002
153.960007
152.330002
147.619995
141.809998
142.919998
141.690002
139.039993
139.289993
138.75
140.660004
140.869995
139.809998
140.529999
141.350006
142.610001
139.710007
140.029999
143.199997
143.080002
143.940002
142.850006
147.880005
149.5
149.279999
147.100006
decrease
