115.360001
115.019997
117.699997
118.07
118.75
119.43
118.32
117.900002
118.849998
118.650002
119.400002
118.230003
116.68
116.709999
116.610001
115.57
114.769997
116.110001
115.230003
112.949997
113.389999
114.75
114.970001
114.889999
115.050003
116.540001
117.110001
116.760002
118.449997
119.0
118.82
118.860001
117.769997
117.669998
117.379997
116.82
117.190002
118.919998
120.010002
121.080002
122.25
122.18
121.190002
118.940002
118.720001
120.059998
120.620003
120.419998
122.220001
121.370003
121.68
122.019997
123.980003
122.169998
123.419998
123.029999
122.610001
124.279999
124.68
125.099998
125.370003
125.849998
126.599998
127.169998
132.570007
133.570007
132.75
133.279999
131.889999
132.210007
131.630005
131.589996
129.369995
128.720001
129.289993
129.070007
127.699997
128.020004
126.910004
127.760002
130.529999
132.199997
132.089996
130.220001
130.490005
130.809998
132.580002
132.020004
132.199997
132.389999
132.679993
133.029999
134.440002
134.029999
133.759995
133.059998
134.240005
134.220001
135.350006
135.720001
136.160004
135.369995
134.960007
136.330002
136.759995
136.740005
136.770004
136.649994
138.029999
138.779999
138.350006
138.710007
138.610001
139.210007
140.210007
141.0
141.710007
142.100006
142.490005
141.949997
142.139999
142.550003
143.929993
144.240005
144.75
144.130005
145.199997
144.190002
145.660004
146.059998
147.0
145.580002
147.380005
146.399994
142.979996
142.410004
143.490005
143.529999
146.289993
144.509995
143.770004
144.929993
143.089996
142.190002
142.149994
143.139999
141.960007
144.089996
146.789993
148.309998
149.460007
149.399994
150.229996
149.869995
150.880005
149.839996
151.820007
151.300003
151.75
152.080002
152.270004
151.729996
152.389999
152.389999
152.570007
150.169998
149.5
150.570007
150.470001
150.149994
148.470001
147.479996
146.990005
145.869995
146.630005
147.820007
147.610001
146.130005
148.860001
151.600006
154.119995
155.070007
156.119995
154.809998
155.720001
157.25
155.529999
157.410004
157.580002
159.179993
160.470001
160.839996
162.190002
162.789993
167.229996
161.75
161.630005
161.789993
163.570007
158.610001
151.309998
157.940002
157.979996
152.139999
154.639999
159.279999
161.600006
163.550003
166.990005
168.210007
168.130005
166.990005
167.169998
169.300003
170.199997
168.369995
166.880005
166.520004
166.940002
167.5
166.059998
166.759995
168.369995
170.050003
169.860001
169.080002
166.690002
166.479996
167.300003
165.389999
167.460007
167.210007
160.910004
158.419998
163.300003
159.539993
158.940002
161.300003
158.660004
160.869995
162.259995
162.229996
158.990005
159.460007
162.639999
162.399994
163.949997
162.889999
164.380005
165.940002
166.470001
165.720001
decrease
