44.98
44.939999
45.389999
45.509998
45.119999
45.0
45.029999
44.060001
43.740002
45.029999
45.049999
44.830002
44.59
44.299999
44.25
44.66
44.869999
45.810001
45.509998
44.860001
45.0
45.73
46.110001
46.049999
46.110001
46.529999
46.439999
46.360001
46.59
46.950001
47.189999
47.0
46.810001
46.759998
46.389999
45.619999
45.369999
45.639999
45.73
45.880001
45.189999
45.48
45.029999
44.98
44.849998
44.900002
44.900002
43.970001
44.040001
43.119999
43.189999
43.200001
43.119999
43.060001
43.220001
43.049999
42.990002
43.240002
43.290001
43.619999
43.689999
43.799999
44.139999
43.810001
44.029999
43.75
44.240002
44.220001
44.240002
43.93
44.02
43.619999
44.099998
43.41
43.48
43.990002
43.639999
43.470001
43.27
43.59
43.700001
43.860001
44.189999
43.41
42.939999
43.110001
43.439999
43.099998
41.880001
41.48
41.299999
41.889999
41.630001
40.66
40.880001
40.73
40.59
40.959999
40.630001
41.189999
40.98
41.119999
40.68
40.860001
40.709999
40.580002
40.41
40.189999
40.049999
40.5
40.630001
40.57
40.52
40.66
41.099998
40.939999
41.02
41.099998
41.130001
40.810001
41.450001
41.709999
41.810001
41.68
41.549999
41.130001
40.810001
40.73
41.02
41.040001
41.09
41.080002
40.91
40.68
39.299999
41.43
41.27
41.16
40.970001
40.419998
41.209999
41.599998
41.349998
41.950001
42.049999
42.529999
41.950001
42.189999
42.299999
42.110001
42.32
42.330002
42.150002
42.470001
42.610001
42.939999
42.939999
42.919998
43.110001
42.990002
43.330002
42.68
42.650002
42.869999
42.880001
42.939999
42.77
43.380001
43.110001
43.25
42.950001
43.099998
43.360001
43.419998
43.25
43.060001
42.799999
42.41
42.580002
42.68
43.23
43.009998
42.990002
42.630001
42.509998
42.470001
42.990002
43.860001
43.68
44.139999
44.279999
44.5
44.59
44.470001
44.419998
44.540001
44.34
44.400002
45.869999
45.5
43.939999
44.549999
44.049999
42.68
42.139999
42.529999
42.799999
42.959999
44.080002
44.139999
43.759998
43.619999
43.509998
43.75
44.77
44.009998
43.900002
43.619999
44.419998
45.060001
45.57
43.580002
44.0
44.27
44.389999
44.040001
43.880001
43.389999
43.189999
42.349998
42.349998
42.029999
41.049999
40.509998
41.330002
40.91
40.59
41.73
40.709999
41.18
42.07
42.200001
41.48
41.68
41.740002
41.830002
42.029999
42.09
42.23
41.91
41.990002
41.009998
decrease
