81.019997
80.480003
80.650002
81.760002
82.139999
83.129997
83.089996
83.739998
84.75
84.089996
83.910004
84.0
83.300003
83.339996
82.889999
83.010002
83.419998
84.139999
83.940002
82.660004
82.400002
83.230003
83.989998
84.610001
84.699997
85.580002
85.089996
84.860001
84.279999
86.080002
85.82
85.949997
86.0
85.980003
85.940002
86.510002
87.629997
87.199997
87.650002
87.660004
88.080002
88.989998
88.82
88.790001
89.089996
89.199997
89.150002
88.790001
89.300003
88.709999
88.75
88.809998
88.900002
87.260002
87.959999
87.199997
87.260002
87.809998
87.809998
88.57
86.059998
85.849998
85.650002
85.669998
85.169998
85.089996
85.93
85.739998
84.68
84.290001
83.970001
83.519997
83.199997
83.290001
83.68
84.370003
83.830002
83.949997
83.040001
83.709999
84.470001
84.589996
84.599998
83.669998
83.410004
83.519997
81.760002
79.75
79.239998
79.059998
79.589996
79.720001
79.860001
80.620003
80.050003
79.82
79.870003
79.949997
82.029999
81.559998
82.300003
81.93
81.800003
82.120003
82.400002
81.190002
80.160004
79.529999
79.699997
78.269997
78.370003
77.839996
77.709999
77.769997
78.050003
78.110001
78.629997
79.510002
79.809998
76.93
77.290001
78.239998
77.919998
78.07
77.730003
78.0
78.589996
78.480003
78.339996
79.019997
78.660004
79.199997
80.440002
81.300003
80.529999
80.519997
80.309998
77.870003
78.43
77.690002
78.010002
77.809998
80.809998
79.330002
79.199997
79.160004
78.68
79.260002
79.489998
78.900002
82.660004
82.339996
83.25
81.410004
82.459999
82.110001
82.129997
81.269997
79.870003
80.919998
81.5
80.57
81.07
81.269997
82.0
81.919998
81.830002
83.5
83.43
82.040001
81.379997
81.480003
81.540001
81.470001
81.760002
81.339996
80.75
82.209999
83.919998
84.120003
85.540001
85.510002
85.879997
85.489998
85.730003
85.449997
85.32
86.110001
87.260002
86.68
86.050003
85.230003
85.760002
86.82
87.120003
86.720001
85.959999
85.889999
84.980003
84.449997
81.419998
81.669998
81.349998
78.379997
79.480003
80.239998
80.220001
81.860001
82.940002
83.309998
81.610001
80.720001
80.410004
80.389999
82.419998
81.239998
79.889999
78.300003
78.330002
79.739998
80.410004
81.129997
82.209999
83.150002
83.300003
83.470001
82.300003
82.029999
81.290001
80.129997
79.900002
80.040001
78.139999
76.550003
78.459999
78.160004
78.459999
80.220001
77.480003
78.349998
78.720001
79.699997
77.639999
78.459999
79.290001
78.589996
79.839996
79.57
80.599998
80.629997
80.190002
80.0
decrease
