46.149734
45.695187
46.363636
46.675579
46.247772
46.470589
46.176472
46.319073
46.363636
46.434937
46.925133
46.898396
47.290554
46.622105
46.532978
45.998219
45.383244
46.158646
46.21212
44.52763
44.39394
44.991089
44.696968
45.017826
45.026737
45.623886
45.499107
45.187164
45.089127
46.042782
45.846703
45.570412
44.973263
45.080215
45.980392
47.094475
47.450981
47.513371
47.513371
47.406418
47.700535
48.119431
47.557934
46.81818
46.532978
46.577541
46.880569
47.21925
48.609627
49.073082
48.966133
50.053474
49.812836
49.803921
50.062389
49.955437
49.491978
49.518715
49.652405
49.322639
49.331551
48.805702
48.975044
48.645275
48.707664
48.743317
49.643494
48.778965
49.05526
49.242424
49.019608
49.652405
49.447414
47.682709
48.057041
48.529999
48.77
48.310001
46.740002
46.810001
47.580002
47.779999
47.950001
46.950001
47.02
46.68
47.169998
47.049999
47.599998
47.990002
47.57
46.73
47.060001
46.830002
47.799999
47.310001
47.950001
46.810001
47.139999
47.59
48.5
48.650002
48.349998
48.540001
48.900002
49.470001
50.130001
50.450001
50.540001
50.849998
51.470001
51.860001
51.32
51.950001
52.139999
52.400002
52.52
52.580002
53.02
52.990002
53.139999
52.849998
52.73
52.720001
52.869999
52.380001
52.799999
52.990002
53.290001
53.439999
54.139999
53.939999
54.209999
54.290001
53.970001
53.580002
53.869999
55.73
54.630001
54.330002
53.400002
53.02
52.810001
52.200001
52.16
52.0
51.84
51.540001
51.650002
51.970001
51.709999
51.709999
51.830002
51.369999
52.650002
53.549999
53.68
53.610001
53.619999
53.040001
53.0
53.619999
53.759998
53.639999
53.669998
52.84
52.490002
51.41
50.93
50.790001
51.009998
51.029999
50.759998
50.669998
50.75
50.869999
50.560001
50.18
50.5
51.360001
51.84
51.98
52.360001
53.029999
53.490002
53.330002
51.849998
52.549999
52.950001
53.400002
53.849998
53.610001
54.099998
54.0
54.77
54.400002
49.73
48.07
48.389999
47.560001
45.889999
46.200001
46.259998
44.279999
44.610001
44.619999
45.200001
46.700001
46.73
46.639999
46.889999
46.950001
46.630001
47.470001
47.549999
47.220001
46.189999
45.73
45.5
46.389999
47.07
47.049999
46.84
47.84
47.02
47.099998
46.91
46.959999
47.32
47.09
47.200001
47.220001
45.709999
44.080002
46.150002
45.490002
45.900002
45.889999
45.02
45.630001
45.849998
46.029999
45.27
45.549999
46.459999
46.049999
47.029999
46.919998
47.389999
46.900002
47.0
47.439999
increase
