28.459999
28.41
29.0
29.35
29.790001
31.01
30.709999
30.969999
30.959999
31.110001
30.719999
30.85
30.42
30.959999
31.23
30.98
31.15
31.68
32.200001
31.15
30.959999
31.25
31.57
31.299999
31.190001
31.6
31.82
31.870001
31.719999
32.259998
32.52
32.189999
32.490002
32.759998
32.77
31.98
31.59
32.09
32.349998
32.580002
32.610001
33.150002
33.18
32.959999
33.25
34.16
33.849998
33.73
33.700001
32.889999
31.290001
30.559999
30.98
30.299999
30.84
31.18
31.43
31.74
31.93
31.91
31.85
32.549999
32.790001
33.73
34.029999
33.990002
34.27
33.869999
33.389999
33.139999
32.93
32.41
31.98
31.559999
31.790001
31.860001
31.549999
31.49
30.51
30.59
30.99
31.59
31.299999
30.51
30.709999
31.110001
31.6
31.32
31.549999
31.83
31.690001
32.040001
32.119999
32.959999
33.209999
33.139999
33.77
33.990002
33.25
33.080002
32.75
32.59
32.060001
31.92
31.68
32.560001
33.080002
33.060001
32.380001
31.940001
32.16
32.459999
32.34
32.59
30.77
30.85
30.75
30.9
30.809999
30.809999
30.43
30.9
30.07
29.74
29.690001
30.49
30.440001
30.48
31.030001
30.9
31.219999
30.969999
30.83
31.25
30.57
31.35
30.82
30.709999
31.26
31.709999
31.459999
33.060001
32.75
32.880001
33.060001
32.849998
32.889999
33.0
33.0
33.18
33.34
33.450001
33.889999
33.669998
33.25
33.650002
34.119999
34.02
34.220001
33.939999
33.099998
33.34
33.18
33.34
32.709999
33.16
32.830002
32.880001
32.950001
32.84
33.16
33.73
33.34
33.349998
33.709999
33.630001
33.389999
33.509998
33.330002
33.66
33.889999
33.099998
33.630001
33.919998
35.110001
35.029999
36.029999
36.540001
36.07
36.349998
37.119999
37.02
37.630001
36.810001
37.049999
38.029999
37.110001
36.450001
36.830002
35.580002
34.470001
34.880001
34.68
33.5
33.43
33.200001
33.130001
34.439999
35.0
34.470001
34.709999
34.400002
34.509998
35.380001
35.330002
34.27
34.23
33.279999
33.73
33.849998
34.75
34.860001
35.91
36.790001
36.77
35.790001
35.689999
35.68
35.990002
36.279999
36.73
36.119999
34.529999
33.259998
34.919998
34.860001
34.099998
35.02
33.880001
34.439999
34.93
35.57
34.130001
34.369999
34.669998
33.68
34.93
34.400002
34.77
36.110001
36.41
35.560001
decrease
