236.289993
234.929993
235.779999
238.419998
238.350006
238.880005
234.789993
234.679993
231.970001
229.919998
232.559998
232.199997
234.089996
234.389999
233.699997
234.809998
230.529999
232.199997
231.270004
228.75
228.479996
230.020004
231.580002
232.869995
235.539993
236.979996
235.889999
237.25
239.300003
238.979996
239.399994
240.220001
239.720001
240.179993
239.210007
240.160004
239.539993
241.949997
243.789993
242.490005
241.929993
243.880005
243.009995
242.919998
242.699997
246.5
246.649994
243.630005
243.940002
239.710007
241.690002
241.070007
243.759995
241.669998
245.75
246.639999
246.529999
247.860001
248.020004
247.610001
248.190002
246.880005
247.889999
242.580002
245.119995
244.020004
241.270004
240.130005
238.339996
248.649994
248.990005
252.070007
251.699997
250.979996
250.880005
249.380005
248.960007
249.679993
246.410004
245.429993
248.570007
249.940002
252.110001
248.100006
248.970001
246.910004
249.580002
248.059998
245.899994
247.059998
247.119995
248.570007
250.850006
253.119995
254.800003
254.759995
255.559998
252.529999
257.920013
258.070007
259.690002
256.369995
253.759995
254.669998
254.339996
254.449997
256.0
254.110001
245.669998
245.029999
245.720001
244.970001
248.080002
247.509995
249.039993
252.020004
256.910004
256.140015
256.769989
256.73999
254.830002
257.059998
258.23999
254.990005
257.179993
258.730011
260.0
261.040009
264.519989
264.140015
266.51001
263.149994
262.980011
264.339996
262.959991
261.76001
262.450012
257.790009
257.329987
260.619995
260.920013
263.480011
264.609985
263.850006
265.019989
267.140015
267.100006
270.649994
272.200012
276.73999
274.25
274.01001
275.549988
275.529999
280.089996
279.100006
282.609985
284.820007
284.649994
281.26001
277.670013
280.320007
280.570007
277.369995
275.339996
275.51001
273.559998
274.709991
275.140015
276.559998
277.549988
277.859985
276.459991
276.450012
273.440002
276.140015
275.899994
276.0
275.140015
275.26001
276.670013
279.149994
279.790009
272.089996
271.720001
274.070007
274.48999
277.799988
278.130005
279.140015
279.559998
278.809998
274.559998
276.769989
280.690002
279.140015
278.339996
281.059998
276.079987
270.579987
263.350006
268.049988
267.660004
256.570007
249.460007
254.550003
251.279999
253.5
252.5
249.759995
247.070007
246.399994
249.0
251.389999
250.539993
246.539993
239.880005
241.100006
236.559998
238.440002
241.289993
237.220001
240.080002
245.0
247.929993
250.589996
248.889999
246.399994
247.899994
243.020004
246.789993
247.100006
240.279999
230.570007
234.199997
227.899994
228.889999
232.220001
227.610001
230.699997
238.910004
239.5
236.080002
235.369995
238.830002
238.509995
239.570007
239.199997
239.539993
243.479996
245.940002
240.979996
decrease
