100.440002
100.400002
101.080002
100.68
99.720001
100.019997
99.900002
99.190002
99.360001
99.370003
100.330002
100.160004
100.419998
99.720001
99.970001
100.040001
99.400002
100.309998
99.489998
100.349998
100.110001
100.989998
102.269997
102.529999
103.510002
104.18
104.480003
103.720001
104.150002
105.470001
105.419998
105.400002
105.279999
105.919998
104.510002
104.400002
104.540001
104.980003
105.410004
105.529999
101.830002
102.160004
101.099998
100.019997
99.709999
100.230003
100.410004
98.529999
98.949997
95.360001
97.510002
97.300003
96.75
95.739998
95.75
94.970001
96.25
97.199997
96.940002
97.669998
97.279999
97.139999
92.07
92.480003
93.669998
93.949997
94.809998
94.699997
95.25
95.519997
95.300003
95.25
95.629997
95.18
94.510002
95.050003
93.010002
95.760002
95.199997
97.029999
98.029999
96.75
97.970001
96.629997
96.089996
96.230003
97.300003
97.059998
94.779999
94.910004
94.650002
95.360001
95.580002
95.129997
96.139999
96.269997
97.540001
96.629997
97.599998
98.040001
98.669998
98.360001
98.470001
98.940002
98.93
98.650002
97.720001
96.849998
96.059998
96.779999
97.279999
96.449997
101.650002
102.639999
99.769997
98.080002
99.769997
98.32
98.18
96.830002
97.449997
98.290001
99.019997
98.510002
99.129997
99.169998
99.139999
99.370003
99.260002
99.220001
99.160004
98.870003
99.040001
99.360001
97.980003
99.529999
99.849998
98.050003
96.900002
93.989998
95.18
96.43
95.510002
96.919998
96.959999
98.580002
96.489998
99.550003
99.330002
100.080002
100.059998
99.010002
99.129997
100.120003
100.809998
102.120003
102.18
102.849998
104.480003
102.959999
103.0
102.139999
101.160004
100.519997
101.07
100.959999
100.239998
101.43
101.690002
101.57
101.400002
101.150002
101.919998
102.010002
102.129997
102.239998
101.910004
101.230003
101.470001
102.110001
103.110001
103.220001
103.120003
101.580002
101.0
101.010002
101.290001
102.650002
102.910004
99.190002
99.129997
98.889999
100.089996
105.089996
107.449997
107.779999
107.970001
108.769997
107.519997
103.559998
101.529999
102.459999
102.660004
101.360001
101.839996
102.300003
102.709999
103.760002
104.809998
105.5
104.599998
104.059998
105.059998
106.220001
107.419998
106.589996
106.779999
106.739998
108.290001
109.739998
110.059998
109.190002
109.620003
110.540001
110.690002
110.739998
110.559998
108.970001
107.809998
107.870003
107.75
107.040001
106.559998
105.720001
106.970001
107.349998
105.949997
106.389999
103.830002
104.029999
105.040001
105.300003
104.199997
105.419998
105.720001
106.589996
105.080002
105.800003
107.260002
108.449997
108.129997
106.449997
decrease
