217.289993
218.889999
222.809998
223.5
221.149994
223.350006
220.190002
222.869995
239.850006
238.970001
237.0
237.550003
234.289993
233.839996
234.279999
233.759995
230.539993
235.190002
233.029999
224.770004
229.279999
228.389999
231.770004
231.059998
227.410004
229.529999
227.759995
226.720001
224.100006
227.960007
226.550003
227.679993
225.669998
227.529999
232.110001
234.820007
232.110001
235.580002
230.919998
229.419998
230.330002
231.729996
229.139999
227.089996
226.389999
228.270004
232.229996
225.289993
227.300003
221.380005
222.580002
223.360001
226.839996
226.0
227.899994
224.740005
220.720001
225.089996
224.339996
223.270004
223.779999
220.600006
223.949997
224.779999
224.669998
227.0
228.100006
227.550003
225.75
226.5
226.429993
211.970001
216.229996
210.830002
214.419998
214.009995
209.869995
210.949997
206.789993
204.770004
205.419998
206.369995
205.110001
200.410004
200.539993
198.949997
200.820007
203.399994
199.979996
195.539993
200.350006
202.820007
213.800003
211.990005
211.559998
207.800003
209.110001
208.850006
212.0
204.259995
205.149994
203.289993
199.440002
199.199997
202.399994
199.149994
202.149994
199.800003
198.690002
196.139999
196.550003
202.589996
205.0
206.229996
204.990005
206.410004
205.970001
209.910004
205.949997
205.929993
205.139999
203.729996
205.979996
204.570007
205.539993
203.479996
203.350006
209.5
216.160004
213.25
216.589996
212.229996
216.919998
217.119995
217.860001
216.850006
217.300003
208.960007
211.809998
212.570007
210.039993
213.199997
212.949997
213.25
212.470001
212.160004
206.179993
209.380005
207.720001
208.740005
207.440002
207.130005
205.899994
201.820007
204.350006
208.509995
208.389999
202.649994
208.440002
205.899994
201.509995
208.550003
214.100006
208.679993
207.25
208.009995
202.199997
204.440002
207.630005
203.669998
204.639999
210.490005
211.100006
217.570007
218.199997
217.460007
221.039993
225.0
227.5
228.0
227.330002
230.25
228.009995
226.630005
229.639999
230.759995
226.190002
227.039993
226.639999
226.979996
226.710007
231.419998
232.259995
238.139999
239.960007
236.910004
235.839996
228.169998
224.080002
217.289993
209.100006
210.460007
218.850006
208.419998
214.380005
212.759995
218.410004
215.699997
222.589996
216.25
214.089996
212.309998
212.119995
211.580002
211.179993
206.199997
203.929993
204.050003
204.309998
205.419998
208.630005
208.149994
207.009995
209.179993
209.720001
210.320007
206.729996
205.449997
207.199997
204.5
204.210007
206.740005
201.710007
205.679993
209.289993
205.429993
201.789993
207.300003
201.369995
201.330002
204.380005
208.050003
202.220001
199.610001
205.199997
202.820007
202.419998
196.119995
199.039993
201.850006
203.539993
198.169998
decrease
