73.290001
71.879997
73.029999
73.059998
73.419998
74.25
74.129997
74.32
74.050003
73.910004
74.379997
74.510002
74.120003
73.650002
73.790001
73.68
73.379997
73.809998
74.080002
73.709999
74.5
74.610001
74.730003
74.739998
75.099998
76.529999
76.370003
77.389999
77.559998
77.349998
77.5
77.379997
76.839996
76.889999
77.300003
78.230003
78.510002
78.599998
79.580002
80.099998
80.269997
80.139999
79.800003
79.400002
78.68
78.059998
78.150002
77.910004
78.709999
77.660004
77.959999
78.010002
78.120003
77.669998
78.330002
78.089996
77.410004
78.160004
78.739998
78.860001
78.989998
79.150002
79.199997
79.639999
80.010002
80.279999
80.559998
80.220001
77.410004
78.68
77.970001
78.760002
78.639999
78.43
78.18
78.0
77.440002
77.480003
77.080002
77.019997
77.769997
78.110001
78.150002
77.209999
77.360001
77.459999
78.129997
77.160004
76.879997
76.959999
77.440002
77.0
77.410004
78.080002
77.870003
78.089996
78.970001
78.839996
81.949997
81.199997
81.760002
81.75
81.199997
81.32
81.449997
81.769997
82.589996
82.339996
82.720001
82.879997
83.650002
84.220001
83.660004
83.809998
84.519997
84.389999
83.260002
83.699997
83.199997
83.349998
83.489998
83.580002
83.57
83.900002
83.910004
83.529999
83.550003
84.290001
84.440002
84.279999
84.489998
84.470001
81.360001
81.0
80.620003
80.93
82.419998
83.660004
82.379997
82.629997
82.459999
82.43
82.93
83.150002
83.0
83.599998
83.139999
82.910004
82.349998
82.93
83.449997
82.650002
82.339996
82.5
83.620003
83.599998
83.93
85.059998
85.970001
85.010002
84.400002
83.730003
84.129997
83.93
84.650002
83.400002
83.019997
83.110001
82.5
82.519997
82.120003
80.709999
80.690002
80.739998
81.690002
81.970001
81.389999
80.400002
81.449997
82.300003
82.870003
81.989998
81.989998
81.160004
81.019997
81.739998
81.260002
81.529999
81.559998
82.080002
82.709999
82.959999
83.419998
83.57
85.720001
84.709999
83.739998
83.519997
85.050003
84.690002
82.519997
82.239998
82.160004
79.309998
80.43
81.040001
81.279999
82.260002
82.440002
82.760002
83.510002
82.760002
81.900002
83.57
84.690002
84.309998
83.019997
81.82
82.620003
83.330002
83.540001
83.800003
84.440002
85.870003
84.910004
84.620003
83.769997
83.860001
84.330002
84.419998
84.93
84.489998
82.43
80.540001
82.089996
81.389999
81.889999
82.589996
80.970001
81.260002
81.980003
82.139999
80.720001
80.620003
81.709999
81.190002
81.989998
81.970001
83.610001
84.029999
83.910004
83.349998
decrease
