191.160004
191.5
194.229996
195.130005
195.0
196.110001
195.830002
194.809998
196.529999
197.630005
199.509995
199.399994
198.649994
197.960007
196.639999
196.75
196.570007
197.630005
197.910004
194.839996
195.240005
195.800003
198.509995
197.729996
197.490005
199.539993
200.669998
202.440002
204.470001
204.350006
206.699997
206.220001
205.410004
205.009995
205.940002
206.929993
207.389999
209.110001
210.009995
211.289993
213.240005
213.360001
213.360001
212.860001
212.220001
212.899994
212.610001
209.779999
210.619995
207.850006
208.190002
209.830002
209.759995
208.020004
209.589996
210.490005
209.660004
211.300003
211.089996
211.770004
211.679993
211.309998
212.100006
212.449997
211.160004
210.0
199.389999
199.029999
200.050003
199.720001
201.169998
203.179993
205.410004
207.619995
207.649994
207.440002
206.429993
206.479996
206.229996
205.979996
207.369995
207.179993
207.919998
205.350006
203.529999
204.550003
205.460007
202.669998
202.119995
202.130005
202.460007
202.919998
203.690002
204.320007
203.559998
200.979996
202.050003
204.460007
205.690002
209.559998
209.639999
209.490005
211.429993
213.350006
213.759995
213.559998
210.509995
210.440002
210.759995
210.729996
211.029999
209.479996
209.550003
209.899994
212.759995
214.570007
216.520004
216.369995
216.520004
216.679993
216.75
216.509995
217.589996
217.720001
218.720001
217.75
218.270004
219.240005
221.320007
221.550003
234.649994
237.679993
232.940002
234.740005
231.020004
230.190002
230.179993
232.229996
232.220001
230.309998
230.050003
229.830002
228.389999
227.449997
228.220001
229.330002
227.399994
229.419998
229.360001
231.490005
234.089996
231.580002
231.380005
234.0
235.630005
238.009995
243.139999
241.149994
239.259995
238.259995
238.669998
240.300003
238.130005
239.300003
236.580002
239.110001
238.080002
238.0
238.419998
238.389999
236.919998
234.779999
234.729996
235.449997
236.199997
235.720001
235.369995
235.639999
235.630005
238.710007
240.570007
239.789993
241.279999
241.139999
242.309998
244.470001
244.740005
248.110001
245.910004
248.179993
247.300003
246.309998
247.690002
252.360001
258.630005
256.01001
251.539993
250.5
247.940002
245.169998
231.440002
233.630005
233.190002
222.889999
225.210007
229.190002
231.360001
232.0
234.869995
236.669998
235.070007
232.179993
236.0
237.020004
244.139999
240.779999
235.509995
231.339996
230.369995
232.809998
233.660004
235.570007
236.339996
241.350006
239.800003
237.570007
234.289993
235.869995
237.220001
231.559998
232.449997
234.139999
223.169998
215.360001
220.240005
215.869995
216.539993
219.520004
212.619995
216.330002
217.559998
218.669998
212.25
212.809998
216.979996
214.330002
216.419998
215.520004
217.699997
220.089996
219.520004
218.850006
decrease
