45.740002
45.389999
45.470001
45.369999
45.110001
45.290001
45.380001
44.560001
44.68
44.93
45.93
47.450001
48.48
47.990002
47.849998
47.880001
47.619999
47.459999
46.810001
46.799999
46.810001
47.689999
48.34
49.43
49.889999
50.759998
50.900002
50.709999
50.560001
50.970001
51.27
51.110001
50.75
50.849998
50.48
50.049999
50.639999
50.549999
50.75
51.299999
50.310001
50.860001
50.830002
51.189999
50.849998
51.990002
51.52
50.299999
51.049999
49.91
49.68
49.720001
49.509998
50.330002
50.700001
50.509998
49.98
50.419998
50.810001
51.669998
51.540001
51.84
52.23
52.369999
52.580002
52.73
53.389999
53.57
54.029999
53.41
52.75
53.119999
53.040001
53.139999
52.709999
52.869999
52.630001
52.029999
52.52
53.82
53.950001
54.009998
54.310001
53.709999
54.049999
54.360001
55.380001
55.16
54.98
55.220001
55.16
55.369999
55.950001
55.82
56.080002
56.349998
56.330002
56.360001
56.32
56.66
56.080002
56.380001
56.580002
56.18
56.669998
56.259998
55.950001
55.57
55.810001
55.169998
55.200001
54.880001
55.48
55.25
55.139999
55.27
55.220001
55.400002
55.369999
55.389999
55.360001
55.700001
55.959999
55.830002
56.220001
56.52
56.290001
55.990002
56.459999
56.360001
56.830002
56.5
56.75
56.75
56.830002
57.93
57.799999
57.450001
57.669998
57.52
57.919998
58.0
58.68
61.16
62.200001
62.630001
61.599998
62.0
62.169998
61.16
61.27
61.27
61.75
61.77
62.09
61.889999
62.669998
62.919998
63.349998
63.049999
63.27
62.299999
63.220001
62.939999
62.91
63.509998
63.130001
64.010002
64.029999
64.209999
64.019997
63.810001
63.77
63.84
64.230003
62.919998
63.290001
62.709999
63.119999
63.360001
63.490002
64.029999
65.480003
63.59
63.959999
63.77
64.559998
67.07
66.470001
66.860001
67.769997
68.449997
68.279999
67.800003
68.910004
68.290001
67.900002
68.230003
67.93
66.629997
63.849998
64.209999
64.550003
61.990002
62.889999
64.080002
63.389999
63.900002
65.610001
65.480003
64.599998
65.019997
64.93
65.879997
65.809998
64.169998
63.369999
54.220001
54.16
55.740002
55.669998
55.549999
56.830002
58.060001
58.43
58.689999
58.73
58.189999
58.639999
58.27
58.68
58.080002
56.779999
55.860001
56.869999
56.25
56.240002
57.209999
55.619999
55.73
56.77
57.41
55.93
56.23
56.32
56.220001
56.529999
56.68
56.98
57.68
57.470001
57.310001
decrease
