71.410004
71.470001
72.550003
72.43
71.510002
71.529999
71.779999
70.800003
70.830002
70.220001
70.309998
70.919998
70.709999
70.290001
70.309998
70.480003
70.650002
70.669998
70.949997
70.550003
70.540001
70.900002
72.040001
72.129997
72.849998
74.139999
74.410004
75.07
75.440002
75.400002
75.120003
75.059998
75.269997
75.610001
75.209999
75.459999
75.400002
74.949997
75.75
76.410004
77.279999
77.709999
77.330002
77.029999
76.480003
76.489998
76.529999
75.379997
75.839996
74.400002
74.470001
74.529999
74.610001
74.32
74.25
73.690002
73.43
73.889999
73.480003
73.93
73.370003
73.330002
73.550003
73.589996
73.419998
72.639999
72.239998
71.730003
73.959999
66.940002
64.970001
65.5
65.550003
65.540001
65.519997
65.989998
65.379997
65.309998
64.769997
64.309998
64.839996
65.300003
65.449997
64.300003
63.689999
64.389999
64.059998
63.709999
63.599998
64.080002
63.93
63.810001
64.050003
63.400002
63.540001
62.869999
63.27
62.73
62.23
62.490002
62.5
62.509998
62.279999
62.389999
62.560001
62.23
61.220001
61.5
62.490002
63.790001
64.519997
64.410004
64.190002
63.419998
62.900002
63.369999
63.490002
63.810001
62.549999
63.57
65.010002
64.870003
65.349998
65.050003
65.370003
64.870003
64.809998
64.370003
65.0
64.5
64.129997
63.790001
65.790001
64.919998
64.050003
64.220001
64.699997
63.900002
63.91
63.450001
64.309998
64.589996
64.510002
65.019997
65.839996
65.730003
65.260002
65.879997
66.419998
65.830002
65.650002
65.489998
65.480003
65.07
66.400002
67.370003
67.830002
68.580002
70.080002
70.18
71.660004
71.5
71.540001
71.650002
71.720001
72.32
71.790001
71.669998
72.650002
73.900002
72.599998
71.940002
72.139999
72.080002
72.43
71.269997
71.410004
70.739998
70.480003
70.199997
70.400002
70.309998
69.57
70.290001
70.290001
69.610001
68.919998
70.150002
70.029999
71.120003
71.279999
71.449997
71.559998
69.910004
71.019997
69.830002
69.82
70.339996
69.93
69.400002
66.040001
66.529999
66.790001
64.050003
64.029999
65.349998
65.639999
65.18
65.32
65.459999
64.190002
63.93
63.34
64.589996
65.43
64.0
62.950001
62.43
62.549999
64.129997
64.769997
64.07
65.43
65.650002
65.769997
66.129997
63.82
63.810001
63.189999
62.48
61.52
60.0
60.389999
59.27
59.599998
60.720001
62.450001
62.32
60.509998
62.66
63.349998
64.540001
63.849998
63.25
64.220001
63.84
63.400002
63.950001
64.25
63.98
61.5
57.779999
decrease
