115.720001
115.5
116.019997
116.940002
116.739998
116.5
116.610001
116.870003
116.900002
116.32
115.93
116.199997
116.050003
116.050003
116.019997
115.889999
116.220001
116.599998
116.650002
115.82
115.790001
116.099998
116.0
116.040001
116.199997
116.529999
116.779999
116.849998
117.419998
117.779999
117.82
117.68
117.699997
117.75
117.82
117.519997
117.769997
118.050003
117.949997
117.610001
117.879997
117.849998
117.809998
117.269997
116.839996
117.019997
117.800003
117.25
118.75
118.0
118.360001
118.400002
118.010002
117.610001
118.0
117.760002
117.290001
116.900002
116.480003
117.099998
117.330002
116.669998
117.459999
117.010002
117.379997
117.5
117.540001
117.300003
117.5
117.470001
116.82
117.610001
117.860001
117.860001
117.839996
117.449997
117.260002
117.339996
116.940002
116.550003
117.139999
117.019997
117.699997
117.099998
116.870003
116.849998
117.150002
116.769997
116.68
116.849998
116.639999
116.589996
116.879997
117.199997
117.209999
117.019997
117.540001
117.699997
117.419998
117.230003
117.440002
117.849998
117.599998
118.269997
119.120003
119.410004
119.440002
119.400002
119.769997
120.010002
119.730003
119.349998
119.660004
119.82
120.330002
119.690002
119.75
119.860001
119.730003
119.650002
119.550003
119.800003
119.910004
122.300003
122.419998
122.150002
122.080002
122.029999
122.150002
122.0
121.860001
121.550003
121.449997
121.519997
121.190002
121.099998
121.139999
120.43
119.870003
119.529999
119.540001
117.379997
117.339996
118.300003
118.150002
118.050003
117.260002
118.599998
118.330002
118.089996
118.480003
118.220001
118.129997
118.370003
118.68
117.709999
118.339996
118.93
118.610001
118.260002
118.080002
118.0
117.300003
117.730003
117.660004
118.089996
117.849998
117.349998
117.57
116.0
115.0
115.470001
116.279999
116.019997
116.360001
116.269997
116.779999
117.519997
118.0
117.93
118.599998
119.099998
119.32
118.830002
119.540001
119.699997
119.720001
118.809998
118.860001
120.660004
120.989998
121.550003
122.18
122.389999
122.410004
121.769997
122.25
121.800003
121.889999
121.0
119.18
119.290001
120.410004
119.080002
118.639999
120.440002
120.110001
120.18
121.0
120.790001
120.309998
120.190002
120.419998
121.739998
122.900002
122.699997
123.370003
122.910004
122.730003
123.0
123.370003
122.949997
123.019997
123.510002
123.150002
123.589996
123.150002
117.199997
117.769997
117.639999
118.360001
119.019997
117.529999
117.150002
117.690002
117.580002
116.75
116.690002
116.599998
117.0
116.75
118.050003
117.860001
125.150002
125.010002
125.199997
125.309998
125.400002
125.699997
125.449997
124.949997
124.599998
increase
