27.1
26.67
27.09
27.540001
27.42
27.450001
26.93
26.870001
24.950001
23.629999
23.32
23.450001
23.540001
23.49
23.459999
23.700001
22.91
23.450001
23.41
22.809999
22.85
23.65
23.1
23.32
23.139999
22.9
23.16
22.940001
22.629999
22.790001
22.5
22.6
22.6
22.25
22.549999
23.51
23.549999
23.700001
22.74
22.33
22.709999
22.860001
22.219999
21.870001
22.32
22.969999
23.23
22.629999
22.58
22.610001
22.83
23.77
22.870001
22.4
22.6
23.799999
23.67
23.57
23.85
23.719999
23.959999
23.969999
24.540001
24.43
24.370001
24.16
24.219999
23.6
23.879999
24.17
24.139999
22.889999
22.25
22.32
22.58
21.969999
21.540001
21.26
20.610001
20.34
20.309999
20.16
20.57
20.1
19.860001
19.860001
19.940001
20.17
20.190001
20.370001
20.07
19.940001
19.82
19.98
20.110001
19.459999
19.74
19.530001
19.389999
20.01
20.26
20.129999
20.440001
20.66
21.309999
20.84
20.870001
20.940001
20.860001
21.26
21.389999
21.459999
21.299999
21.59
21.75
21.76
21.719999
21.639999
21.02
20.940001
20.92
21.1
21.23
21.780001
21.9
21.059999
21.16
21.1
21.41
21.030001
21.65
21.540001
21.16
20.940001
20.85
22.34
22.639999
22.469999
22.379999
22.49
22.559999
22.639999
22.5
22.84
23.280001
23.0
22.379999
22.48
22.940001
23.030001
23.610001
23.889999
23.85
23.48
24.09
24.389999
24.290001
24.280001
23.700001
23.84
23.41
23.870001
23.620001
23.84
24.82
24.690001
24.9
24.92
24.51
24.49
24.48
25.24
25.52
25.5
25.49
25.559999
25.66
26.65
26.41
26.82
26.860001
26.290001
26.110001
25.91
27.07
27.219999
25.68
25.540001
26.219999
26.530001
26.66
27.299999
27.200001
26.690001
27.620001
27.700001
27.190001
27.299999
26.870001
26.040001
24.780001
25.07
25.25
24.129999
24.35
25.209999
25.209999
25.719999
25.860001
25.43
26.76
27.459999
27.450001
28.74
28.190001
26.82
26.32
26.360001
26.75
27.98
27.74
27.280001
27.290001
28.25
27.620001
27.610001
27.1
26.389999
26.1
25.59
25.030001
25.26
24.68
24.26
24.65
24.200001
23.57
24.280001
23.67
23.93
24.1
25.190001
24.219999
24.49
25.030001
24.4
24.82
24.84
25.200001
25.59
26.040001
25.85
decrease
