48.540001
48.560001
50.189999
50.029999
49.599998
51.02
50.939999
50.860001
51.419998
51.240002
49.560001
50.66
51.34
51.459999
52.34
52.509998
52.669998
52.990002
52.48
52.049999
51.939999
52.779999
52.98
53.080002
53.130001
52.450001
52.82
52.419998
52.040001
53.130001
52.700001
52.799999
53.09
52.970001
53.43
54.709999
54.470001
55.029999
53.349998
52.990002
53.77
54.290001
52.849998
51.73
51.169998
51.5
51.330002
51.849998
52.619999
51.810001
52.330002
53.099998
52.900002
52.849998
54.07
54.080002
54.200001
53.759998
53.84
53.810001
54.310001
54.830002
55.549999
55.400002
55.34
55.560001
56.02
55.66
56.150002
54.98
55.990002
56.529999
56.200001
55.889999
55.790001
54.900002
54.439999
52.990002
52.209999
52.16
52.310001
51.889999
51.060001
49.700001
50.110001
49.450001
49.669998
50.169998
51.130001
51.720001
52.52
51.43
52.330002
52.450001
54.279999
51.790001
52.369999
52.630001
53.419998
53.75
53.77
53.209999
52.34
52.959999
53.580002
54.200001
54.43
54.369999
54.73
55.529999
55.380001
55.240002
55.470001
56.080002
55.889999
56.139999
56.310001
56.25
56.02
56.139999
56.25
56.220001
56.549999
56.369999
55.720001
56.509998
56.75
57.099998
57.490002
56.34
56.990002
56.439999
57.27
58.470001
59.060001
59.740002
60.889999
62.169998
62.200001
62.349998
63.110001
63.220001
61.66
61.720001
62.200001
62.869999
61.5
62.009998
62.27
61.939999
62.290001
62.009998
62.029999
61.880001
62.220001
61.400002
62.630001
62.84
63.299999
64.540001
63.459999
64.0
64.75
64.459999
64.489998
64.150002
64.660004
65.75
66.010002
64.75
65.660004
66.330002
66.360001
66.839996
66.419998
66.400002
65.980003
67.18
68.610001
68.68
69.339996
69.389999
69.0
69.510002
70.25
71.419998
70.779999
71.980003
71.489998
71.889999
73.160004
73.120003
71.589996
71.080002
71.739998
70.150002
69.129997
69.269997
68.690002
67.410004
64.580002
65.690002
65.089996
62.790001
63.84
64.769997
66.080002
68.160004
67.800003
67.93
66.25
66.269997
66.459999
66.809998
66.290001
65.599998
64.059998
64.790001
65.190002
66.160004
67.389999
67.68
69.029999
70.220001
69.269997
69.239998
69.360001
68.629997
69.68
69.209999
71.459999
73.209999
72.970001
71.279999
73.68
72.879997
71.82
73.110001
71.800003
72.599998
72.57
73.410004
72.449997
71.669998
73.699997
74.019997
74.25
74.589996
77.519997
78.550003
78.779999
79.400002
increase
