62.549999
61.889999
62.139999
62.299999
62.700001
62.580002
62.330002
62.380001
62.700001
63.630001
63.380001
63.970001
64.010002
63.290001
63.939999
64.43
63.57
63.509998
63.790001
63.0
63.889999
63.779999
64.040001
64.550003
64.93
65.040001
64.919998
64.879997
65.110001
65.260002
65.470001
65.07
64.669998
64.059998
63.200001
64.389999
64.389999
63.27
63.369999
63.189999
62.970001
63.68
64.529999
65.459999
66.019997
66.160004
65.919998
65.540001
65.160004
64.339996
64.089996
64.269997
64.160004
63.099998
63.16
62.830002
62.34
62.779999
62.889999
63.060001
62.610001
62.41
62.619999
62.939999
62.630001
62.57
62.360001
61.799999
63.689999
64.110001
63.880001
63.919998
63.439999
63.52
63.099998
62.84
62.32
62.490002
62.18
62.380001
62.669998
62.5
62.700001
61.84
61.490002
61.970001
62.419998
62.150002
62.709999
62.939999
63.32
63.119999
63.119999
63.860001
63.830002
63.619999
64.0
64.32
64.269997
65.129997
65.459999
65.449997
66.120003
66.160004
65.989998
65.949997
65.790001
65.599998
65.129997
65.18
64.760002
64.57
64.290001
64.029999
64.550003
64.370003
64.599998
64.599998
64.550003
64.330002
64.459999
63.779999
63.830002
63.389999
63.34
63.220001
63.509998
63.75
63.880001
63.400002
63.110001
62.450001
61.990002
58.240002
54.709999
55.09
55.34
55.369999
56.060001
55.880001
55.59
56.580002
56.209999
55.48
55.099998
54.990002
54.799999
55.169998
55.200001
54.099998
54.27
54.369999
54.349998
54.549999
54.93
55.360001
55.27
55.869999
56.220001
55.77
54.349998
54.77
55.57
56.34
57.07
56.91
56.009998
56.240002
56.220001
56.23
56.110001
56.599998
56.360001
56.34
56.34
56.599998
56.27
56.220001
56.139999
57.049999
56.990002
56.66
56.799999
57.299999
57.599998
58.66
62.07
62.029999
61.130001
61.279999
61.25
61.700001
61.18
61.299999
62.040001
61.630001
60.650002
59.25
59.860001
58.560001
56.400002
55.459999
55.880001
54.73
54.869999
55.43
54.900002
54.900002
55.990002
56.290001
54.98
54.549999
54.57
54.869999
56.060001
54.720001
54.220001
53.700001
54.360001
54.400002
54.299999
54.470001
54.759998
55.139999
55.360001
55.369999
54.799999
55.25
55.669998
54.630001
54.639999
54.689999
54.119999
53.41
54.040001
53.75
55.09
54.470001
53.27
54.09
54.540001
54.529999
53.360001
56.16
56.490002
56.200001
56.740002
57.169998
58.650002
59.27
58.919998
58.639999
increase
