15.09
15.16
15.15
15.61
15.31
14.88
14.87
14.82
14.64
14.85
14.17
14.29
14.59
14.4
14.7
14.48
14.33
14.54
14.43
14.35
14.12
14.53
14.44
14.56
14.53
13.5
13.52
13.12
13.02
13.1
12.72
12.78
12.88
12.21
12.09
12.54
12.62
13.01
12.64
12.37
12.52
12.49
12.06
11.61
11.59
11.53
11.53
11.35
11.45
11.71
11.85
12.14
11.74
11.59
11.47
11.52
11.59
11.43
11.45
11.65
11.59
11.68
12.25
12.1
11.85
11.88
12.34
12.18
12.23
12.36
12.23
11.91
12.04
12.51
12.9
12.35
12.37
12.2
12.05
12.12
11.63
11.53
11.19
10.82
10.87
10.77
10.89
11.02
10.99
11.05
10.92
10.88
10.9
11.12
11.27
11.29
11.73
11.78
11.31
11.49
11.59
11.91
11.93
12.0
12.02
12.0
12.42
12.73
12.79
13.19
13.4
13.73
13.53
13.56
13.59
13.76
13.9
13.88
13.55
13.58
13.62
13.68
13.62
13.75
13.85
13.96
13.77
13.74
13.93
13.63
13.71
13.48
13.56
13.81
14.16
14.22
14.87
15.44
15.58
16.33
16.16
15.75
15.78
15.62
15.55
14.84
14.79
14.52
15.05
14.47
14.52
14.88
15.13
14.48
14.56
14.75
14.84
15.08
14.9
14.88
14.45
14.74
15.15
15.15
15.18
15.2
15.12
15.01
15.43
16.02
16.32
17.049999
16.9
17.26
17.01
17.07
16.93
17.379999
17.67
18.120001
17.889999
17.969999
18.049999
17.9
18.6
18.82
18.24
18.84
18.690001
18.58
19.280001
19.219999
19.280001
18.68
18.84
18.620001
18.059999
18.190001
18.43
17.52
16.780001
17.23
16.33
15.68
15.51
16.27
16.07
16.950001
16.32
15.65
15.85
15.3
15.18
15.54
15.34
15.0
14.52
14.53
14.86
15.15
15.03
14.8
14.83
15.22
15.09
14.82
14.87
14.91
15.12
14.85
15.26
16.32
15.84
15.76
16.27
15.82
15.32
16.129999
15.57
16.0
15.89
16.799999
16.24
16.35
17.059999
17.52
17.629999
18.16
18.190001
18.15
18.23
17.99
increase
