42.5
41.799999
43.560001
44.27
44.369999
43.540001
43.369999
43.740002
43.349998
43.48
43.279999
43.080002
43.02
42.830002
43.099998
42.869999
42.73
43.43
43.380001
40.970001
41.310001
41.799999
41.66
42.419998
42.630001
42.630001
42.84
42.279999
41.740002
42.610001
42.52
42.889999
42.939999
43.279999
44.099998
44.91
44.849998
45.150002
44.91
44.689999
44.48
45.720001
45.5
44.91
44.610001
43.689999
44.0
44.220001
44.32
44.75
44.560001
45.610001
46.16
46.130001
46.049999
45.990002
45.48
44.959999
45.52
45.200001
45.330002
45.139999
46.619999
46.509998
46.59
46.709999
47.610001
47.209999
47.09
46.66
46.900002
47.209999
47.330002
47.259998
48.080002
48.310001
47.93
47.650002
46.299999
45.650002
46.509998
46.43
46.009998
45.09
45.389999
44.68
45.57
45.799999
46.0
45.939999
45.48
45.349998
45.66
45.5
46.189999
44.889999
45.07
44.07
44.009998
45.16
45.75
46.220001
46.419998
46.599998
47.32
47.669998
47.889999
48.259998
48.220001
47.740002
47.459999
48.07
48.150002
48.169998
48.919998
49.279999
49.009998
49.630001
49.759998
49.380001
49.490002
49.18
48.59
48.299999
48.939999
49.119999
50.150002
49.790001
50.68
50.610001
51.07
50.529999
50.77
51.16
50.459999
50.0
49.630001
50.419998
50.02
50.139999
49.389999
49.040001
48.82
48.759998
48.630001
48.380001
48.099998
48.599998
48.700001
49.110001
49.380001
49.09
49.060001
49.0
50.400002
51.32
51.610001
51.950001
52.68
52.009998
51.689999
52.349998
52.889999
52.77
53.849998
53.18
52.639999
53.099998
53.240002
52.93
52.509998
52.880001
52.720001
52.470001
52.57
52.650002
52.470001
52.189999
52.330002
53.130001
53.110001
52.889999
53.299999
53.93
54.200001
55.119999
54.599998
55.349998
55.84
57.459999
57.360001
56.91
57.240002
56.810001
57.599998
57.450001
56.599998
56.549999
57.450001
55.48
52.549999
54.330002
54.549999
51.790001
52.139999
53.43
53.389999
55.049999
55.400002
55.139999
55.060001
55.099998
54.860001
56.07
57.009998
56.720001
56.02
54.490002
54.740002
55.490002
56.560001
56.880001
56.959999
58.669998
58.91
58.029999
56.990002
57.220001
57.509998
56.950001
57.470001
57.110001
54.639999
52.07
54.299999
53.150002
52.91
53.959999
52.720001
53.169998
53.669998
54.860001
53.040001
53.349998
54.139999
52.740002
53.849998
52.98
53.400002
53.240002
53.259998
54.700001
decrease
