98.730003
98.029999
98.660004
99.449997
99.620003
100.400002
100.32
100.629997
101.940002
101.410004
97.589996
99.540001
98.209999
97.650002
98.269997
98.279999
97.769997
98.800003
98.150002
97.019997
97.260002
98.879997
99.360001
98.910004
100.010002
100.93
100.510002
100.07
101.730003
104.019997
104.459999
104.589996
104.169998
103.93
103.599998
104.019997
103.82
105.900002
105.389999
105.690002
105.620003
106.169998
103.580002
101.830002
103.330002
104.720001
104.220001
102.690002
105.0
104.07
102.989998
102.790001
103.080002
102.279999
102.540001
102.989998
105.25
105.400002
106.099998
107.449997
106.980003
106.980003
107.589996
107.400002
108.150002
108.980003
110.260002
110.349998
109.809998
110.370003
108.949997
110.489998
108.650002
111.709999
111.169998
111.199997
110.389999
109.68
107.260002
107.129997
110.279999
109.269997
112.190002
110.339996
111.120003
110.32
112.970001
112.220001
112.019997
114.260002
113.989998
113.080002
112.989998
114.610001
115.449997
113.129997
112.089996
114.019997
114.889999
115.769997
117.739998
114.290001
113.459999
113.300003
113.150002
113.809998
114.290001
115.300003
117.419998
116.010002
115.190002
115.760002
116.970001
116.900002
116.980003
118.510002
120.139999
121.099998
121.279999
121.540001
121.919998
121.879997
122.730003
122.089996
123.480003
122.449997
122.589996
122.0
122.0
121.699997
120.449997
118.540001
120.25
120.0
117.650002
117.360001
117.589996
125.419998
126.040001
127.699997
125.980003
127.099998
127.879997
125.019997
125.459999
125.120003
124.230003
125.379997
126.580002
127.190002
127.5
127.5
128.899994
128.75
129.350006
127.730003
128.699997
128.949997
127.57
128.360001
128.0
128.210007
127.709999
128.339996
128.0
127.290001
127.550003
127.93
127.279999
126.970001
128.160004
128.619995
128.330002
125.599998
125.470001
126.379997
126.540001
127.68
129.619995
131.660004
133.029999
133.210007
134.100006
133.75
134.759995
135.889999
134.330002
135.800003
136.820007
138.25
139.270004
140.100006
138.070007
137.860001
140.570007
138.050003
138.300003
139.229996
146.320007
142.529999
135.679993
138.889999
139.759995
133.809998
136.479996
137.529999
140.589996
145.649994
148.229996
145.0
144.380005
142.789993
142.869995
144.990005
144.419998
142.839996
141.520004
142.649994
143.320007
145.929993
148.990005
148.300003
150.580002
153.119995
154.050003
151.639999
154.429993
154.949997
154.979996
155.380005
158.080002
158.259995
156.130005
154.070007
158.669998
154.039993
150.550003
149.470001
145.940002
145.710007
146.699997
146.509995
144.050003
146.630005
149.050003
148.25
149.300003
147.610001
149.179993
150.119995
150.429993
150.0
decrease
