65.5
66.400002
67.529999
67.919998
67.830002
68.269997
68.459999
69.410004
69.300003
69.080002
68.809998
69.0
68.940002
69.040001
69.309998
68.459999
68.379997
68.43
69.410004
67.480003
67.709999
67.690002
68.449997
68.68
68.769997
69.620003
69.959999
70.410004
69.839996
70.099998
71.760002
72.279999
72.519997
72.389999
71.949997
70.32
69.779999
70.650002
70.269997
69.900002
70.0
70.870003
69.910004
70.269997
70.260002
71.209999
70.529999
69.209999
69.800003
68.489998
68.93
68.169998
69.080002
68.57
69.459999
69.980003
69.989998
71.150002
71.769997
72.779999
73.349998
73.300003
73.860001
74.220001
73.790001
73.599998
74.190002
74.050003
73.160004
73.040001
72.699997
72.580002
72.260002
72.150002
72.68
72.400002
72.790001
72.470001
71.410004
72.5
73.589996
73.220001
73.650002
72.400002
72.489998
72.150002
73.160004
72.720001
72.690002
72.82
72.830002
73.050003
74.010002
74.769997
73.940002
73.610001
73.400002
74.339996
73.980003
74.760002
74.68
75.209999
74.769997
75.309998
75.160004
75.440002
74.940002
74.209999
74.410004
73.260002
73.260002
73.849998
73.870003
74.489998
74.610001
74.260002
74.690002
75.970001
76.0
76.290001
76.290001
76.419998
77.120003
77.489998
77.650002
77.589996
77.610001
77.910004
78.809998
78.830002
78.860001
78.629997
78.760002
83.809998
83.889999
83.18
83.18
84.050003
84.139999
84.470001
84.269997
84.559998
84.089996
83.870003
83.93
84.050003
82.980003
83.199997
82.400002
82.529999
83.720001
83.110001
83.260002
83.870003
84.879997
83.339996
84.169998
84.260002
81.080002
81.589996
82.779999
82.489998
84.160004
85.230003
85.580002
85.349998
84.690002
86.849998
86.379997
85.830002
85.519997
85.5
85.510002
85.400002
85.709999
85.720001
85.540001
85.949997
86.349998
87.110001
88.190002
88.279999
88.220001
87.82
88.080002
89.599998
88.349998
90.139999
90.099998
90.0
91.610001
91.900002
91.82
92.330002
94.059998
93.919998
92.739998
95.010002
94.260002
91.779999
88.0
91.330002
89.610001
85.010002
88.18
89.129997
89.830002
90.809998
92.660004
92.0
92.720001
91.489998
91.730003
94.059998
95.419998
94.199997
93.769997
92.849998
93.050003
93.639999
93.32
93.860001
94.43
96.540001
96.769997
94.410004
93.849998
94.18
94.599998
92.889999
93.129997
92.480003
89.790001
87.18
93.779999
89.470001
89.389999
91.269997
88.519997
89.709999
92.330002
92.379997
90.230003
90.769997
92.879997
91.860001
93.580002
93.080002
94.169998
96.07
96.440002
96.110001
decrease
