84.099998
83.720001
84.720001
85.389999
85.379997
86.07
85.970001
86.160004
85.919998
86.370003
86.099998
84.440002
83.589996
84.769997
85.769997
85.360001
84.209999
84.480003
83.699997
81.849998
80.830002
80.830002
82.93
82.110001
82.220001
82.269997
81.860001
82.830002
83.57
85.639999
86.620003
87.309998
87.459999
86.18
86.650002
86.169998
86.110001
86.040001
84.870003
84.449997
84.720001
86.199997
85.739998
86.239998
87.360001
88.639999
88.419998
87.720001
88.129997
86.800003
86.739998
86.68
86.830002
85.959999
87.309998
87.230003
87.650002
88.650002
88.330002
88.610001
88.279999
88.449997
89.779999
89.959999
90.519997
90.669998
91.389999
91.839996
92.209999
91.010002
90.68
91.949997
90.43
90.400002
90.370003
89.199997
88.580002
88.510002
86.989998
87.480003
88.599998
87.919998
88.190002
87.129997
87.370003
87.199997
86.410004
86.209999
86.510002
86.879997
87.300003
86.940002
87.660004
88.120003
87.870003
86.660004
85.720001
86.349998
85.120003
87.010002
87.739998
85.970001
84.580002
85.480003
85.480003
85.839996
85.650002
84.989998
84.290001
83.5
83.019997
84.099998
83.690002
84.870003
85.839996
85.690002
85.639999
86.0
89.440002
89.099998
89.080002
89.260002
89.800003
89.93
89.360001
88.879997
89.089996
89.650002
90.0
89.940002
90.230003
90.050003
90.279999
91.190002
90.370003
90.540001
90.559998
90.019997
94.25
92.43
92.110001
92.660004
91.610001
91.07
91.370003
91.019997
90.389999
90.970001
90.949997
92.330002
92.449997
91.830002
92.360001
92.879997
94.529999
94.169998
94.110001
93.029999
93.629997
90.660004
91.290001
92.800003
92.519997
92.330002
93.370003
93.940002
92.199997
93.150002
94.489998
93.279999
92.099998
91.620003
90.760002
90.669998
90.800003
90.57
90.339996
90.550003
89.910004
90.660004
91.879997
92.82
92.120003
92.379997
93.550003
96.57
95.860001
97.279999
97.5
97.800003
97.330002
96.760002
95.839996
97.68
99.0
99.18
99.800003
99.459999
99.120003
103.870003
101.059998
102.760002
102.629997
98.739998
99.129997
101.300003
101.940002
105.019997
106.129997
105.910004
105.75
104.989998
104.730003
106.730003
106.82
106.620003
106.150002
106.32
106.290001
107.269997
108.379997
108.839996
108.470001
109.089996
108.849998
109.220001
108.949997
108.800003
108.830002
108.75
109.389999
109.089996
107.199997
104.279999
105.790001
105.93
103.959999
105.300003
104.519997
104.93
106.07
106.690002
103.980003
104.709999
107.550003
107.629997
108.330002
107.690002
108.919998
110.650002
111.419998
110.709999
decrease
