154.279999
153.910004
156.970001
157.729996
158.690002
156.949997
155.410004
156.960007
156.800003
159.300003
159.089996
158.929993
159.899994
159.309998
159.300003
158.429993
157.809998
160.539993
162.369995
156.529999
157.080002
157.300003
158.75
161.300003
160.410004
161.199997
160.199997
158.070007
156.470001
158.699997
157.589996
157.179993
155.869995
156.720001
159.080002
163.360001
162.440002
162.679993
162.550003
161.509995
161.669998
162.660004
161.800003
161.029999
159.490005
157.839996
158.809998
159.160004
161.649994
161.179993
161.949997
164.309998
164.440002
163.589996
165.110001
164.360001
165.169998
165.240005
166.539993
165.770004
165.990005
165.479996
162.479996
160.339996
158.110001
160.339996
161.5
157.979996
159.009995
160.589996
163.149994
164.660004
164.919998
163.789993
163.580002
163.619995
164.369995
163.0
158.720001
156.600006
159.089996
158.5
158.600006
153.869995
153.429993
152.490005
153.600006
153.210007
152.830002
153.800003
152.0
150.130005
149.289993
147.860001
149.0
145.449997
145.160004
142.470001
144.070007
146.520004
149.020004
150.5
149.919998
149.990005
151.669998
152.710007
154.559998
154.419998
153.820007
154.710007
155.440002
157.910004
159.220001
161.039993
161.389999
161.309998
160.690002
161.570007
162.080002
161.169998
163.160004
163.149994
162.830002
163.210007
164.220001
164.139999
160.619995
162.259995
165.199997
164.940002
165.75
165.800003
167.600006
167.820007
166.899994
166.770004
167.279999
169.029999
168.759995
168.710007
162.880005
161.210007
158.610001
157.100006
159.440002
160.710007
161.220001
159.869995
160.570007
161.610001
160.190002
159.919998
159.139999
159.5
164.339996
169.110001
168.949997
169.470001
172.25
170.429993
169.509995
171.070007
171.720001
170.509995
172.490005
171.020004
169.039993
170.899994
173.860001
173.899994
172.529999
173.589996
173.070007
171.990005
171.570007
172.289993
170.990005
171.190002
173.110001
173.440002
172.820007
172.419998
174.910004
176.75
177.990005
178.520004
177.779999
179.210007
186.149994
188.779999
188.759995
188.830002
189.460007
187.660004
189.369995
189.789993
190.570007
190.779999
192.850006
189.199997
179.809998
185.059998
184.970001
178.350006
182.619995
184.75
186.149994
191.979996
191.100006
191.639999
190.639999
192.820007
189.5
193.509995
195.320007
192.190002
189.839996
188.850006
190.979996
193.75
195.339996
195.190002
194.690002
196.809998
194.910004
193.050003
190.309998
190.330002
190.369995
189.289993
188.690002
189.649994
182.449997
177.509995
184.240005
180.330002
180.589996
184.360001
179.889999
183.020004
185.979996
186.559998
181.690002
182.839996
186.440002
184.929993
187.139999
183.160004
181.570007
177.429993
178.050003
180.240005
increase
