489.790009
490.470001
498.730011
509.440002
512.98999
513.299988
513.419983
513.710022
516.659973
513.429993
519.309998
544.140015
542.590027
547.429993
552.539978
552.73999
556.109985
564.400024
565.820007
558.340027
561.5
564.090027
569.799988
570.75
573.849976
577.099976
578.400024
579.849976
582.809998
588.859985
597.119995
595.460022
593.5
601.159973
601.150024
593.950012
577.630005
584.429993
581.77002
584.22998
587.380005
594.780029
592.900024
598.539978
595.76001
599.640015
596.140015
591.119995
594.669983
583.869995
588.539978
588.400024
588.0
584.73999
588.179993
593.0
592.580017
602.349976
603.01001
604.76001
609.719971
606.47998
608.76001
610.320007
613.48999
614.98999
600.900024
597.849976
595.210022
578.059998
573.080017
573.52002
577.0
577.640015
576.609985
581.619995
575.190002
575.570007
571.25
577.580017
582.080017
580.780029
584.960022
573.840027
574.640015
579.950012
592.679993
590.01001
591.830017
590.380005
594.059998
591.960022
598.400024
605.090027
602.940002
603.25
605.469971
611.830017
612.700012
623.73999
629.419983
623.880005
624.799988
626.0
633.280029
632.27002
635.169983
631.409973
632.859985
625.609985
625.390015
628.780029
624.47998
626.159973
635.799988
639.890015
643.320007
644.849976
645.76001
651.950012
652.969971
659.700012
660.070007
658.650024
666.97998
662.219971
655.659973
661.190002
668.719971
667.369995
669.359985
665.429993
667.73999
679.0
675.219971
682.630005
689.109985
671.599976
646.0
635.109985
624.580017
623.719971
626.820007
622.659973
630.840027
631.369995
625.190002
630.5
630.919983
631.919983
627.619995
626.349976
635.02002
633.76001
634.140015
625.440002
629.210022
624.640015
606.799988
612.25
615.97998
620.150024
623.190002
624.669983
625.01001
626.390015
629.929993
639.940002
642.98999
635.070007
626.659973
618.429993
614.77002
613.530029
615.929993
622.599976
619.52002
626.099976
631.539978
627.030029
637.349976
633.179993
649.98999
646.190002
639.26001
650.599976
649.419983
656.51001
653.75
666.690002
670.880005
667.150024
672.690002
678.049988
692.299988
685.789978
677.140015
675.26001
684.109985
667.159973
635.5
637.280029
641.960022
601.0
600.369995
613.869995
613.690002
624.669983
631.969971
634.369995
624.219971
628.609985
624.969971
636.099976
636.630005
625.570007
616.219971
596.169983
593.26001
599.950012
605.289978
611.539978
606.880005
616.0
615.909973
612.0
606.130005
613.830017
613.880005
611.51001
611.900024
606.409973
585.390015
566.869995
588.75
573.210022
571.900024
575.030029
562.679993
568.580017
574.530029
577.669983
555.26001
560.219971
571.280029
565.169983
569.76001
568.210022
570.76001
581.570007
585.630005
577.369995
decrease
