27.959999
27.32
26.57
26.99
26.790001
27.629999
27.67
28.290001
27.77
28.0
27.790001
28.200001
28.059999
28.809999
29.32
29.030001
28.93
28.83
29.02
27.0
27.48
27.82
28.059999
28.290001
28.99
29.43
29.76
30.700001
30.77
30.76
31.209999
31.209999
31.57
32.5
32.450001
30.6
31.200001
31.540001
31.059999
30.559999
29.860001
31.200001
30.83
32.009998
31.889999
31.73
32.5
31.66
32.240002
31.469999
29.860001
29.139999
30.51
30.1
30.200001
30.5
31.370001
31.450001
31.129999
31.790001
31.719999
31.9
31.82
32.0
32.009998
31.67
29.9
29.809999
30.24
29.280001
28.120001
28.34
28.629999
27.83
27.92
28.59
28.84
28.58
27.49
28.01
29.24
29.68
30.690001
29.620001
30.379999
29.559999
30.450001
30.450001
30.219999
30.290001
31.08
31.48
31.610001
31.969999
32.599998
32.07
32.25
32.790001
32.450001
33.439999
34.290001
34.59
34.580002
34.650002
35.43
35.950001
35.970001
35.91
36.07
34.869999
34.18
37.09
37.959999
39.330002
40.009998
40.369999
39.560001
39.369999
39.669998
40.959999
41.98
41.610001
40.580002
40.400002
41.490002
40.389999
41.650002
41.310001
41.5
41.560001
41.599998
41.060001
40.599998
40.849998
41.650002
44.310001
44.380001
44.34
43.709999
43.25
43.950001
44.09
43.5
44.779999
45.599998
45.799999
45.360001
46.18
46.16
47.639999
49.400002
49.139999
49.68
48.049999
47.93
43.740002
42.389999
41.990002
39.900002
41.209999
41.580002
43.200001
43.209999
43.009998
41.860001
42.049999
42.240002
42.400002
43.709999
43.98
45.75
44.419998
44.119999
42.25
42.48
41.810001
41.119999
43.669998
44.98
46.880001
45.799999
45.549999
42.970001
43.310001
42.82
42.810001
42.919998
44.259998
43.990002
42.75
42.880001
43.950001
43.080002
43.009998
43.669998
43.290001
41.669998
43.720001
42.490002
40.82
39.400002
43.880001
42.009998
40.0
40.41
42.189999
42.630001
43.450001
43.5
44.209999
44.900002
44.540001
44.25
46.529999
47.98
48.580002
48.810001
47.619999
49.110001
52.029999
53.740002
53.970001
55.220001
54.59
59.369999
59.43
59.779999
58.84
60.580002
60.139999
61.150002
61.07
58.919998
54.209999
55.560001
52.400002
51.490002
52.139999
50.060001
51.549999
53.389999
49.84
48.459999
47.959999
50.48
50.48
52.59
52.23
51.650002
52.259998
54.009998
51.419998
decrease
