37.080002
36.830002
37.470001
36.849998
37.439999
37.720001
37.349998
37.400002
38.169998
37.189999
38.009998
37.900002
37.380001
38.009998
38.209999
39.43
38.939999
38.68
39.150002
38.650002
38.150002
37.939999
38.639999
39.59
39.18
39.830002
39.720001
39.360001
38.98
39.560001
39.080002
38.639999
38.549999
39.34
39.709999
40.09
38.880001
37.77
37.880001
36.98
36.720001
37.23
37.419998
38.27
39.009998
39.029999
39.029999
38.43
39.07
38.759998
38.82
38.810001
38.470001
37.650002
37.610001
37.720001
37.650002
38.580002
39.049999
39.209999
38.75
38.110001
38.34
39.490002
39.169998
38.759998
38.82
39.189999
38.490002
38.740002
38.990002
38.59
36.919998
34.700001
32.919998
32.0
31.790001
32.080002
32.290001
30.879999
29.629999
30.129999
30.469999
30.559999
30.719999
30.440001
30.73
30.32
30.209999
30.530001
30.83
30.5
30.59
31.48
31.57
31.59
32.240002
31.91
32.099998
33.040001
33.599998
33.560001
32.869999
32.029999
31.5
30.98
31.389999
31.24
31.299999
31.48
31.129999
31.93
30.860001
31.370001
32.389999
32.529999
37.799999
37.919998
38.290001
38.25
38.450001
38.290001
37.759998
37.950001
38.18
38.540001
37.509998
38.290001
38.509998
38.470001
38.919998
39.02
38.57
38.349998
38.240002
35.709999
36.849998
35.34
35.720001
37.389999
36.669998
37.240002
38.080002
38.16
37.57
37.849998
37.799999
37.5
37.59
36.5
37.23
37.279999
37.369999
36.459999
36.880001
36.860001
36.529999
38.119999
37.439999
37.41
36.990002
37.369999
38.669998
39.490002
39.290001
39.529999
40.009998
40.52
41.669998
41.240002
41.220001
41.959999
42.049999
42.27
42.0
41.860001
42.310001
43.110001
43.139999
44.310001
44.540001
44.560001
44.290001
44.389999
46.709999
46.900002
46.639999
46.779999
46.509998
46.73
47.639999
46.849998
46.119999
45.990002
46.200001
45.98
44.02
42.849998
43.049999
42.099998
40.330002
40.98
40.450001
39.25
39.279999
40.599998
40.41
41.34
41.650002
42.139999
41.34
41.209999
41.279999
41.450001
41.779999
41.110001
40.32
40.689999
40.970001
41.540001
43.23
42.490002
42.009998
42.509998
42.779999
42.349998
42.02
41.669998
41.73
40.799999
40.41
41.16
39.869999
38.869999
39.860001
39.529999
40.5
41.169998
39.540001
40.389999
40.799999
40.450001
39.52
39.849998
41.52
40.389999
41.259998
40.619999
40.720001
40.98
40.740002
40.810001
decrease
