16.01
15.78
15.76
15.87
15.86
15.54
15.2
15.45
15.41
15.45
15.16
14.98
14.74
14.6
14.47
14.35
14.0
14.4
14.42
13.64
13.71
13.94
14.07
14.24
14.41
14.39
14.48
14.68
14.43
14.63
14.22
14.27
14.43
14.63
14.91
15.26
15.48
15.57
15.65
15.85
15.525
16.43
16.440001
15.98
15.87
15.96
16.290001
16.49
16.65
16.639999
16.65
16.809999
16.68
16.049999
16.18
16.389999
16.32
16.57
16.629999
16.57
16.49
16.4
15.29
14.93
14.95
14.86
15.0
14.65
14.59
14.68
14.75
14.85
14.32
14.22
14.27
14.55
14.48
14.15
13.7
13.68
13.93
13.81
14.0
13.64
13.6
13.51
13.66
13.63
13.62
13.63
13.6
13.52
13.28
13.2
13.75
13.84
13.8
13.14
13.51
14.13
14.42
14.44
13.78
13.94
13.96
14.07
14.06
14.03
14.78
14.82
15.18
15.53
14.92
15.02
14.9
14.96
14.7
12.605
12.6
12.22
12.47
11.79
11.8
11.62
11.73
12.2
11.98
12.31
12.36
12.18
12.1
11.79
11.95
11.85
11.83
12.46
12.1
12.36
12.22
12.38
12.09
12.05
12.14
12.21
12.08
12.35
12.61
12.76
12.49
12.82
12.59
12.45
12.34
11.98
12.46
12.83
12.61
13.01
13.27
13.13
12.91
12.73
12.76
12.76
12.96
12.94
12.62
13.2
13.27
13.13
13.09
13.12
13.35
13.46
13.21
13.37
13.32
13.63
13.78
13.94
14.01
13.69
13.52
13.68
13.97
13.88
13.75
13.71
13.35
13.6
13.52
13.44
14.51
14.66
14.54
14.39
14.23
14.25
14.53
14.21
13.63
13.76
14.04
13.38
13.46
13.56
13.6
14.0
13.8
13.99
13.64
13.43
13.07
13.23
13.25
13.07
12.96
12.95
13.16
13.43
13.48
13.53
13.57
13.86
13.46
13.47
13.24
13.21
13.51
13.47
13.31
13.43
13.12
12.63
13.06
12.75
13.19
13.12
12.69
12.58
12.84
13.66
13.44
13.36
13.39
13.29
13.38
13.27
13.39
13.25
13.25
13.23
increase
