34.18
34.150002
34.169998
34.43
34.16
32.57
32.330002
32.299999
31.42
30.18
30.610001
31.030001
31.24
31.09
31.48
31.34
31.530001
31.969999
31.610001
31.360001
30.719999
31.24
31.09
30.809999
30.450001
29.73
29.450001
28.969999
28.690001
29.030001
28.51
28.68
29.110001
28.450001
27.940001
29.120001
29.68
30.190001
29.629999
29.719999
29.5
29.200001
28.5
28.120001
27.76
28.200001
28.27
27.780001
28.02
28.65
28.299999
28.93
28.07
27.16
27.0
27.73
27.68
27.84
28.200001
28.26
28.700001
28.35
29.709999
28.73
28.379999
28.18
29.02
28.639999
29.15
29.0
28.91
28.42
28.139999
25.889999
25.92
25.540001
25.389999
25.280001
24.92
24.65
24.59
24.57
23.76
23.02
23.65
23.540001
23.49
23.719999
23.540001
23.65
23.41
23.58
23.719999
23.77
24.219999
24.360001
25.219999
25.17
24.620001
25.040001
25.110001
25.99
25.98
26.049999
26.09
26.42
26.84
26.950001
27.02
27.76
27.889999
28.309999
28.309999
28.360001
28.299999
28.209999
28.33
28.84
28.309999
28.049999
27.540001
27.790001
27.290001
27.15
27.9
27.74
27.879999
27.370001
27.76
27.299999
27.129999
26.74
26.870001
27.950001
28.27
27.870001
28.549999
27.85
28.299999
29.0
28.91
28.43
28.450001
28.110001
27.530001
26.67
25.99
25.799999
25.959999
25.76
25.57
25.879999
25.99
25.540001
25.85
25.91
26.299999
27.0
26.84
26.629999
25.9
25.9
26.940001
26.879999
26.85
26.690001
26.459999
25.66
26.290001
27.23
27.860001
28.700001
28.790001
29.540001
29.209999
29.33
29.139999
30.190001
31.01
31.719999
31.5
31.68
31.27
31.34
32.139999
32.23
31.67
31.889999
31.629999
31.690001
32.939999
33.130001
33.09
32.619999
32.549999
32.130001
30.4
30.52
30.889999
29.200001
27.969999
28.17
27.08
25.43
25.68
25.969999
25.530001
26.459999
26.370001
26.280001
29.120001
29.129999
29.389999
30.66
31.43
30.190001
29.83
30.049999
30.440001
30.950001
30.690001
30.719999
30.68
31.08
30.879999
30.18
29.700001
29.33
29.4
28.780001
29.25
30.99
30.549999
30.24
30.43
30.209999
29.360001
30.299999
29.110001
29.809999
29.709999
30.33
29.26
29.719999
31.139999
31.43
31.5
32.099998
32.0
32.330002
33.619999
33.830002
decrease
