50.139999
50.130001
50.349998
51.080002
52.759998
52.68
53.93
54.900002
55.060001
54.900002
54.84
55.490002
55.099998
55.779999
54.07
52.950001
51.5
51.5
50.310001
48.07
49.119999
49.34
50.509998
49.580002
49.639999
50.68
50.84
50.07
49.970001
50.93
51.16
50.310001
49.720001
50.790001
51.790001
51.130001
50.419998
51.84
52.169998
52.91
52.900002
53.630001
53.099998
54.900002
55.459999
54.810001
55.310001
53.860001
55.279999
54.419998
54.290001
54.549999
55.41
54.060001
54.68
54.029999
53.959999
54.09
54.240002
53.470001
54.130001
54.18
54.380001
55.049999
55.07
55.73
55.75
55.650002
55.110001
55.209999
55.07
56.91
55.84
56.25
56.900002
56.650002
59.419998
58.360001
57.07
56.77
57.459999
57.450001
57.900002
56.18
55.779999
55.860001
56.900002
57.150002
57.73
57.720001
57.880001
57.639999
58.220001
59.459999
58.540001
56.689999
57.119999
55.860001
55.119999
56.650002
57.200001
57.790001
57.720001
56.740002
56.349998
55.459999
54.360001
54.400002
54.02
53.599998
54.889999
52.830002
53.650002
54.049999
54.419998
54.73
55.98
58.41
58.84
58.889999
59.16
58.799999
58.860001
58.740002
58.919998
58.610001
57.470001
54.169998
53.73
53.720001
54.66
54.790001
54.919998
55.639999
54.799999
55.75
54.200001
54.91
55.029999
55.259998
55.360001
55.560001
56.889999
55.23
55.27
55.099998
55.07
53.970001
54.84
54.689999
55.48
55.310001
55.5
55.610001
55.310001
55.290001
54.16
54.810001
55.41
54.330002
54.310001
54.34
55.029999
54.720001
53.650002
53.16
52.810001
54.0
54.98
55.59
54.82
54.139999
54.029999
53.73
54.0
53.610001
53.25
54.959999
55.369999
54.68
54.869999
54.66
54.939999
55.599998
56.16
57.849998
57.389999
59.27
58.860001
59.43
59.369999
58.330002
59.77
59.610001
60.93
60.57
59.959999
60.740002
60.59
59.0
56.950001
58.200001
57.740002
56.009998
56.209999
57.450001
57.5
58.880001
59.360001
59.110001
58.950001
58.720001
57.290001
57.900002
57.950001
56.27
56.900002
56.77
56.439999
55.580002
56.0
55.5
55.450001
57.150002
56.580002
56.650002
55.950001
55.34
56.119999
55.419998
55.720001
54.169998
52.709999
51.400002
52.439999
52.869999
52.48
52.970001
51.970001
52.389999
53.040001
54.389999
53.209999
53.029999
52.0
52.330002
53.34
52.419998
53.439999
53.880001
55.43
54.959999
increase
