70.120003
69.910004
70.449997
70.529999
69.540001
68.669998
68.870003
68.440002
68.360001
67.809998
67.959999
67.910004
67.029999
66.75
66.75
67.199997
67.550003
67.769997
67.370003
66.730003
66.739998
67.440002
67.910004
67.93
67.669998
68.190002
67.580002
67.419998
67.650002
67.870003
67.5
67.870003
68.260002
69.599998
70.209999
70.540001
70.400002
71.489998
71.050003
70.949997
71.160004
71.139999
70.269997
69.760002
69.529999
69.860001
70.300003
70.68
71.629997
71.540001
71.489998
71.650002
71.68
71.260002
71.629997
71.339996
71.199997
71.330002
71.540001
71.059998
71.489998
71.699997
71.809998
72.019997
72.739998
72.639999
72.739998
74.449997
74.330002
74.370003
74.370003
74.779999
74.669998
75.089996
75.110001
75.010002
75.25
76.25
75.919998
75.5
76.800003
77.0
77.120003
76.279999
74.910004
75.290001
76.440002
75.690002
74.940002
75.75
75.629997
75.209999
75.080002
75.379997
75.370003
74.379997
74.190002
73.720001
74.349998
74.169998
75.029999
74.739998
74.699997
74.75
75.089996
76.32
76.739998
76.099998
76.419998
77.120003
76.370003
77.129997
77.629997
77.57
77.790001
77.75
77.57
77.650002
73.900002
74.5
74.559998
75.629997
74.910004
74.339996
74.110001
74.709999
74.599998
72.940002
72.919998
73.489998
73.449997
72.440002
72.290001
72.339996
72.400002
72.650002
72.410004
73.169998
72.400002
71.970001
72.019997
72.739998
73.730003
73.57
75.410004
75.970001
75.93
75.970001
75.949997
76.889999
77.239998
77.169998
77.25
77.230003
78.339996
78.559998
79.160004
79.260002
78.93
78.510002
78.32
77.790001
78.779999
79.220001
79.269997
78.209999
77.470001
77.510002
76.970001
76.110001
75.050003
75.400002
76.089996
76.129997
76.339996
76.669998
76.830002
76.739998
77.660004
78.690002
79.209999
79.959999
80.169998
81.230003
80.459999
81.43
80.419998
80.459999
79.830002
80.07
80.629997
80.209999
81.169998
81.18
81.360001
81.650002
81.849998
80.910004
81.370003
80.339996
77.470001
77.720001
77.269997
75.209999
76.110001
77.559998
78.5
79.760002
80.379997
79.019997
78.800003
79.120003
78.199997
80.480003
81.660004
81.690002
80.75
79.599998
80.589996
81.769997
83.910004
83.949997
84.860001
86.529999
85.889999
85.25
84.370003
84.080002
83.970001
83.620003
84.150002
84.209999
82.019997
80.720001
83.5
81.919998
83.489998
86.220001
85.529999
86.650002
86.220001
86.309998
85.199997
85.290001
85.949997
85.75
86.620003
85.93
85.980003
85.900002
85.650002
86.940002
increase
