130.869995
133.020004
132.75
132.919998
132.830002
133.520004
133.559998
133.039993
134.020004
133.360001
134.339996
134.330002
134.949997
133.770004
134.169998
134.639999
135.550003
136.130005
135.899994
136.449997
136.940002
137.289993
138.350006
138.960007
140.149994
140.699997
140.710007
140.649994
141.440002
141.899994
142.710007
141.850006
141.919998
142.580002
141.449997
140.240005
139.419998
139.949997
141.149994
141.869995
142.839996
142.389999
141.960007
141.059998
141.589996
143.139999
144.229996
142.270004
141.020004
139.970001
140.130005
139.619995
138.820007
139.570007
140.479996
141.029999
140.75
140.779999
140.580002
141.660004
140.970001
141.490005
141.800003
143.479996
144.369995
143.149994
143.110001
145.490005
144.649994
145.119995
146.089996
146.570007
146.740005
147.539993
146.75
147.089996
147.350006
147.240005
147.720001
147.179993
148.059998
149.050003
149.979996
148.610001
149.929993
150.449997
150.839996
149.639999
149.309998
150.100006
150.880005
150.720001
150.619995
150.509995
150.160004
150.259995
148.25
149.490005
148.259995
151.399994
149.130005
148.179993
149.550003
150.089996
148.300003
147.919998
146.740005
146.779999
146.360001
146.820007
147.699997
146.25
146.990005
146.550003
146.740005
146.889999
148.570007
147.759995
147.470001
147.899994
149.029999
149.869995
150.699997
150.550003
151.520004
152.669998
152.539993
153.869995
154.160004
154.380005
154.220001
153.860001
153.389999
155.839996
155.360001
155.070007
153.380005
149.860001
152.649994
151.860001
155.490005
154.919998
155.25
155.160004
156.779999
158.399994
157.360001
157.289993
156.039993
155.919998
156.210007
155.179993
156.029999
157.0
157.789993
157.770004
158.039993
157.470001
155.970001
155.639999
157.779999
158.179993
159.029999
159.25
157.070007
156.470001
157.979996
158.429993
156.350006
154.100006
153.639999
154.479996
154.539993
154.0
155.289993
156.350006
156.190002
155.089996
151.800003
151.020004
151.710007
152.960007
151.839996
150.589996
150.5
150.320007
150.539993
151.880005
150.779999
150.160004
150.020004
152.720001
150.850006
153.089996
157.690002
155.679993
155.100006
158.419998
156.339996
155.919998
154.289993
149.559998
148.089996
145.289993
148.100006
150.0
151.070007
150.080002
154.429993
156.050003
153.809998
151.759995
152.309998
156.259995
154.649994
151.679993
152.149994
153.229996
152.850006
155.020004
153.259995
153.050003
154.309998
154.809998
154.389999
154.669998
158.009995
158.139999
161.039993
159.929993
160.419998
160.080002
161.889999
159.490005
161.429993
162.589996
162.270004
163.330002
162.369995
162.0
162.330002
164.0
162.75
162.130005
161.800003
161.039993
159.070007
160.220001
162.119995
163.220001
162.860001
162.539993
decrease
