33.669998
34.130001
33.709999
32.889999
32.98
32.91
33.810001
32.68
33.009998
32.689999
32.279999
32.73
32.68
32.759998
32.950001
33.48
33.75
33.869999
33.75
34.259998
33.310001
33.630001
33.68
33.049999
33.66
33.43
34.110001
33.970001
34.150002
34.02
34.029999
33.84
35.400002
35.509998
35.02
34.299999
34.380001
34.48
33.720001
33.040001
32.84
32.880001
32.84
33.150002
33.5
33.810001
33.77
33.07
33.040001
32.23
32.389999
31.889999
32.68
32.279999
32.029999
32.529999
32.950001
33.169998
32.939999
33.299999
33.73
33.709999
33.880001
33.919998
34.389999
33.900002
36.240002
36.959999
36.439999
37.060001
37.169998
36.98
36.869999
36.59
36.150002
36.169998
35.740002
36.099998
36.439999
36.529999
36.02
35.77
36.130001
36.049999
35.830002
36.610001
36.5
36.98
36.82
36.990002
38.299999
38.040001
38.060001
38.34
38.66
38.75
38.380001
39.599998
39.310001
38.220001
38.349998
37.880001
38.060001
37.849998
37.779999
38.09
37.630001
37.43
37.889999
38.630001
37.970001
37.209999
37.619999
37.509998
37.880001
38.23
38.080002
37.950001
38.060001
38.279999
37.900002
38.080002
38.389999
38.59
37.990002
38.349998
37.860001
37.84
37.790001
37.369999
37.130001
36.75
35.810001
35.799999
36.23
36.16
35.689999
36.48
36.040001
36.369999
36.040001
36.310001
35.880001
35.52
35.709999
36.279999
36.080002
36.09
36.209999
36.330002
36.369999
36.709999
36.68
37.099998
37.139999
36.599998
36.990002
37.189999
36.84
36.200001
35.830002
35.919998
35.400002
34.669998
34.59
35.75
35.900002
35.869999
36.650002
36.349998
36.610001
36.73
36.919998
37.57
37.599998
37.509998
37.52
38.16
37.84
38.259998
38.400002
38.360001
38.110001
38.34
38.84
39.790001
40.0
39.450001
39.240002
39.470001
39.66
40.32
41.57
40.77
41.049999
40.080002
40.099998
40.509998
40.360001
38.970001
37.799999
37.630001
37.029999
36.610001
36.759998
36.91
37.02
39.0
39.41
39.110001
38.389999
38.16
37.630001
38.689999
39.32
38.439999
38.200001
38.110001
37.93
38.279999
38.849998
37.700001
37.66
37.709999
37.98
38.220001
38.189999
37.310001
37.389999
37.470001
37.299999
38.220001
37.610001
38.759998
39.889999
39.029999
38.389999
39.07
39.27
38.830002
38.990002
39.27
39.290001
38.580002
39.470001
40.639999
40.400002
41.599998
41.419998
41.380001
41.09
41.939999
decrease
