141.179993
142.869995
143.830002
152.160004
150.169998
153.080002
152.199997
155.350006
156.449997
155.589996
157.25
156.600006
156.380005
157.460007
160.279999
158.539993
160.809998
160.020004
159.410004
153.199997
155.699997
157.020004
157.160004
157.949997
157.75
163.050003
162.429993
163.220001
163.070007
162.990005
165.179993
165.059998
165.169998
165.610001
165.880005
158.029999
151.440002
152.720001
152.199997
151.759995
152.380005
153.399994
152.050003
155.029999
154.889999
158.020004
157.5
151.029999
153.410004
150.089996
149.410004
146.169998
147.610001
146.25
150.179993
152.669998
154.330002
158.75
158.210007
161.119995
161.699997
183.600006
183.860001
183.600006
188.539993
187.910004
186.970001
189.080002
182.679993
184.039993
181.660004
182.029999
180.740005
179.229996
180.270004
181.330002
178.360001
175.779999
169.139999
171.399994
171.0
168.5
169.979996
166.089996
166.539993
166.759995
169.339996
169.059998
168.130005
165.949997
167.119995
168.809998
174.690002
174.710007
174.740005
174.520004
179.25
179.0
176.419998
181.740005
185.149994
183.639999
182.630005
182.350006
184.619995
185.679993
185.509995
188.779999
187.350006
178.550003
179.380005
181.970001
180.699997
181.350006
177.009995
179.190002
184.449997
194.389999
198.020004
196.869995
195.080002
194.949997
195.860001
199.490005
202.679993
199.479996
195.539993
195.130005
194.160004
192.470001
196.020004
193.770004
195.210007
199.539993
198.369995
196.429993
198.0
199.320007
200.009995
200.130005
195.889999
196.440002
193.899994
192.020004
195.080002
195.710007
192.119995
195.509995
193.199997
194.100006
196.229996
196.320007
195.75
195.050003
199.179993
188.149994
187.580002
186.820007
184.039993
184.210007
185.300003
185.199997
188.539993
186.220001
185.729996
187.860001
189.559998
190.119995
190.419998
187.020004
188.820007
188.619995
189.940002
187.759995
186.240005
192.710007
191.960007
201.070007
205.050003
205.630005
209.990005
212.050003
209.309998
212.520004
217.240005
221.229996
221.529999
217.5
220.330002
220.460007
227.580002
250.289993
261.299988
269.700012
274.600006
284.589996
278.799988
270.299988
265.070007
267.429993
254.259995
265.720001
264.559998
250.100006
249.470001
257.950012
258.269989
266.0
280.269989
278.519989
278.549988
281.040009
278.140015
285.929993
294.160004
290.609985
291.380005
290.390015
301.049988
315.0
325.220001
321.160004
317.0
331.440002
321.299988
315.880005
321.549988
321.089996
318.450012
313.480011
317.5
316.480011
306.700012
300.940002
320.350006
300.690002
285.769989
295.350006
280.290009
283.670013
288.940002
293.970001
288.850006
289.929993
298.070007
303.670013
309.25
311.649994
307.779999
336.059998
334.519989
332.700012
decrease
