34.900002
34.869999
35.119999
35.880001
35.650002
35.040001
34.619999
34.610001
34.02
35.529999
33.650002
34.59
34.889999
34.049999
35.279999
34.650002
34.759998
35.139999
34.59
33.82
33.66
34.529999
33.84
33.779999
33.709999
32.639999
33.080002
32.639999
32.48
32.459999
30.83
30.49
31.059999
28.9
28.860001
30.059999
30.370001
31.110001
30.059999
29.41
29.33
29.24
29.120001
27.83
27.559999
27.540001
27.66
27.4
27.559999
28.6
28.459999
29.389999
27.530001
26.24
26.09
26.360001
26.83
26.6
26.67
27.040001
26.9
26.190001
27.879999
26.799999
26.49
26.66
27.84
27.99
28.49
28.66
28.73
28.219999
26.700001
26.379999
27.83
26.440001
26.34
26.6
26.26
25.92
25.809999
25.49
25.190001
24.969999
25.309999
24.51
24.75
24.93
25.09
25.309999
25.389999
25.43
25.51
26.129999
26.1
25.950001
26.440001
26.219999
24.799999
25.129999
25.82
26.84
27.209999
27.110001
27.690001
27.799999
28.66
28.469999
28.82
29.52
29.59
29.780001
29.549999
29.67
29.99
30.370001
30.299999
30.469999
30.25
29.99
30.16
30.23
29.780001
29.65
30.02
30.219999
29.65
29.27
29.780001
28.52
28.809999
28.82
29.07
30.1
30.09
30.790001
30.9
29.49
30.66
33.07
32.860001
32.279999
32.990002
33.310001
32.09
29.82
29.57
29.440001
30.299999
30.01
30.18
30.66
30.74
29.690001
29.92
30.1
30.93
31.879999
31.4
30.559999
28.440001
28.860001
29.389999
30.360001
30.24
29.07
28.629999
27.809999
28.74
29.84
30.43
31.01
31.459999
32.189999
31.82
31.98
31.530001
32.900002
33.099998
33.84
33.919998
34.799999
34.52
34.029999
34.599998
34.75
34.099998
34.330002
33.740002
33.32
34.139999
33.860001
34.130001
33.810001
33.959999
33.330002
31.67
31.66
32.060001
30.360001
29.41
29.639999
28.530001
26.379999
25.98
26.780001
26.110001
26.73
25.690001
25.9
25.73
23.200001
23.459999
24.66
24.860001
24.24
23.33
23.35
23.959999
24.379999
23.200001
22.940001
23.51
23.370001
23.299999
23.5
23.540001
23.77
24.27
23.16
23.4
24.799999
24.26
24.360001
24.629999
23.67
23.41
24.42
23.58
24.34
23.809999
24.66
24.25
24.450001
25.93
26.620001
26.01
25.889999
26.0
26.34
27.889999
28.110001
decrease
