24.120001
24.190001
24.26
24.43
24.09
24.360001
24.25
24.09
24.24
24.01
24.280001
24.530001
24.379999
24.1
24.139999
24.139999
24.299999
24.52
24.209999
24.25
24.5
24.700001
25.01
25.139999
25.219999
25.530001
25.559999
25.82
26.07
26.24
26.35
26.379999
26.26
26.440001
25.83
25.77
25.67
25.82
25.92
26.049999
26.059999
26.17
26.23
26.02
25.92
25.809999
26.08
25.879999
25.49
25.389999
25.360001
25.32
25.35
25.200001
25.32
25.209999
25.17
25.57
25.35
25.75
25.809999
25.690001
25.65
25.82
25.98
26.09
26.02
26.51
26.290001
26.07
26.059999
26.24
26.67
26.5
26.4
26.360001
26.32
26.379999
26.370001
26.35
26.639999
26.66
26.959999
26.690001
26.790001
26.780001
26.940001
27.030001
26.940001
27.110001
27.09
26.98
26.91
26.870001
26.860001
26.870001
26.790001
26.99
27.110001
27.23
26.790001
26.68
26.92
26.99
26.540001
26.4
26.190001
26.120001
25.690001
25.91
26.07
25.42
25.5
25.59
25.51
25.370001
25.709999
25.719999
25.719999
25.91
26.35
26.42
26.57
26.6
26.370001
26.450001
26.43
26.76
26.66
26.82
26.67
26.540001
26.469999
26.440001
26.25
26.370001
26.58
26.940001
27.33
27.209999
27.469999
27.52
27.52
27.200001
27.32
27.58
27.24
27.32
27.08
27.09
27.219999
27.040001
27.040001
27.1
27.200001
27.17
27.530001
27.33
27.030001
26.799999
27.0
27.030001
27.139999
27.18
26.389999
26.43
26.48
26.51
25.98
25.299999
24.959999
24.66
25.280001
25.059999
25.24
25.559999
25.67
25.360001
25.200001
25.09
24.790001
25.0
24.700001
24.129999
24.129999
24.07
24.030001
24.15
23.98
23.940001
23.950001
24.17
24.18
24.42
24.5
24.219999
24.450001
24.68
24.24
23.969999
23.52
23.280001
23.09
22.51
23.09
23.110001
23.129999
22.74
23.370001
23.48
23.02
22.799999
23.08
23.6
23.59
23.32
23.129999
23.17
23.17
23.530001
23.209999
22.950001
23.08
22.959999
23.139999
23.139999
23.309999
23.389999
23.43
23.24
23.18
23.290001
23.389999
23.059999
23.389999
23.790001
23.719999
23.91
23.85
24.02
24.190001
24.43
24.25
24.15
24.110001
23.98
23.52
23.549999
23.889999
24.139999
23.950001
24.0
decrease
