56.400002
55.849998
55.470001
55.450001
55.16
55.470001
55.41
54.990002
55.07
54.529999
54.470001
53.950001
54.299999
54.889999
54.560001
54.240002
54.200001
53.77
52.779999
51.799999
51.68
51.77
51.57
52.200001
52.009998
52.349998
52.59
52.919998
52.990002
52.299999
52.98
53.009998
52.48
53.23
53.200001
53.459999
54.029999
54.310001
54.66
52.900002
51.099998
52.02
51.560001
52.59
52.400002
52.849998
53.279999
52.950001
53.360001
53.169998
59.0
58.650002
57.560001
57.16
57.98
58.73
58.18
58.220001
57.939999
58.0
57.790001
57.650002
57.77
59.099998
59.950001
58.950001
59.389999
58.360001
58.150002
58.669998
59.049999
59.84
59.790001
60.139999
59.759998
59.790001
59.459999
59.900002
59.07
58.970001
59.779999
58.560001
58.540001
57.459999
54.950001
53.610001
54.130001
53.610001
53.84
53.900002
53.73
52.73
52.560001
52.810001
53.360001
53.009998
52.759998
52.389999
52.200001
53.029999
53.400002
53.52
53.73
53.869999
53.5
53.330002
53.560001
53.189999
53.240002
53.23
53.700001
52.669998
52.630001
51.849998
51.869999
51.470001
52.080002
52.18
52.419998
51.52
51.529999
51.029999
50.830002
50.98
51.369999
52.0
52.299999
52.689999
53.060001
53.66
53.419998
54.939999
56.810001
55.959999
55.27
54.990002
55.07
55.119999
55.709999
56.040001
55.150002
55.759998
56.130001
56.09
55.91
55.98
56.630001
57.23
59.189999
59.25
59.389999
59.07
59.32
59.630001
59.580002
60.360001
60.419998
59.880001
60.099998
60.419998
59.720001
60.599998
61.299999
61.91
62.169998
64.300003
64.529999
64.790001
64.809998
64.239998
63.59
64.769997
63.290001
63.650002
62.950001
62.950001
62.549999
63.490002
63.48
63.439999
63.98
64.550003
64.089996
64.220001
64.290001
64.669998
63.419998
63.810001
64.110001
67.209999
66.389999
67.139999
68.0
67.709999
68.040001
67.580002
67.330002
68.220001
67.650002
67.220001
64.389999
65.220001
65.629997
62.490002
65.489998
65.980003
65.870003
67.959999
68.290001
68.300003
67.489998
67.050003
67.129997
68.160004
69.650002
68.029999
67.029999
66.32
65.889999
65.050003
65.239998
64.169998
65.110001
66.300003
66.82
66.169998
66.199997
66.389999
65.910004
65.709999
66.800003
66.349998
64.419998
64.629997
65.900002
66.169998
65.440002
66.440002
64.120003
66.699997
68.419998
69.589996
67.550003
67.18
67.0
66.830002
67.769997
67.25
67.059998
67.510002
66.199997
65.730003
increase
