19.129999
18.370001
18.860001
19.389999
18.790001
18.93
18.969999
18.77
18.559999
18.389999
18.58
18.639999
17.93
17.540001
18.969999
19.41
19.709999
19.809999
19.540001
18.9
19.540001
18.950001
19.280001
19.75
21.1
21.5
20.790001
19.02
19.879999
20.0
20.51
19.65
19.68
18.85
18.66
19.02
18.030001
18.27
18.440001
18.09
18.200001
18.389999
18.16
19.16
19.5
19.99
19.74
18.82
19.51
19.34
19.549999
19.76
20.049999
19.5
19.790001
19.51
20.959999
20.85
20.809999
20.67
20.66
21.6
21.66
22.17
22.24
22.950001
23.23
23.120001
22.610001
22.91
21.83
20.65
20.5
20.040001
20.030001
20.25
19.639999
18.68
17.950001
18.26
19.280001
19.49
19.52
18.42
18.040001
17.790001
18.610001
18.33
18.67
18.68
19.110001
19.190001
19.51
21.030001
21.6
21.73
21.67
22.469999
22.27
21.83
21.889999
21.76
22.0
22.049999
22.6
21.75
21.389999
21.870001
22.43
22.92
22.26
23.1
23.68
24.0
24.77
24.5
24.91
24.690001
24.809999
23.889999
23.27
23.08
23.02
23.200001
23.67
23.99
24.309999
23.67
24.16
24.549999
24.139999
24.17
23.66
23.610001
23.51
24.09
23.370001
23.530001
23.75
24.280001
26.84
30.299999
31.74
32.5
37.099998
39.560001
43.07
44.93
44.990002
46.400002
49.98
49.75
52.59
51.970001
52.119999
54.139999
53.990002
53.34
50.73
51.919998
49.689999
54.830002
53.970001
55.209999
54.869999
56.630001
55.049999
56.900002
56.900002
57.049999
57.880001
57.419998
57.990002
60.0
59.040001
60.5
59.720001
57.650002
57.860001
58.34
57.759998
57.400002
68.029999
68.900002
69.879997
72.0
69.739998
69.400002
70.160004
71.589996
76.779999
77.790001
76.529999
78.93
79.029999
82.389999
82.449997
83.610001
88.739998
88.0
82.440002
78.730003
76.57
74.650002
74.639999
78.699997
75.660004
84.0
82.139999
83.43
83.449997
86.449997
88.209999
89.599998
90.559998
90.050003
86.559998
84.550003
102.870003
102.080002
98.089996
101.300003
108.440002
108.339996
103.07
103.160004
104.510002
102.010002
103.0
105.010002
107.199997
106.910004
104.010002
103.0
107.029999
104.510002
105.010002
106.260002
98.769997
99.360001
101.849998
101.440002
93.870003
104.449997
102.739998
102.769997
103.739998
100.5
93.470001
93.709999
92.540001
90.150002
decrease
