41.130001
41.0
41.59
39.98
39.41
40.200001
41.130001
40.529999
40.240002
40.189999
39.889999
40.200001
40.48
40.790001
40.220001
40.66
40.400002
41.119999
40.529999
40.209999
39.040001
39.560001
39.610001
39.110001
38.810001
38.400002
38.540001
38.93
38.48
38.98
39.049999
38.529999
38.709999
37.860001
37.220001
37.669998
38.23
38.84
38.66
38.450001
38.349998
38.77
38.150002
37.23
37.139999
37.459999
38.759998
38.939999
38.98
38.57
38.66
38.450001
37.970001
37.490002
37.5
37.5
37.16
37.869999
38.27
38.650002
39.009998
38.990002
38.59
38.91
39.419998
39.830002
38.619999
39.889999
41.209999
41.799999
43.009998
42.959999
43.25
42.990002
42.369999
43.080002
41.939999
42.380001
41.169998
40.790001
40.900002
40.939999
40.470001
40.009998
39.66
39.349998
39.700001
39.060001
39.27
39.490002
39.360001
39.07
38.889999
38.849998
39.509998
38.810001
38.98
38.549999
38.48
39.0
39.5
39.049999
39.369999
39.849998
40.25
40.169998
40.419998
40.52
40.889999
41.130001
41.110001
40.990002
41.27
41.450001
41.450001
41.330002
41.5
41.02
41.150002
40.389999
40.18
39.720001
39.869999
39.700001
39.619999
40.0
41.689999
41.310001
41.759998
41.380001
41.130001
38.560001
39.27
38.57
37.66
37.07
36.16
36.810001
36.84
37.380001
38.0
37.540001
37.099998
36.619999
36.169998
35.970001
36.07
35.669998
36.380001
35.849998
36.0
36.59
36.509998
36.580002
37.450001
36.32
36.720001
36.23
37.610001
37.830002
37.959999
38.110001
37.950001
37.889999
37.93
36.950001
36.599998
37.220001
37.529999
37.5
36.220001
36.450001
36.540001
36.209999
35.860001
36.0
36.400002
36.66
35.990002
35.790001
36.0
36.16
36.330002
36.259998
36.299999
37.459999
37.099998
36.290001
36.560001
36.709999
37.099998
37.080002
37.529999
37.200001
37.189999
37.029999
36.52
37.41
38.509998
37.490002
36.080002
36.860001
37.560001
33.900002
33.700001
33.599998
33.060001
32.98
33.599998
33.68
33.110001
32.52
32.009998
33.259998
33.790001
33.16
32.630001
32.299999
32.68
33.240002
33.279999
32.700001
32.790001
33.41
33.919998
33.5
33.540001
33.470001
33.5
32.68
32.41
32.439999
31.82
31.51
32.029999
32.09
32.27
31.790001
30.83
31.09
31.35
32.209999
31.58
31.959999
32.5
32.349998
32.490002
32.34
33.650002
34.139999
34.41
34.700001
decrease
