244.850006
246.330002
249.139999
248.130005
248.059998
248.399994
245.960007
244.339996
245.330002
245.509995
245.75
248.910004
249.139999
249.490005
248.110001
247.520004
247.449997
248.25
247.380005
246.320007
246.880005
249.880005
249.449997
250.649994
253.380005
256.519989
256.98999
256.209991
259.220001
257.609985
258.519989
255.610001
253.190002
254.669998
256.140015
256.690002
255.990005
257.589996
259.660004
258.640015
258.589996
261.269989
260.160004
260.290009
256.890015
257.399994
255.949997
255.330002
257.559998
254.880005
256.709991
257.700012
260.279999
258.940002
261.98999
261.779999
262.640015
263.959991
263.859985
264.829987
264.809998
264.23999
264.920013
264.769989
265.299988
265.269989
264.049988
263.859985
260.76001
264.100006
263.130005
264.640015
266.829987
268.779999
269.23999
269.579987
269.820007
273.100006
270.549988
269.279999
271.399994
271.140015
269.98999
268.130005
267.609985
267.700012
272.820007
270.769989
268.540009
269.329987
267.899994
270.720001
271.01001
272.209991
268.829987
268.070007
265.269989
265.869995
267.450012
269.299988
268.959991
266.700012
265.690002
267.029999
275.970001
278.329987
280.040009
280.420013
281.549988
281.369995
284.73999
286.839996
284.619995
287.720001
289.899994
291.079987
292.179993
292.679993
293.329987
293.859985
293.329987
295.190002
298.679993
296.399994
295.779999
294.320007
292.0
292.649994
294.600006
294.049988
294.029999
304.75
297.98999
297.660004
296.369995
295.529999
294.170013
301.359985
301.660004
301.859985
303.309998
303.299988
299.140015
298.130005
298.480011
300.459991
299.940002
300.549988
296.850006
300.940002
304.309998
302.019989
302.720001
303.630005
307.899994
306.690002
307.399994
299.630005
300.559998
297.75
300.200012
302.679993
305.670013
304.559998
307.279999
308.459991
306.910004
310.470001
308.399994
307.119995
306.619995
304.48999
303.779999
303.839996
306.160004
308.290009
306.910004
305.23999
306.649994
308.549988
308.220001
308.26001
310.390015
307.609985
309.549988
315.149994
312.540009
317.51001
314.299988
316.369995
315.140015
313.480011
313.459991
325.0
335.559998
338.339996
339.459991
340.529999
342.859985
336.790009
322.369995
327.5
337.660004
324.01001
332.690002
337.440002
343.359985
349.619995
356.910004
356.0
350.359985
350.820007
348.630005
351.51001
355.089996
353.660004
350.040009
339.540009
343.049988
344.790009
341.869995
346.820007
346.359985
349.640015
344.720001
344.329987
340.100006
340.820007
338.630005
344.929993
347.579987
347.220001
338.829987
345.769989
355.230011
349.290009
344.709991
349.119995
345.519989
346.040009
353.440002
360.029999
351.720001
347.589996
346.73999
346.649994
352.049988
350.600006
351.75
355.040009
357.700012
358.019989
decrease
