35.630001
34.650002
35.43
35.82
36.150002
34.98
34.970001
34.259998
33.689999
33.860001
33.25
34.349998
34.040001
33.759998
34.080002
33.799999
33.790001
33.91
34.080002
33.380001
34.02
34.810001
34.950001
35.0
34.459999
32.599998
32.77
32.599998
32.669998
32.639999
32.889999
32.93
33.110001
32.540001
32.59
34.209999
34.310001
34.509998
32.77
32.810001
33.66
33.580002
33.169998
32.130001
31.84
31.639999
31.790001
31.700001
31.77
32.439999
32.939999
33.900002
32.73
32.279999
32.009998
32.599998
33.189999
33.150002
33.419998
33.790001
33.98
33.880001
35.150002
34.0
33.450001
33.18
33.580002
33.34
33.709999
33.110001
32.709999
31.879999
32.610001
32.619999
33.18
31.790001
31.290001
30.809999
30.35
30.290001
30.620001
30.389999
29.940001
30.09
30.379999
30.290001
30.200001
30.370001
30.08
30.52
30.34
30.360001
30.450001
30.67
30.68
31.33
31.83
31.879999
31.75
32.259998
33.380001
33.84
33.950001
34.450001
34.77
35.18
35.509998
35.200001
35.540001
35.860001
36.299999
36.139999
35.529999
35.73
35.349998
35.130001
35.23
36.029999
35.029999
35.240002
34.93
34.98
34.380001
34.650002
34.990002
34.919998
34.52
34.080002
34.09
33.799999
33.810001
33.630001
33.860001
33.23
34.279999
34.189999
34.060001
33.360001
33.419998
35.5
35.099998
35.02
34.549999
33.52
33.060001
32.27
31.940001
31.51
32.02
31.719999
31.799999
31.940001
31.85
31.629999
32.130001
32.610001
33.549999
34.09
33.98
33.169998
32.709999
32.400002
32.619999
33.290001
33.139999
32.59
32.43
33.060001
33.34
33.619999
34.32
35.549999
35.439999
35.619999
35.279999
35.490002
36.02
36.799999
37.849998
38.43
38.220001
38.709999
38.240002
37.93
38.84
39.139999
38.470001
38.919998
37.91
37.98
38.740002
38.73
38.290001
37.599998
37.709999
36.73
36.59
36.68
37.43
35.689999
33.849998
35.389999
34.049999
32.639999
33.09
33.709999
33.66
35.139999
35.130001
35.610001
35.380001
34.959999
35.099998
36.07
36.18
36.259998
35.09
35.41
36.080002
36.369999
36.700001
36.509998
36.639999
37.720001
37.599998
37.310001
37.389999
36.259998
36.889999
36.369999
36.790001
38.040001
37.18
37.18
37.900002
36.919998
35.93
36.810001
35.880001
36.66
36.560001
37.23
36.990002
36.25
38.080002
39.43
40.639999
40.919998
37.98
37.59
38.32
38.580002
decrease
