17.24
17.07
17.299999
17.01
17.280001
16.84
16.9
16.67
15.77
14.98
14.6
15.03
14.79
14.72
15.13
15.27
15.07
15.08
14.92
15.05
15.24
15.71
15.96
15.88
16.76
16.450001
16.469999
16.209999
16.059999
16.76
16.92
16.700001
16.780001
16.4
16.4
16.690001
16.709999
16.940001
16.469999
16.610001
16.91
16.950001
16.76
16.780001
17.23
17.389999
17.639999
17.209999
17.32
17.02
17.219999
17.17
16.799999
16.360001
16.24
16.120001
16.299999
21.09
22.200001
23.24
22.92
23.42
24.0
24.110001
24.49
25.280001
25.01
24.67
24.610001
25.17
24.620001
24.530001
24.469999
23.98
24.450001
24.5
24.25
24.33
24.389999
24.67
25.469999
25.469999
25.67
25.25
25.77
25.719999
25.860001
25.610001
25.43
24.58
24.57
24.950001
24.85
24.91
24.809999
24.4
23.940001
24.129999
23.92
23.879999
23.879999
23.559999
23.1
22.93
23.84
24.620001
24.139999
24.190001
23.940001
23.389999
24.1
24.9
24.9
25.59
25.58
25.889999
25.77
25.57
25.49
25.74
25.690001
25.469999
25.68
26.059999
26.620001
26.0
25.950001
25.540001
25.4
24.889999
25.110001
24.92
24.77
25.34
25.01
25.0
24.84
25.969999
27.620001
28.25
28.42
28.02
27.82
28.35
28.780001
28.92
29.370001
29.440001
29.49
29.32
29.469999
29.219999
29.030001
28.77
28.860001
28.200001
27.65
27.950001
27.41
27.32
27.290001
27.73
28.25
29.129999
28.700001
28.15
27.68
27.5
27.59
27.25
27.0
27.459999
28.16
28.43
27.700001
28.01
28.48
28.9
28.879999
28.549999
28.73
29.17
28.719999
28.24
28.610001
28.700001
27.9
27.43
26.809999
26.9
26.92
27.139999
27.25
27.65
27.4
26.860001
26.09
26.01
26.43
26.190001
25.16
25.51
25.360001
24.0
24.59
24.719999
24.610001
24.799999
25.26
25.219999
25.690001
25.0
25.26
26.42
26.290001
25.99
25.860001
26.92
27.889999
28.950001
29.209999
29.379999
29.6
29.75
29.889999
30.0
30.200001
30.77
30.299999
30.17
30.299999
30.190001
30.299999
29.790001
30.370001
30.0
30.27
30.530001
30.34
30.469999
30.4
30.309999
29.959999
30.530001
30.559999
30.639999
30.02
30.129999
30.719999
31.25
31.379999
31.49
decrease
