115.809998
116.370003
117.050003
116.779999
117.82
118.800003
117.489998
117.709999
118.239998
117.209999
116.839996
117.010002
115.75
116.669998
116.910004
116.730003
116.959999
117.129997
116.860001
112.120003
112.800003
113.269997
114.190002
114.370003
114.970001
119.769997
122.330002
124.129997
124.029999
124.5
123.639999
122.5
120.949997
120.220001
120.43
118.919998
119.699997
120.730003
118.290001
118.290001
119.139999
120.120003
117.730003
117.470001
117.400002
119.290001
119.480003
119.040001
120.720001
119.519997
121.699997
123.279999
122.669998
121.239998
122.339996
123.0
122.5
123.279999
122.589996
124.0
123.5
123.260002
120.669998
118.519997
117.849998
117.5
118.989998
116.410004
113.010002
114.230003
112.580002
112.970001
112.480003
113.43
114.610001
115.889999
117.209999
117.459999
115.440002
116.559998
119.550003
120.040001
120.43
117.5
118.629997
117.669998
120.400002
118.940002
117.739998
118.209999
117.760002
119.400002
120.790001
120.519997
121.160004
121.110001
122.440002
123.93
123.919998
126.419998
126.580002
126.760002
126.93
128.039993
127.349998
127.800003
130.979996
130.710007
130.990005
130.360001
131.0
132.509995
132.789993
132.240005
131.639999
131.570007
130.5
131.119995
130.460007
130.789993
130.0
131.490005
133.690002
131.649994
129.800003
129.479996
130.520004
130.240005
132.75
131.869995
132.309998
128.690002
133.25
133.649994
132.800003
131.419998
131.839996
132.149994
130.360001
130.119995
129.449997
129.330002
127.989998
127.150002
127.620003
126.980003
126.419998
129.220001
127.540001
127.07
129.100006
129.229996
130.009995
127.480003
130.149994
136.410004
138.630005
137.5
139.889999
138.839996
138.729996
141.029999
140.820007
141.550003
141.460007
141.830002
140.860001
141.110001
143.630005
143.720001
144.839996
144.279999
144.520004
144.600006
145.910004
145.309998
144.899994
146.960007
146.970001
147.380005
150.270004
152.570007
153.600006
151.610001
154.029999
154.339996
153.0
154.050003
153.410004
151.399994
151.470001
151.660004
149.940002
148.229996
150.970001
151.389999
150.050003
150.880005
148.470001
145.029999
138.610001
143.050003
142.679993
136.889999
138.220001
139.910004
140.309998
142.25
142.380005
142.639999
140.029999
138.899994
141.479996
142.619995
145.520004
142.830002
139.080002
138.669998
138.660004
140.830002
141.080002
140.720001
140.440002
145.529999
142.559998
142.380005
136.639999
137.630005
138.589996
139.169998
139.300003
139.449997
134.190002
132.179993
136.190002
133.589996
133.970001
135.779999
132.830002
133.369995
131.979996
133.699997
129.360001
128.919998
130.0
131.050003
133.169998
133.509995
136.479996
135.550003
138.610001
138.860001
decrease
