40.310001
39.490002
39.939999
39.970001
39.630001
39.759998
39.849998
40.16
40.130001
40.040001
39.77
40.16
40.130001
40.130001
40.43
40.060001
39.740002
41.5
41.619999
40.34
40.150002
39.529999
39.98
39.490002
39.560001
40.959999
40.240002
40.470001
40.490002
39.610001
39.41
38.98
38.700001
39.27
40.009998
39.52
38.860001
38.950001
38.099998
37.970001
37.98
38.419998
38.259998
38.610001
39.110001
39.869999
40.290001
39.630001
40.41
40.099998
40.049999
39.57
39.66
38.299999
38.639999
38.57
39.07
40.169998
41.380001
43.639999
43.619999
43.77
44.16
44.599998
44.759998
44.860001
44.759998
44.360001
44.009998
43.490002
43.419998
43.549999
43.41
42.91
42.740002
42.740002
42.68
42.240002
41.279999
41.490002
42.029999
41.970001
42.41
39.560001
39.349998
38.950001
38.700001
38.669998
38.810001
38.540001
38.34
38.029999
38.220001
38.66
38.650002
37.98
38.849998
38.689999
38.630001
39.459999
39.93
40.27
40.650002
41.029999
40.630001
41.709999
41.700001
41.860001
42.549999
42.700001
43.759998
44.169998
43.84
43.759998
44.0
44.389999
44.459999
44.549999
44.43
44.369999
43.66
43.509998
43.419998
43.630001
43.720001
44.080002
44.619999
44.259998
44.560001
44.740002
44.82
43.709999
44.419998
44.009998
43.52
44.419998
44.529999
44.25
44.240002
45.0
44.650002
45.330002
46.299999
46.34
46.0
45.619999
45.82
53.110001
52.950001
54.73
55.080002
56.049999
56.41
56.23
56.799999
56.23
56.509998
56.41
55.93
56.139999
57.209999
57.529999
58.259998
58.580002
57.799999
57.779999
57.369999
57.27
57.73
57.91
57.040001
56.209999
56.299999
55.860001
56.150002
55.799999
55.32
55.57
57.07
57.810001
58.849998
59.650002
59.669998
60.650002
61.810001
62.77
62.27
63.59
63.299999
63.09
63.52
63.84
62.93
62.490002
63.34
62.799999
62.310001
61.5
62.16
60.220001
56.810001
58.139999
57.630001
55.849998
56.169998
57.73
58.740002
60.639999
57.669998
56.509998
58.080002
58.540001
58.59
59.619999
60.41
60.400002
60.549999
60.599998
60.759998
62.189999
63.799999
63.349998
63.880001
65.260002
64.529999
64.830002
64.550003
63.669998
63.93
62.84
63.310001
64.110001
62.16
61.150002
63.299999
61.189999
59.470001
61.689999
59.16
60.630001
62.110001
62.900002
63.110001
63.580002
66.059998
66.139999
67.57
67.470001
68.269997
69.550003
69.220001
69.010002
decrease
