87.449997
87.360001
89.379997
90.580002
91.68
91.519997
90.0
90.129997
89.620003
90.209999
90.540001
90.529999
90.93
90.790001
90.809998
90.309998
89.660004
90.150002
90.599998
85.760002
86.739998
86.940002
87.68
88.599998
88.410004
88.279999
88.690002
88.099998
87.440002
89.0
88.510002
88.730003
87.620003
89.199997
90.089996
91.75
91.910004
92.730003
93.360001
93.889999
94.550003
95.300003
94.639999
94.389999
94.339996
94.010002
94.199997
95.419998
96.660004
97.0
97.209999
98.389999
98.980003
97.540001
98.129997
98.550003
97.900002
97.980003
98.190002
98.110001
98.029999
97.370003
89.209999
87.5
87.839996
87.900002
88.150002
87.900002
87.660004
87.260002
87.510002
88.110001
88.110001
87.980003
88.989998
88.290001
88.790001
89.239998
87.199997
87.150002
88.639999
88.690002
89.480003
87.43
87.93
87.870003
89.059998
89.209999
89.75
89.730003
88.959999
88.540001
88.309998
88.5
88.959999
86.510002
86.589996
86.839996
88.459999
90.029999
90.57
88.269997
87.809998
87.959999
88.540001
88.580002
89.68
90.839996
90.419998
89.389999
89.870003
91.68
91.93
91.93
92.5
92.389999
91.660004
92.970001
93.269997
92.650002
93.269997
93.730003
93.349998
92.989998
91.919998
91.099998
94.580002
94.980003
95.269997
95.410004
96.449997
94.760002
95.519997
94.709999
94.650002
93.519997
93.410004
94.010002
94.389999
94.220001
92.410004
92.870003
92.160004
92.510002
92.459999
92.639999
93.279999
93.709999
94.07
94.43
94.459999
94.389999
94.260002
94.110001
96.290001
98.239998
97.779999
97.660004
98.949997
96.949997
96.5
97.32
97.730003
97.559998
98.550003
97.480003
96.589996
97.849998
98.589996
98.019997
98.440002
100.050003
98.980003
98.699997
98.68
100.32
99.889999
99.459999
100.050003
101.550003
102.0
102.5
104.260002
105.760002
105.949997
107.260002
106.610001
106.889999
105.379997
106.489998
107.43
106.889999
106.169998
105.010002
106.18
106.940002
105.690002
105.389999
106.779999
104.629997
99.739998
101.360001
100.730003
96.199997
97.379997
99.360001
99.349998
102.690002
103.870003
104.860001
104.720001
105.379997
104.120003
106.559998
108.839996
107.589996
105.870003
103.669998
104.709999
106.360001
106.720001
107.620003
107.769997
110.699997
109.510002
108.550003
106.489998
106.099998
107.209999
106.720001
106.349998
106.949997
102.510002
99.449997
103.800003
101.580002
101.129997
103.129997
101.410004
103.910004
104.800003
104.459999
101.169998
102.029999
103.25
102.309998
105.040001
103.910004
104.889999
106.449997
106.309998
108.150002
decrease
