60.349998
60.0
61.18
60.939999
62.0
61.610001
61.330002
61.709999
61.700001
60.279999
61.09
60.470001
59.869999
58.799999
58.209999
57.529999
57.32
57.610001
57.779999
56.119999
55.880001
56.66
56.759998
58.639999
58.650002
58.369999
58.150002
58.330002
58.099998
59.07
58.700001
58.970001
57.810001
57.209999
59.139999
59.790001
59.900002
60.490002
59.110001
54.599998
54.919998
55.799999
56.130001
55.970001
56.700001
57.5
57.41
56.860001
58.169998
58.169998
57.869999
58.869999
59.16
59.189999
58.200001
58.709999
58.599998
58.939999
60.5
59.720001
60.119999
59.349998
60.66
59.919998
60.23
60.509998
60.919998
58.119999
58.669998
57.459999
57.669998
57.150002
56.880001
57.110001
57.48
57.860001
57.549999
57.139999
56.540001
55.369999
55.720001
55.57
56.73
54.349998
54.110001
53.73
54.650002
54.91
54.59
54.709999
54.580002
54.93
55.68
55.110001
55.5
54.790001
55.310001
54.259998
54.549999
53.970001
53.48
53.599998
53.959999
53.5
54.27
55.110001
55.98
54.509998
54.529999
54.299999
54.09
55.610001
55.490002
56.040001
56.049999
55.959999
56.110001
56.669998
56.150002
55.400002
55.369999
57.34
57.419998
58.310001
57.209999
57.110001
57.279999
58.619999
60.0
59.450001
59.779999
58.990002
59.73
59.490002
58.470001
57.830002
58.799999
58.450001
58.0
57.98
57.689999
57.700001
56.52
55.830002
55.700001
54.860001
54.939999
54.790001
54.799999
55.560001
55.98
56.150002
55.93
55.849998
56.279999
57.360001
57.5
57.299999
58.82
57.639999
57.939999
58.59
60.169998
61.27
61.950001
61.849998
59.540001
60.110001
62.009998
62.43
63.849998
64.529999
64.559998
64.730003
64.610001
64.339996
63.580002
66.519997
67.389999
67.220001
67.860001
68.239998
67.779999
68.940002
70.18
69.019997
68.949997
69.260002
68.82
68.720001
68.989998
68.980003
69.010002
68.239998
69.540001
69.040001
66.82
66.959999
66.379997
64.239998
62.540001
63.599998
62.919998
60.380001
61.77
63.439999
64.080002
65.190002
65.580002
68.540001
67.559998
66.849998
66.949997
66.940002
67.879997
67.290001
65.400002
67.529999
67.879997
67.860001
67.779999
69.480003
67.629997
67.160004
67.690002
67.529999
66.0
66.18
66.589996
65.330002
64.199997
65.349998
61.09
59.439999
60.599998
60.23
59.32
61.09
59.849998
60.790001
61.130001
63.099998
60.689999
60.540001
62.16
60.98
61.919998
61.630001
62.459999
64.129997
65.419998
65.129997
decrease
