101.260002
101.68
102.949997
104.739998
104.019997
105.639999
104.300003
106.639999
103.480003
104.25
103.849998
103.860001
102.769997
102.940002
121.290001
126.5
127.889999
134.309998
136.809998
127.720001
133.070007
136.0
138.899994
137.029999
138.570007
138.259995
141.839996
144.869995
144.350006
144.360001
143.639999
148.009995
147.339996
149.119995
159.940002
149.600006
149.970001
151.399994
151.720001
152.369995
151.619995
157.320007
157.089996
159.470001
158.369995
153.830002
152.149994
146.580002
151.75
146.679993
144.559998
139.330002
143.050003
143.479996
146.759995
153.699997
155.880005
162.509995
160.630005
164.949997
164.25
165.960007
165.100006
167.5
168.100006
166.149994
165.350006
167.259995
161.740005
164.389999
162.509995
164.490005
164.389999
166.479996
167.210007
172.350006
170.300003
172.110001
164.740005
155.960007
168.399994
166.979996
165.149994
161.470001
161.5
159.149994
162.550003
165.800003
165.190002
163.809998
164.970001
164.699997
165.679993
169.440002
170.460007
165.910004
165.809998
166.580002
163.690002
169.0
169.610001
170.369995
169.399994
180.110001
187.550003
187.350006
185.839996
180.759995
179.0
171.0
171.960007
175.729996
175.679993
178.770004
179.0
179.369995
180.869995
180.770004
181.300003
185.389999
188.929993
190.940002
191.029999
194.589996
197.929993
197.75
197.580002
197.800003
196.899994
196.619995
198.679993
193.660004
195.690002
201.860001
203.839996
206.809998
207.199997
205.940002
208.690002
209.630005
212.029999
209.160004
205.320007
216.139999
212.630005
214.179993
209.979996
211.610001
211.360001
214.080002
216.050003
214.929993
216.960007
214.139999
210.710007
196.419998
200.710007
197.679993
186.660004
187.740005
189.259995
191.990005
191.490005
194.660004
190.839996
186.179993
186.470001
191.559998
197.899994
196.110001
196.800003
195.889999
195.270004
197.440002
197.169998
197.399994
193.5
199.350006
212.470001
213.589996
215.399994
222.0
221.940002
223.679993
224.080002
222.979996
220.110001
224.720001
224.440002
230.110001
233.690002
238.910004
235.800003
236.350006
243.330002
246.850006
242.720001
245.800003
240.5
233.520004
213.699997
225.580002
228.800003
217.520004
232.080002
228.029999
232.630005
241.419998
246.5
243.839996
249.080002
241.509995
242.149994
245.929993
246.580002
246.059998
242.0
232.210007
236.539993
235.649994
242.160004
241.839996
241.179993
245.330002
249.759995
247.710007
248.740005
249.339996
250.479996
241.0
249.580002
248.559998
241.850006
232.970001
244.479996
225.520004
221.350006
231.589996
221.050003
225.350006
226.240005
221.380005
214.25
215.410004
227.910004
226.240005
234.600006
231.5
231.490005
237.539993
236.369995
229.039993
decrease
