47.099998
47.349998
48.0
48.52
49.060001
48.650002
47.740002
46.0
45.970001
45.48
45.849998
46.389999
51.93
52.880001
53.080002
53.459999
52.689999
53.0
53.07
52.169998
51.869999
52.799999
52.790001
52.84
52.810001
53.279999
53.189999
53.34
52.950001
53.009998
53.349998
53.09
52.73
52.950001
53.029999
53.240002
52.75
53.779999
54.779999
54.59
54.849998
54.540001
53.349998
52.57
52.189999
53.099998
53.34
53.099998
53.369999
53.02
53.619999
53.450001
53.700001
53.049999
53.27
53.400002
52.98
53.02
53.450001
53.810001
53.900002
53.849998
53.759998
53.099998
52.900002
52.599998
52.950001
52.75
52.139999
52.07
52.720001
52.669998
52.459999
52.560001
50.689999
51.310001
50.759998
50.740002
50.200001
50.0
50.099998
50.209999
50.740002
50.150002
49.66
48.470001
48.759998
48.689999
48.150002
48.119999
48.18
47.59
47.5
48.279999
48.91
48.720001
47.029999
44.759998
44.040001
44.02
44.349998
44.220001
43.27
43.200001
42.990002
42.669998
42.400002
41.48
41.389999
40.959999
41.240002
41.580002
41.950001
42.669998
42.93
43.099998
43.27
43.799999
43.900002
43.0
42.689999
43.169998
42.779999
43.099998
42.75
41.939999
41.209999
40.59
40.369999
40.16
40.389999
40.279999
40.400002
40.0
40.459999
40.779999
41.0
30.01
30.77
30.82
30.65
31.41
30.1
29.299999
28.469999
28.040001
28.01
28.18
28.559999
28.82
27.969999
28.200001
28.370001
29.790001
30.780001
30.51
30.969999
31.51
31.809999
31.780001
31.790001
30.809999
30.959999
30.92
31.16
31.4
30.48
30.59
30.84
30.809999
30.209999
30.75
30.67
30.92
30.73
31.030001
30.9
31.639999
31.83
32.060001
31.98
32.080002
31.91
31.15
31.91
32.259998
31.75
31.780001
31.290001
31.219999
31.540001
31.65
31.23
24.809999
25.33
25.360001
25.73
26.440001
27.4
27.98
26.120001
28.75
29.459999
27.91
27.610001
27.299999
26.6
27.200001
27.639999
28.23
27.389999
26.83
26.709999
26.799999
27.82
26.959999
25.690001
26.5
26.59
28.09
27.889999
27.200001
27.67
27.32
28.99
28.6
28.43
28.889999
28.66
26.790001
27.200001
26.809999
25.84
25.35
26.059999
25.190001
25.280001
25.48
24.73
24.9
25.67
26.219999
25.790001
25.52
25.83
25.92
25.76
25.719999
26.25
27.370001
27.23
26.68
decrease
