13.35
13.3
13.35
13.45
13.25
13.2
13.0
13.0
12.9
12.85
12.85
13.0
13.1
13.4
13.05
13.0
13.05
13.3
13.3
13.05
13.05
13.2
13.55
13.5
13.65
13.6
13.8
13.65
13.7
14.0
13.95
13.8
13.9
13.8
13.95
14.1
14.05
13.95
14.0
14.05
14.15
14.25
14.0
13.95
13.95
14.05
14.1
14.1
14.3
14.05
14.15
14.3
14.15
13.65
13.75
13.55
13.75
13.6
13.7
14.0
14.1
14.05
14.35
14.35
14.45
14.45
14.55
14.6
14.7
14.8
14.7
14.85
14.75
14.65
14.6
14.8
14.6
14.55
14.0
13.8
13.8
13.7
13.65
13.65
13.75
13.75
13.8
13.5
13.6
13.75
13.8
13.7
13.6
13.7
13.8
13.55
13.65
13.8
13.4
13.65
13.5
13.3
13.35
13.45
13.45
13.5
13.6
13.45
13.4
13.6
13.4
13.55
13.65
13.65
13.7
13.7
13.7
13.7
13.65
13.55
13.85
13.75
13.85
14.05
14.05
13.95
14.1
13.9
14.1
14.0
13.95
14.0
14.0
13.95
14.15
13.9
14.05
14.05
14.2
14.55
14.4
14.45
14.75
15.55
15.6
15.55
15.55
16.0
16.200001
15.95
15.95
15.9
15.9
15.95
16.35
16.450001
16.4
16.450001
16.75
16.549999
16.549999
16.549999
16.799999
16.9
16.549999
16.5
16.450001
16.35
16.6
16.65
16.6
16.65
16.799999
16.6
16.65
16.65
16.6
16.799999
16.9
16.93
17.200001
17.200001
17.25
17.15
17.5
17.549999
17.299999
17.549999
17.4
17.549999
17.549999
17.35
17.4
17.299999
17.5
17.35
17.299999
17.450001
17.15
16.75
16.1
16.5
16.299999
15.85
16.0
16.15
16.549999
16.700001
16.6
16.450001
16.1
16.15
16.5
16.75
16.9
16.700001
16.4
16.1
16.15
16.4
16.6
16.5
16.4
16.799999
16.85
16.65
16.65
16.75
17.0
16.75
16.75
16.9
16.700001
16.0
16.1
15.95
15.8
16.1
15.65
16.0
16.0
16.0
15.8
15.85
16.200001
16.0
16.1
15.9
16.200001
16.25
16.25
16.4
decrease
