12.94
12.89
13.04
13.07
12.94
12.96
12.72
12.74
12.62
12.57
12.57
12.69
12.79
13.11
12.71
12.68
12.71
12.89
12.93
12.66
12.7
12.82
13.12
13.15
13.22
13.21
13.42
13.29
13.38
13.57
13.58
13.44
13.48
13.36
13.51
13.65
13.67
13.56
13.58
13.61
13.73
13.78
13.49
13.53
13.45
13.59
13.66
13.66
13.85
13.6
13.7
13.89
13.73
13.24
13.32
13.15
13.27
13.2
13.23
13.57
13.68
13.63
13.93
13.96
13.93
13.98
14.12
14.23
14.27
14.39
14.31
14.43
14.27
14.25
14.12
14.34
14.24
14.17
13.68
13.43
13.37
13.31
13.25
13.23
13.27
13.31
13.39
13.18
13.2
13.42
13.43
13.36
13.3
13.37
13.45
13.28
13.39
13.53
13.14
13.34
13.26
13.0
13.05
13.09
13.09
13.05
13.17
13.08
13.03
13.2
13.11
13.26
13.26
13.26
13.28
13.37
13.36
13.43
13.29
13.18
13.5
13.48
13.54
13.68
13.68
13.62
13.73
13.62
13.71
13.75
13.63
13.66
13.68
13.69
13.81
13.66
13.71
13.8
13.87
14.28
14.15
14.14
14.36
15.1
15.23
15.27
15.19
15.72
15.84
15.67
15.79
15.77
15.77
15.74
16.15
16.35
16.16
16.200001
16.540001
16.4
16.389999
16.360001
16.549999
16.59
16.219999
16.280001
16.219999
16.02
16.33
16.27
16.24
16.34
16.42
16.309999
16.25
16.33
16.209999
16.43
16.49
16.59
16.799999
16.83
16.879999
16.85
17.08
17.15
16.969999
17.209999
17.01
17.219999
17.18
17.07
17.09
17.040001
17.139999
17.059999
17.049999
17.110001
16.82
16.41
15.83
16.290001
16.059999
15.65
15.77
15.75
16.219999
16.34
16.370001
16.26
15.95
16.01
16.219999
16.5
16.639999
16.379999
16.129999
15.75
15.87
16.15
16.42
16.299999
16.219999
16.469999
16.549999
16.370001
16.33
16.42
16.6
16.34
16.360001
16.51
16.27
15.56
15.68
15.58
15.43
15.8
15.41
15.64
15.78
15.75
15.5
15.65
15.95
15.8
15.91
15.72
15.95
16.1
16.030001
16.190001
decrease
