62.07
61.75
60.080002
59.830002
59.209999
59.450001
58.349998
58.82
59.040001
57.830002
55.779999
56.619999
55.68
54.959999
55.580002
54.439999
54.73
54.299999
53.209999
53.759998
53.82
54.200001
54.130001
54.139999
54.66
55.150002
55.18
55.0
54.93
55.540001
56.580002
55.369999
55.419998
55.619999
54.889999
55.310001
56.139999
56.279999
56.950001
56.91
56.669998
56.220001
56.169998
55.419998
54.82
55.279999
56.48
55.990002
56.810001
55.77
55.18
56.049999
55.209999
54.130001
54.689999
53.599998
53.889999
54.669998
55.130001
56.25
56.48
56.580002
57.16
57.32
57.310001
57.169998
57.43
57.919998
57.950001
57.200001
57.060001
57.740002
57.099998
57.040001
57.450001
57.450001
57.299999
57.48
57.02
56.48
57.32
56.970001
57.610001
57.189999
56.849998
57.880001
57.380001
58.099998
57.5
58.040001
57.209999
57.139999
56.919998
57.560001
57.860001
58.32
58.18
58.709999
59.330002
59.450001
58.919998
58.790001
59.400002
59.900002
59.560001
58.799999
58.34
57.91
57.57
57.93
58.34
57.310001
57.82
57.189999
57.07
57.049999
57.150002
57.029999
56.48
56.529999
56.610001
56.669998
56.75
56.869999
56.900002
57.09
56.290001
56.209999
55.540001
55.470001
54.959999
54.470001
53.439999
53.93
54.169998
53.669998
53.93
54.919998
55.18
55.259998
56.220001
56.169998
56.259998
56.27
56.669998
56.900002
56.470001
56.490002
56.48
56.119999
56.540001
56.290001
56.389999
56.220001
55.880001
55.470001
55.299999
55.549999
55.34
55.220001
54.700001
54.830002
55.580002
55.419998
55.740002
56.869999
56.970001
57.400002
57.799999
56.349998
55.610001
55.25
55.849998
56.23
56.720001
57.119999
57.02
56.619999
56.470001
55.25
55.209999
55.279999
54.25
53.060001
53.279999
52.720001
52.939999
53.240002
52.75
53.139999
53.860001
54.529999
54.009998
54.439999
54.209999
53.049999
52.459999
53.189999
51.59
51.25
50.099998
50.07
48.919998
47.560001
48.900002
48.68
48.990002
48.099998
49.279999
49.959999
49.400002
48.389999
49.299999
50.200001
50.599998
49.369999
49.18
49.610001
49.73
50.310001
50.540001
50.849998
50.580002
50.869999
51.25
51.450001
51.389999
51.139999
51.470001
50.900002
50.48
49.900002
49.869999
49.330002
49.950001
50.32
51.759998
51.73
51.169998
51.740002
52.450001
52.369999
52.080002
51.889999
51.720001
51.830002
50.700001
50.810001
51.080002
51.610001
51.43
50.169998
decrease
