53.790001
53.529999
53.869999
54.73
54.5
53.009998
52.610001
53.02
52.299999
52.139999
49.34
50.639999
51.040001
50.48
51.119999
51.27
51.0
51.279999
50.889999
49.75
49.82
51.43
51.66
52.23
52.779999
51.66
51.689999
49.849998
49.68
50.450001
49.549999
49.32
50.0
48.869999
48.490002
49.450001
49.990002
50.209999
49.790001
48.98
50.970001
50.209999
47.5
47.41
47.790001
49.189999
50.540001
50.68
50.900002
51.52
52.16
52.029999
50.75
52.599998
51.689999
51.0
50.880001
52.049999
52.459999
53.16
53.57
53.57
54.389999
54.790001
54.450001
54.880001
55.779999
55.59
56.619999
56.459999
56.57
56.73
55.360001
53.849998
53.529999
53.07
52.549999
52.759998
52.209999
52.41
52.32
50.950001
50.610001
50.360001
50.93
50.970001
52.889999
53.34
53.470001
53.66
52.950001
53.220001
54.009998
54.16
54.630001
54.849998
56.34
56.470001
56.220001
56.52
56.09
56.48
56.880001
56.200001
56.099998
56.110001
56.09
55.060001
54.700001
55.5
55.220001
55.549999
55.419998
55.41
55.84
56.189999
56.299999
56.700001
56.189999
56.07
56.02
56.380001
56.41
56.470001
56.25
56.419998
55.369999
55.810001
56.0
55.049999
55.939999
53.709999
53.43
54.080002
54.040001
54.27
54.529999
53.349998
52.650002
52.799999
53.169998
53.099998
52.990002
52.400002
52.209999
51.380001
50.830002
50.650002
50.669998
50.830002
50.200001
50.580002
51.040001
50.02
50.060001
50.43
51.900002
52.110001
52.290001
52.34
51.799999
52.41
53.009998
53.400002
53.400002
53.220001
52.740002
52.16
52.349998
51.860001
51.509998
52.220001
53.209999
53.259998
53.169998
53.490002
53.450001
54.650002
55.540001
56.200001
56.060001
56.639999
56.490002
56.740002
58.360001
58.669998
58.799999
59.41
58.139999
58.32
59.880001
60.48
60.709999
60.580002
60.150002
59.490002
58.73
58.860001
59.740002
57.75
55.560001
56.419998
56.580002
54.400002
54.330002
56.549999
56.84
57.470001
57.799999
56.91
57.02
56.099998
57.18
58.02
57.470001
57.0
56.330002
56.509998
57.080002
56.91
57.02
56.709999
56.599998
57.310001
57.59
57.759998
57.16
56.639999
57.810001
56.470001
57.639999
58.459999
57.330002
56.75
57.02
56.959999
55.630001
56.919998
56.139999
56.599998
56.52
57.439999
56.689999
56.75
58.310001
58.619999
58.32
58.509998
59.75
59.669998
59.830002
59.740002
decrease
