84.080002
83.25
83.25
83.540001
82.980003
83.089996
82.120003
82.68
82.959999
82.959999
82.93
83.690002
83.730003
84.0
84.07
83.970001
83.120003
82.300003
81.910004
81.68
82.370003
83.360001
83.709999
82.919998
83.150002
83.599998
83.260002
83.400002
83.720001
85.260002
85.120003
84.419998
82.68
80.75
80.279999
81.5
81.449997
81.769997
82.410004
82.860001
83.309998
83.669998
82.410004
82.629997
82.25
82.370003
82.730003
83.050003
83.75
83.330002
82.900002
83.139999
83.239998
81.540001
81.5
81.099998
80.690002
80.400002
80.870003
81.279999
81.519997
81.089996
80.739998
82.699997
82.730003
82.120003
79.5
78.830002
78.870003
78.900002
78.739998
79.150002
78.82
79.610001
79.199997
79.059998
78.589996
78.82
77.93
77.75
78.400002
78.290001
78.660004
77.650002
76.760002
76.910004
78.129997
72.660004
73.010002
73.129997
73.190002
72.830002
72.309998
72.379997
71.940002
71.730003
73.099998
72.470001
72.830002
73.339996
72.940002
73.650002
73.290001
73.040001
72.699997
72.75
74.360001
74.230003
75.0
75.870003
75.129997
75.43
74.239998
74.07
75.540001
74.699997
75.82
76.370003
75.419998
74.669998
74.449997
74.349998
74.360001
75.139999
73.93
75.589996
75.449997
72.959999
73.690002
73.010002
70.919998
69.809998
70.360001
68.559998
67.519997
67.190002
67.629997
66.190002
66.209999
66.550003
65.519997
65.599998
67.279999
67.550003
67.919998
67.660004
67.150002
67.449997
69.440002
69.620003
69.540001
68.870003
68.970001
68.839996
70.650002
72.93
71.440002
73.379997
74.699997
75.309998
74.470001
73.089996
73.480003
74.440002
74.510002
73.709999
73.099998
74.410004
73.470001
73.870003
74.0
74.080002
73.610001
73.349998
73.480003
73.400002
72.830002
72.769997
70.360001
71.059998
72.169998
72.410004
72.080002
72.699997
74.32
75.919998
74.32
75.5
76.019997
74.959999
76.360001
75.5
76.580002
76.68
77.650002
77.400002
76.800003
76.650002
76.190002
74.910004
72.889999
73.779999
75.379997
75.910004
76.949997
78.779999
79.559998
82.779999
77.279999
78.720001
78.360001
77.029999
76.790001
77.309998
78.099998
76.940002
76.230003
74.849998
75.650002
75.879997
75.339996
74.110001
73.510002
73.730003
73.449997
73.720001
73.959999
73.879997
73.980003
73.559998
72.18
72.440002
70.800003
70.190002
71.760002
72.720001
72.639999
72.669998
71.269997
71.269997
72.010002
72.5
71.739998
71.620003
72.410004
72.029999
71.650002
71.860001
74.029999
74.900002
74.75
75.029999
decrease
