44.529999
44.43
44.84
44.720001
44.689999
44.77
44.959999
45.049999
45.130001
44.889999
45.470001
45.580002
45.560001
45.48
45.529999
45.16
45.080002
45.32
45.290001
44.23
44.169998
44.310001
44.630001
44.560001
44.830002
45.200001
45.259998
45.419998
45.389999
45.790001
45.66
45.919998
45.610001
45.400002
45.419998
45.029999
44.849998
44.98
44.810001
44.68
45.09
45.73
45.84
46.330002
50.299999
50.950001
50.860001
50.75
50.869999
50.200001
50.139999
49.360001
49.459999
48.849998
49.349998
49.619999
49.880001
50.450001
50.349998
50.560001
50.439999
50.450001
51.0
51.130001
50.799999
50.759998
51.169998
51.169998
50.450001
50.299999
49.93
50.16
49.77
50.23
49.959999
49.639999
49.099998
49.060001
48.099998
48.240002
48.849998
48.830002
49.25
48.549999
48.619999
48.900002
49.259998
49.07
49.189999
49.240002
49.240002
49.450001
49.799999
50.330002
50.619999
50.93
51.009998
51.73
51.580002
52.490002
52.77
52.799999
52.790001
48.740002
48.330002
48.040001
47.970001
47.970001
48.16
47.970001
47.919998
48.16
48.080002
48.349998
48.799999
48.689999
48.900002
48.91
48.400002
48.360001
48.209999
48.279999
48.23
48.610001
48.860001
49.189999
49.580002
49.349998
49.25
49.310001
49.98
49.700001
50.150002
50.880001
50.68
50.900002
50.639999
50.279999
50.18
50.400002
50.490002
50.540001
49.240002
49.32
49.400002
49.200001
48.82
49.200001
48.939999
49.02
48.630001
48.580002
49.009998
48.880001
49.009998
48.52
49.060001
49.610001
48.400002
47.990002
48.419998
48.52
49.599998
50.470001
50.389999
50.049999
50.189999
48.299999
47.709999
47.82
47.900002
47.279999
47.360001
47.43
47.380001
47.52
47.279999
46.630001
47.709999
48.18
48.470001
48.98
49.060001
48.799999
48.950001
49.509998
49.59
50.27
50.23
50.580002
50.709999
51.119999
51.450001
51.599998
52.75
51.939999
50.959999
51.59
51.630001
50.130001
48.09
49.400002
48.869999
46.84
47.73
48.150002
48.490002
49.450001
50.639999
50.709999
49.889999
49.43
49.59
50.5
51.169998
50.73
50.669998
49.709999
50.32
51.290001
51.5
51.720001
52.130001
52.970001
52.900002
52.580002
52.32
52.369999
52.27
51.950001
47.049999
47.02
45.889999
44.790001
46.48
45.380001
44.98
45.75
45.009998
44.889999
45.509998
45.959999
44.830002
44.900002
45.82
45.610001
45.880001
46.080002
46.049999
46.66
47.080002
46.82
decrease
