263.0
265.359985
269.279999
263.959991
265.070007
257.190002
248.149994
241.699997
245.820007
246.940002
250.820007
252.699997
253.820007
255.75
257.48999
256.279999
255.5
258.130005
254.910004
248.910004
249.779999
251.360001
248.460007
240.179993
240.009995
243.850006
248.479996
247.630005
242.080002
245.649994
245.919998
240.179993
235.410004
234.889999
230.619995
232.839996
234.720001
234.539993
234.330002
233.970001
231.389999
230.380005
225.009995
220.770004
220.130005
220.080002
222.970001
221.869995
217.020004
216.039993
218.740005
220.410004
178.770004
176.529999
172.850006
173.169998
174.100006
177.100006
184.630005
184.220001
185.5
187.539993
186.910004
188.690002
188.190002
184.429993
186.850006
187.429993
201.309998
200.029999
204.300003
208.160004
209.660004
205.600006
205.050003
205.089996
203.070007
203.169998
197.220001
198.910004
198.440002
196.0
201.580002
200.630005
197.919998
197.800003
197.990005
195.259995
196.440002
202.279999
198.059998
197.020004
198.089996
196.130005
196.990005
200.380005
202.279999
200.380005
199.100006
196.410004
199.270004
208.009995
207.130005
209.860001
210.080002
202.910004
203.259995
202.259995
209.589996
215.149994
212.949997
214.509995
215.279999
215.369995
215.399994
213.949997
212.160004
211.179993
212.940002
207.820007
209.869995
208.419998
207.009995
209.720001
209.020004
212.009995
212.990005
209.300003
205.899994
205.649994
203.330002
202.720001
214.0
217.039993
213.789993
210.949997
207.559998
214.520004
212.5
208.860001
208.110001
209.649994
211.089996
214.429993
214.169998
215.889999
215.770004
219.660004
220.490005
220.380005
215.690002
218.649994
216.259995
216.339996
228.470001
236.320007
236.210007
234.399994
250.389999
250.210007
245.830002
244.860001
251.070007
247.240005
246.860001
245.919998
241.449997
240.199997
245.880005
243.029999
242.050003
241.5
242.5
244.649994
242.309998
242.360001
240.539993
249.259995
253.839996
257.679993
260.279999
260.0
261.26001
258.450012
259.75
258.600006
257.890015
265.040009
266.329987
273.019989
272.299988
271.209991
275.929993
272.880005
275.470001
273.940002
268.269989
264.690002
262.380005
252.639999
246.490005
254.899994
252.080002
252.220001
249.830002
248.25
245.309998
247.550003
252.289993
251.100006
252.380005
247.690002
247.360001
254.130005
254.970001
238.580002
244.190002
243.259995
241.009995
246.850006
251.740005
242.779999
242.339996
250.509995
249.119995
250.820007
249.139999
248.839996
251.160004
248.699997
247.610001
247.050003
241.160004
239.440002
245.399994
238.970001
242.720001
247.380005
236.080002
237.770004
242.029999
243.869995
237.190002
232.279999
236.690002
232.789993
229.850006
224.869995
226.770004
224.009995
226.729996
222.949997
decrease
