61.93
61.860001
62.07
62.5
62.43
61.52
61.540001
60.82
60.040001
60.169998
58.02
60.400002
60.599998
59.880001
61.330002
61.07
60.869999
61.310001
60.529999
60.27
60.290001
60.639999
60.59
61.560001
61.16
60.709999
61.0
60.119999
58.93
60.509998
60.700001
60.060001
61.650002
60.130001
58.610001
61.009998
60.849998
61.0
60.119999
59.400002
61.830002
62.029999
60.77
59.880001
60.209999
60.119999
60.009998
59.630001
59.57
59.799999
59.869999
61.259998
59.75
58.869999
58.68
58.77
58.939999
59.16
59.5
59.82
60.040001
60.240002
60.889999
60.52
60.029999
59.41
61.009998
61.59
62.139999
62.73
61.93
61.529999
61.369999
61.549999
62.09
61.830002
61.349998
61.66
61.34
61.130001
61.240002
60.619999
59.700001
58.919998
59.150002
58.84
59.16
59.599998
59.130001
59.220001
59.130001
59.080002
59.169998
59.700001
59.75
60.720001
61.619999
61.860001
60.240002
60.41
60.779999
61.549999
61.580002
61.349998
61.799999
61.860001
62.490002
62.75
62.939999
64.580002
64.440002
65.190002
64.970001
64.209999
64.110001
63.98
64.389999
64.349998
63.91
64.0
64.5
64.389999
64.220001
64.730003
64.769997
64.639999
64.629997
64.839996
65.470001
65.050003
65.82
65.349998
64.620003
65.050003
64.959999
64.57
65.459999
67.900002
68.260002
68.82
68.75
68.169998
68.699997
68.169998
67.93
67.32
66.669998
67.169998
68.400002
67.809998
67.879997
68.230003
68.419998
68.080002
68.959999
69.900002
70.5
70.239998
70.059998
70.0
69.269997
69.410004
68.870003
69.5
70.029999
69.970001
70.550003
70.620003
70.970001
70.900002
71.879997
72.580002
72.989998
73.540001
73.32
73.699997
73.660004
73.980003
75.0
74.959999
74.550003
75.190002
74.889999
74.25
75.82
76.529999
75.269997
75.860001
75.389999
75.550003
77.629997
77.419998
77.559998
76.739998
77.18
76.239998
74.760002
74.970001
76.099998
73.580002
70.910004
71.220001
69.870003
68.470001
68.18
69.870003
69.720001
69.849998
69.43
68.160004
67.989998
67.209999
67.919998
68.32
67.269997
66.75
65.599998
65.629997
65.639999
65.919998
65.660004
65.190002
62.959999
63.669998
63.889999
64.199997
64.040001
63.91
64.449997
63.650002
63.91
66.040001
65.18
65.489998
67.199997
65.82
63.150002
64.959999
64.669998
66.629997
66.620003
67.769997
67.529999
68.93
70.510002
71.68
71.779999
73.629997
74.910004
75.220001
75.919998
75.989998
increase
