58.650002
59.139999
59.419998
59.549999
59.700001
59.84
59.279999
59.16
59.25
57.900002
58.68
58.869999
58.060001
58.02
57.540001
57.189999
57.130001
57.610001
57.16
56.939999
57.43
57.509998
57.82
58.049999
58.400002
59.110001
59.279999
59.110001
59.23
59.669998
59.27
59.599998
59.060001
59.310001
58.91
58.560001
59.639999
60.509998
60.09
60.73
61.099998
61.130001
60.009998
59.93
59.400002
59.240002
59.240002
58.619999
57.650002
56.689999
56.939999
56.529999
57.490002
56.970001
57.419998
57.84
56.599998
57.240002
57.200001
57.099998
56.880001
56.779999
56.860001
57.189999
57.200001
56.939999
57.43
58.110001
60.139999
57.759998
57.849998
56.82
56.580002
56.150002
56.09
55.939999
55.040001
54.91
54.779999
54.240002
54.919998
55.59
56.240002
54.98
54.990002
55.77
56.110001
55.77
55.540001
56.220001
56.490002
56.59
56.619999
57.029999
57.07
56.709999
57.200001
57.009998
56.900002
57.330002
58.16
58.040001
57.509998
57.849998
58.080002
58.07
58.509998
58.189999
59.75
60.029999
59.939999
60.349998
60.259998
59.959999
59.810001
61.990002
62.610001
63.25
63.619999
63.650002
63.709999
63.48
64.419998
63.75
63.450001
62.900002
63.029999
63.509998
64.040001
64.339996
63.880001
64.080002
64.589996
65.400002
64.470001
63.790001
64.139999
64.540001
63.990002
64.0
64.269997
64.550003
64.760002
64.57
65.099998
65.370003
64.580002
65.639999
64.919998
65.18
65.120003
64.68
64.690002
64.68
65.800003
66.580002
67.309998
66.870003
67.610001
67.940002
68.410004
68.529999
69.010002
69.019997
68.709999
68.82
68.330002
69.769997
70.25
69.260002
69.199997
68.639999
68.269997
68.849998
68.400002
68.339996
68.080002
67.309998
68.279999
68.919998
68.709999
68.279999
67.82
67.540001
66.860001
67.660004
68.260002
69.639999
68.910004
69.489998
69.699997
69.989998
68.019997
68.629997
70.010002
68.830002
68.559998
68.25
67.029999
66.599998
64.519997
64.230003
64.739998
61.860001
64.160004
64.690002
64.629997
65.370003
66.470001
66.809998
65.410004
65.080002
65.050003
66.470001
66.830002
65.919998
65.129997
63.549999
63.790001
65.040001
65.089996
64.82
65.389999
66.519997
66.5
66.720001
65.889999
66.400002
66.150002
65.330002
65.510002
65.550003
63.490002
61.73
61.220001
59.84
60.599998
61.59
60.32
61.02
61.810001
62.139999
60.720001
60.939999
61.970001
61.669998
61.650002
61.490002
62.240002
61.130001
61.029999
60.93
decrease
