17.57
17.59
17.92
17.98
18.1
17.84
17.469999
17.58
17.450001
17.52
17.51
17.43
17.49
17.34
17.35
17.15
17.09
17.200001
17.15
16.68
16.74
16.77
16.799999
16.940001
16.85
16.85
16.870001
16.700001
16.57
16.889999
16.780001
16.82
16.639999
16.82
17.120001
17.67
17.83
17.790001
17.75
17.65
17.620001
17.639999
17.469999
17.32
17.209999
17.219999
17.290001
17.299999
17.52
17.709999
17.66
17.98
18.02
17.790001
17.860001
17.790001
17.799999
17.799999
17.809999
17.790001
17.74
17.620001
17.620001
17.639999
17.51
17.66
17.9
17.49
17.68
17.360001
17.440001
17.52
17.5
17.440001
17.59
17.4
17.459999
17.32
16.99
16.82
17.17
17.1
17.049999
16.629999
16.629999
16.58
16.700001
16.700001
16.67
16.860001
16.76
16.66
16.75
16.700001
16.85
16.4
16.450001
16.07
16.25
16.6
16.92
16.959999
16.77
16.91
17.040001
17.209999
17.33
17.41
17.379999
17.48
17.620001
17.91
17.969999
18.139999
18.24
18.139999
17.92
18.200001
18.24
18.15
18.32
18.280001
18.280001
18.209999
18.280001
18.09
18.24
18.360001
18.889999
18.75
18.84
18.68
18.85
18.92
18.629999
18.66
18.530001
18.620001
18.49
18.42
18.049999
17.950001
17.76
17.709999
18.209999
18.280001
18.200001
18.110001
18.17
18.33
18.190001
18.200001
18.120001
18.17
18.709999
19.26
19.02
18.91
19.25
18.950001
18.82
18.889999
18.84
18.66
18.74
18.67
18.5
18.809999
19.0
19.040001
18.870001
19.02
18.92
18.870001
18.780001
18.92
18.700001
18.799999
18.719999
18.84
18.940001
18.969999
19.07
19.25
19.48
19.48
19.389999
19.450001
19.43
20.08
20.02
20.059999
19.940001
19.91
19.92
19.76
19.66
19.67
19.809999
19.629999
19.01
19.120001
19.200001
18.559999
18.91
19.07
19.129999
19.58
19.74
19.84
19.620001
19.76
19.43
19.690001
19.719999
19.459999
19.139999
19.16
19.440001
19.67
19.9
19.92
19.77
20.15
20.110001
20.049999
19.82
19.77
19.799999
19.620001
19.549999
19.639999
18.889999
18.25
18.690001
18.290001
18.459999
18.66
18.370001
18.639999
18.75
18.809999
18.389999
18.35
18.66
18.59
18.799999
18.57
18.700001
18.440001
18.34
18.07
increase
