65.879997
65.760002
67.730003
65.760002
65.339996
66.410004
66.730003
66.18
68.059998
67.360001
66.900002
67.040001
66.32
66.290001
65.970001
64.370003
63.369999
63.779999
64.440002
63.380001
62.330002
62.830002
62.880001
62.810001
62.689999
62.689999
62.630001
62.639999
62.959999
63.689999
63.150002
62.32
64.120003
63.450001
63.970001
64.010002
64.57
64.330002
63.889999
65.110001
65.209999
65.190002
63.990002
62.75
62.75
62.509998
63.189999
62.799999
65.360001
65.309998
66.040001
67.0
66.389999
67.199997
67.620003
68.480003
68.519997
68.519997
68.260002
68.650002
68.230003
68.449997
68.529999
68.550003
68.870003
69.139999
68.639999
68.559998
68.160004
68.18
68.449997
67.040001
67.440002
67.610001
68.580002
68.550003
67.900002
67.209999
65.209999
64.809998
65.209999
64.870003
64.43
63.150002
63.0
63.25
64.449997
64.010002
63.82
64.010002
64.400002
65.160004
66.080002
66.330002
65.860001
65.290001
65.239998
66.830002
67.599998
67.699997
68.739998
69.120003
69.220001
69.919998
70.860001
70.900002
70.839996
70.709999
71.419998
72.050003
71.870003
72.690002
72.370003
72.339996
72.919998
73.760002
74.360001
74.730003
73.279999
73.300003
73.419998
72.860001
72.93
72.690002
72.709999
72.699997
72.599998
73.769997
74.919998
74.650002
70.379997
70.230003
72.080002
71.870003
70.449997
71.730003
70.980003
71.959999
71.32
70.610001
70.480003
70.519997
69.419998
69.589996
69.32
68.669998
68.190002
69.699997
66.690002
67.699997
67.690002
67.870003
66.940002
66.900002
68.529999
69.010002
70.330002
69.650002
70.269997
70.169998
70.120003
71.220001
71.970001
71.739998
71.910004
70.099998
69.220001
69.160004
70.599998
70.900002
71.309998
71.230003
71.0
71.150002
70.839996
71.440002
71.080002
73.019997
73.910004
74.849998
75.099998
74.860001
74.830002
74.110001
75.57
76.400002
75.970001
76.540001
76.400002
77.510002
77.639999
77.360001
78.290001
77.220001
78.709999
79.0
75.739998
74.559998
74.720001
72.599998
69.199997
70.050003
68.690002
66.980003
67.5
68.239998
68.139999
69.120003
68.980003
68.779999
68.989998
69.220001
70.400002
71.32
71.550003
71.230003
71.589996
69.040001
67.190002
68.809998
69.910004
69.07
68.160004
69.07
67.739998
67.379997
66.349998
66.82
67.739998
66.150002
66.290001
66.82
64.32
62.939999
65.019997
63.880001
64.5
66.169998
64.410004
65.709999
67.330002
68.339996
66.260002
65.529999
67.739998
67.029999
68.18
67.870003
69.519997
69.739998
70.879997
69.639999
decrease
