67.150002
67.330002
67.790001
67.660004
67.0
67.279999
67.050003
66.459999
66.790001
66.769997
66.959999
67.139999
66.970001
66.769997
66.489998
65.919998
66.330002
66.459999
65.550003
65.330002
65.629997
65.540001
65.93
66.160004
66.230003
67.290001
67.370003
67.889999
68.379997
68.889999
68.849998
68.720001
68.68
69.019997
68.489998
68.410004
67.330002
67.459999
68.349998
69.059998
69.160004
69.029999
69.220001
69.18
68.809998
68.029999
68.120003
67.040001
66.099998
66.099998
66.370003
65.620003
65.440002
65.209999
65.32
65.059998
65.050003
65.040001
66.199997
66.349998
66.480003
66.629997
67.099998
67.639999
68.260002
67.900002
67.510002
67.900002
67.550003
67.449997
67.690002
68.220001
68.389999
68.910004
68.550003
68.940002
69.25
69.019997
69.129997
69.019997
69.169998
69.349998
69.559998
68.980003
69.139999
69.349998
69.669998
69.900002
69.779999
70.080002
70.309998
70.260002
70.110001
70.379997
69.870003
69.839996
69.68
70.309998
70.639999
71.559998
70.160004
69.550003
70.089996
70.279999
69.650002
69.279999
69.050003
69.18
68.900002
69.290001
69.040001
67.970001
68.050003
68.089996
68.129997
68.309998
69.199997
69.07
68.839996
68.650002
69.190002
69.150002
64.5
57.720001
53.43
57.439999
56.439999
57.0
57.860001
57.259998
57.110001
56.68
56.740002
57.130001
57.27
57.77
57.240002
56.650002
56.799999
56.77
56.299999
55.830002
55.950001
56.950001
56.889999
56.610001
55.630001
55.150002
54.0
52.650002
53.73
53.889999
54.060001
54.189999
55.049999
55.060001
54.240002
54.130001
53.52
53.599998
53.060001
52.959999
53.459999
53.709999
53.43
53.09
52.720001
53.049999
52.5
52.049999
51.119999
44.5
44.57
44.450001
44.68
44.810001
44.830002
44.490002
43.77
43.52
44.290001
45.23
44.84
44.549999
43.880001
43.82
44.02
44.200001
44.5
44.389999
43.939999
43.84
43.68
43.490002
43.540001
42.98
41.98
42.43
42.57
41.439999
40.299999
39.860001
39.48
38.240002
38.57
39.34
39.830002
39.080002
39.959999
40.400002
40.009998
39.790001
40.09
41.139999
41.060001
40.23
41.09
41.259998
40.720001
41.950001
42.419998
41.119999
41.73
42.029999
42.419998
45.099998
44.169998
44.169998
45.080002
44.48
43.450001
42.959999
44.130001
43.080002
42.869999
43.939999
43.240002
43.93
43.330002
43.68
43.459999
44.029999
43.970001
44.43
44.150002
44.799999
44.630001
45.34
45.59
46.799999
46.450001
46.5
decrease
