44.369999
44.509998
45.0
44.720001
44.490002
44.41
44.049999
43.709999
43.869999
43.66
43.48
43.810001
43.619999
42.950001
42.700001
42.77
42.77
43.040001
43.099998
43.639999
43.790001
44.02
44.240002
44.07
44.419998
44.540001
44.43
44.560001
44.91
45.540001
45.169998
44.990002
44.689999
44.580002
43.98
44.330002
44.279999
44.040001
44.27
44.32
44.450001
44.259998
44.310001
43.959999
43.669998
43.57
44.18
43.619999
43.259998
42.919998
43.009998
42.700001
42.32
42.009998
42.099998
41.970001
41.849998
42.27
42.23
42.360001
43.23
43.560001
44.209999
44.470001
44.720001
44.029999
43.860001
44.290001
44.34
44.959999
44.970001
45.259998
45.330002
45.77
45.700001
45.689999
45.77
45.439999
45.610001
45.529999
45.919998
46.290001
46.639999
46.299999
46.68
46.849998
47.0
47.240002
47.220001
47.290001
47.299999
47.110001
46.830002
46.84
46.52
46.369999
45.900002
46.040001
46.450001
46.740002
45.84
45.48
45.799999
45.82
45.599998
45.59
45.23
46.220001
46.189999
46.5
46.509998
46.150002
46.080002
46.25
46.599998
46.25
46.990002
47.450001
47.599998
47.610001
48.209999
48.389999
49.02
48.639999
48.599998
48.599998
48.66
48.939999
49.0
48.98
49.080002
49.16
49.360001
49.490002
49.549999
49.200001
49.509998
49.790001
50.310001
49.650002
49.950001
50.200001
50.27
50.380001
50.66
51.720001
51.310001
51.380001
51.5
51.57
51.599998
51.43
51.560001
51.580002
52.040001
52.700001
53.060001
53.07
52.889999
52.68
52.759998
51.98
51.93
52.400002
52.009998
52.18
51.939999
52.299999
51.970001
51.32
50.98
51.009998
51.07
50.959999
51.009998
51.34
51.5
51.0
50.740002
49.25
49.66
49.810001
49.630001
49.400002
50.0
50.099998
49.549999
50.27
49.740002
49.799999
50.040001
50.720001
50.419998
51.119999
51.200001
50.689999
51.009998
51.869999
50.669998
50.040001
48.84
47.630001
47.700001
46.73
47.240002
47.619999
48.040001
47.619999
48.610001
49.43
49.290001
48.529999
49.18
50.529999
50.299999
48.790001
48.43
48.290001
47.700001
48.07
47.189999
46.380001
46.830002
47.049999
47.580002
47.389999
48.450001
48.650002
49.290001
49.299999
48.98
48.389999
48.259998
47.900002
48.43
49.32
49.360001
50.240002
49.869999
50.299999
50.369999
50.73
50.099998
50.310001
49.849998
49.860001
49.439999
49.880001
50.41
50.869999
50.450001
50.029999
decrease
