113.589996
113.43
114.32
114.160004
113.330002
112.639999
113.279999
112.279999
112.290001
111.790001
112.959999
113.220001
113.220001
112.720001
112.839996
113.040001
112.910004
113.940002
113.790001
113.739998
114.029999
113.690002
114.699997
115.050003
116.059998
117.529999
117.910004
118.010002
116.870003
117.230003
117.669998
117.879997
117.699997
117.050003
115.889999
115.940002
116.230003
116.32
117.370003
117.209999
116.860001
117.290001
117.949997
117.419998
116.150002
116.959999
117.120003
115.940002
116.379997
115.18
115.489998
115.440002
115.300003
115.129997
115.510002
114.269997
113.739998
114.769997
114.019997
114.93
114.93
115.010002
115.339996
115.510002
116.629997
116.129997
116.449997
117.190002
117.339996
116.610001
116.610001
115.919998
115.610001
116.300003
116.370003
116.959999
116.709999
116.629997
116.379997
116.510002
117.839996
118.970001
119.099998
118.389999
117.599998
118.260002
117.919998
117.290001
116.220001
115.849998
115.540001
115.839996
115.150002
115.730003
115.839996
115.870003
116.349998
116.989998
115.040001
115.690002
115.0
114.449997
114.190002
114.849998
114.989998
114.489998
113.580002
112.800003
111.849998
111.940002
111.809998
111.099998
111.639999
111.43
109.120003
109.129997
109.339996
110.449997
110.400002
110.010002
110.779999
111.510002
112.449997
112.620003
113.57
112.190002
111.949997
112.669998
111.610001
111.690002
110.75
110.07
110.730003
110.599998
109.650002
110.230003
110.129997
110.050003
110.220001
109.260002
110.470001
112.0
111.480003
112.75
114.040001
115.760002
115.099998
115.230003
114.68
114.910004
116.050003
115.080002
115.900002
115.849998
116.769997
116.839996
116.519997
116.779999
117.459999
117.589996
118.900002
116.730003
116.57
117.389999
117.400002
117.800003
118.019997
119.220001
118.050003
118.610001
119.019997
118.260002
118.599998
118.889999
119.300003
119.349998
119.919998
118.059998
117.75
118.330002
118.669998
117.989998
118.080002
117.480003
116.879997
117.379997
117.860001
119.18
119.050003
120.169998
121.510002
121.300003
121.139999
120.900002
121.760002
119.669998
119.889999
120.300003
120.300003
118.669998
114.459999
113.559998
113.5
110.150002
111.18
111.93
112.139999
109.110001
110.970001
111.059998
109.480003
108.0
109.260002
109.68
110.940002
110.889999
109.730003
108.120003
109.040001
109.43
109.580002
109.839996
112.080002
112.540001
112.75
113.599998
112.610001
111.989998
111.639999
110.360001
109.900002
108.739998
107.940002
106.150002
106.809998
107.639999
109.18
109.150002
107.050003
108.190002
110.18
110.57
109.300003
109.379997
109.400002
108.68
108.309998
109.260002
109.919998
108.870003
106.980003
105.57
decrease
