33.740002
33.639999
33.740002
33.759998
33.849998
33.860001
33.919998
33.779999
33.610001
33.470001
33.450001
33.48
33.450001
33.380001
33.029999
33.040001
33.009998
33.119999
32.599998
32.23
32.220001
32.459999
32.119999
32.139999
32.049999
32.16
32.139999
32.130001
32.650002
32.709999
32.540001
32.349998
32.07
32.0
31.75
32.77
32.700001
32.580002
32.689999
32.810001
32.970001
33.220001
33.560001
33.880001
34.060001
34.169998
34.040001
33.77
33.75
33.630001
33.59
33.82
33.639999
33.220001
33.349998
33.41
33.169998
33.220001
33.279999
33.43
33.25
33.360001
33.619999
33.540001
33.48
33.32
33.099998
32.889999
33.0
33.150002
33.16
33.080002
32.919998
33.43
33.639999
33.310001
33.279999
33.450001
33.419998
33.25
33.310001
33.380001
33.360001
32.950001
32.669998
32.759998
33.150002
33.240002
33.23
33.389999
33.470001
33.5
33.450001
33.919998
33.959999
33.799999
33.990002
33.990002
34.099998
34.32
35.369999
35.060001
35.73
35.360001
35.549999
35.450001
35.990002
35.970001
35.959999
35.509998
35.299999
35.450001
35.599998
35.700001
36.07
36.139999
35.959999
36.0
36.049999
36.139999
36.400002
36.450001
36.349998
36.34
35.98
36.200001
35.830002
36.240002
36.419998
36.400002
36.27
36.16
35.740002
35.599998
35.150002
35.060001
35.259998
35.459999
35.549999
35.32
35.360001
35.34
35.200001
35.18
35.299999
35.380001
35.360001
35.560001
35.369999
35.349998
35.540001
35.43
35.490002
35.490002
35.849998
36.209999
36.259998
36.349998
36.060001
35.630001
35.560001
35.5
35.740002
36.209999
36.580002
36.639999
36.459999
37.200001
37.130001
36.939999
36.459999
36.240002
36.139999
36.209999
36.330002
36.369999
36.220001
36.439999
36.709999
36.790001
36.860001
36.450001
36.41
36.470001
36.560001
36.540001
36.599998
37.18
36.990002
36.939999
36.93
36.82
36.93
37.23
39.009998
39.02
37.799999
37.040001
36.830002
36.610001
34.669998
35.279999
34.98
33.630001
34.16
34.66
34.939999
35.189999
35.709999
36.259998
36.009998
35.759998
35.740002
36.259998
37.09
36.799999
36.310001
35.630001
35.950001
36.119999
35.880001
35.93
36.5
36.77
36.610001
36.75
36.349998
36.580002
36.779999
36.330002
36.330002
36.27
35.599998
34.490002
35.040001
35.009998
35.299999
35.490002
35.049999
35.68
36.130001
35.73
35.169998
35.459999
35.950001
35.790001
36.32
36.32
36.529999
36.330002
36.490002
36.529999
increase
