62.919998
62.810001
63.919998
64.349998
64.309998
65.18
65.129997
64.970001
64.910004
64.900002
64.43
64.339996
63.950001
63.459999
63.860001
63.540001
63.0
63.709999
63.98
61.400002
60.549999
60.830002
61.43
61.709999
61.959999
62.66
62.75
62.52
62.91
64.080002
63.959999
63.290001
62.07
62.41
63.630001
64.910004
64.970001
65.540001
65.360001
65.199997
65.349998
65.879997
65.019997
63.860001
62.689999
62.580002
63.060001
63.400002
64.690002
64.529999
64.07
64.760002
64.25
64.120003
64.610001
65.360001
65.160004
65.510002
65.949997
66.099998
66.339996
66.410004
66.699997
65.889999
66.419998
66.379997
67.160004
66.660004
66.629997
67.370003
66.75
66.720001
66.660004
66.550003
67.040001
66.510002
66.230003
65.989998
64.43
64.32
65.010002
65.0
65.160004
62.93
62.93
62.73
62.869999
62.970001
63.07
63.330002
63.32
62.66
62.560001
62.52
63.310001
61.82
61.290001
59.919998
60.669998
61.880001
62.470001
62.25
62.009998
62.509998
62.419998
62.900002
63.119999
62.93
63.119999
63.380001
63.360001
64.519997
64.0
64.339996
64.919998
65.339996
65.82
66.57
66.650002
66.589996
67.5
67.300003
67.330002
67.209999
67.32
67.57
67.900002
68.169998
67.75
68.269997
68.57
67.68
68.199997
68.099998
66.519997
65.849998
67.129997
68.889999
68.32
69.220001
69.110001
68.489998
68.419998
68.059998
68.029999
68.330002
68.57
68.389999
68.639999
68.82
68.550003
68.400002
68.650002
68.68
70.050003
71.540001
70.790001
70.519997
70.849998
70.68
70.82
70.989998
71.760002
71.529999
70.779999
70.25
69.889999
70.370003
70.370003
70.860001
71.25
71.239998
71.260002
71.330002
71.07
71.389999
70.559998
70.379997
70.529999
71.449997
72.0
72.209999
72.970001
73.379997
73.879997
74.209999
72.900002
73.449997
73.480003
74.050003
73.970001
73.559998
74.0
74.260002
75.040001
74.5
68.5
67.599998
68.459999
66.349998
63.549999
64.540001
63.919998
60.380001
61.389999
61.84
61.720001
63.27
62.869999
63.049999
62.700001
63.299999
62.369999
63.150002
63.98
63.57
62.330002
61.189999
61.09
61.369999
61.59
61.580002
61.369999
63.049999
63.049999
62.68
62.049999
61.970001
62.110001
61.619999
61.740002
62.200001
59.93
57.759998
59.23
58.790001
59.400002
60.91
59.419998
60.189999
61.040001
61.310001
59.610001
59.630001
61.07
60.18
61.049999
60.650002
61.060001
60.25
60.889999
61.0
decrease
