89.330002
88.620003
89.550003
90.0
87.739998
87.690002
87.330002
87.089996
86.220001
86.43
86.449997
86.5
86.550003
86.400002
86.489998
86.169998
86.190002
86.330002
86.239998
86.260002
85.870003
86.239998
86.209999
86.080002
86.5
86.860001
87.25
87.400002
88.089996
88.129997
88.589996
88.739998
88.800003
88.769997
87.849998
88.160004
88.239998
88.059998
88.440002
89.379997
89.660004
89.860001
89.629997
89.400002
89.029999
89.419998
89.360001
88.610001
88.370003
86.989998
87.150002
87.739998
87.669998
87.370003
87.650002
87.089996
86.769997
86.959999
86.699997
87.099998
87.550003
88.639999
88.349998
88.599998
88.610001
88.18
89.139999
89.300003
90.68
90.209999
90.82
91.099998
91.040001
90.860001
90.669998
91.440002
91.580002
91.919998
91.739998
91.339996
91.650002
92.199997
92.440002
92.07
92.470001
92.860001
92.790001
92.440002
92.269997
92.510002
92.470001
92.32
91.870003
92.269997
92.529999
92.720001
92.720001
92.970001
92.839996
93.989998
93.510002
93.550003
93.550003
93.269997
93.150002
94.169998
94.400002
92.639999
92.239998
92.720001
92.650002
90.870003
90.889999
90.980003
91.769997
92.120003
92.419998
92.029999
92.330002
92.120003
91.620003
91.459999
92.150002
93.040001
93.139999
92.800003
92.769997
91.589996
88.25
87.300003
86.980003
86.860001
87.5
87.040001
86.269997
86.339996
86.889999
86.510002
86.580002
86.050003
86.980003
87.580002
87.779999
88.160004
89.0
88.870003
88.230003
89.25
88.43
88.269997
88.720001
88.330002
88.449997
88.959999
89.400002
89.379997
89.989998
90.360001
91.410004
91.400002
91.25
90.099998
90.370003
90.230003
89.849998
90.879997
91.0
91.889999
91.879997
91.68
91.529999
91.669998
92.129997
92.480003
92.099998
92.07
91.879997
90.650002
90.540001
91.18
91.239998
91.720001
91.050003
90.470001
90.150002
89.610001
90.220001
91.199997
90.18
91.07
91.889999
89.050003
88.309998
88.339996
87.730003
86.860001
86.949997
86.339996
85.849998
84.25
81.059998
82.379997
81.839996
80.220001
79.919998
81.330002
81.5
80.68
82.410004
82.599998
81.339996
80.239998
80.839996
81.050003
81.629997
80.540001
78.519997
78.699997
79.5
80.290001
80.019997
79.160004
79.970001
80.290001
79.860001
79.720001
79.0
78.669998
78.970001
78.660004
78.309998
77.040001
76.410004
75.910004
76.410004
77.790001
78.839996
79.279999
77.400002
78.459999
79.050003
78.800003
78.43
78.160004
78.370003
78.269997
77.790001
78.370003
78.610001
78.43
78.199997
74.949997
decrease
