39.41
39.380001
39.709999
39.919998
39.98
40.099998
39.720001
39.77
39.41
40.049999
40.369999
40.740002
40.580002
40.32
40.529999
40.23
39.98
40.220001
40.119999
41.16
41.57
41.099998
41.52
41.549999
41.82
42.27
42.299999
42.220001
42.43
42.759998
43.080002
43.060001
42.959999
42.950001
43.060001
43.48
43.68
43.610001
44.41
44.740002
44.830002
44.700001
44.41
44.470001
44.09
44.389999
44.560001
44.630001
44.529999
44.150002
44.09
44.310001
44.759998
44.43
44.990002
45.0
44.580002
44.860001
45.200001
45.580002
45.450001
45.34
45.669998
46.48
46.360001
46.779999
46.91
46.509998
46.279999
47.220001
47.130001
47.259998
47.220001
47.610001
47.709999
47.669998
47.639999
48.040001
47.709999
47.23
47.77
47.59
48.709999
48.509998
48.630001
48.689999
48.889999
48.830002
48.259998
48.400002
47.310001
47.630001
46.57
46.48
45.66
44.110001
44.939999
43.73
45.41
46.419998
46.580002
46.139999
46.07
46.02
46.310001
47.630001
47.700001
47.68
47.98
48.0
47.849998
47.709999
48.060001
48.419998
49.029999
49.07
49.169998
49.049999
49.279999
49.450001
49.369999
49.25
48.75
48.669998
48.98
48.549999
48.09
48.689999
48.91
48.900002
49.029999
48.610001
49.150002
48.900002
48.66
48.650002
48.799999
49.310001
50.150002
50.209999
50.490002
50.549999
50.639999
50.75
51.099998
51.279999
51.650002
51.57
51.549999
51.82
51.869999
51.68
51.849998
52.07
52.779999
52.450001
53.18
53.599998
54.360001
54.25
54.59
54.52
54.990002
54.880001
55.150002
55.860001
55.139999
55.459999
55.200001
55.790001
56.169998
55.799999
56.09
56.220001
56.360001
56.509998
56.32
55.360001
55.330002
55.32
55.529999
55.700001
56.169998
55.68
55.66
55.939999
56.27
57.23
57.290001
57.66
58.220001
57.049999
55.330002
55.759998
54.830002
53.130001
53.490002
54.099998
53.580002
53.240002
51.950001
52.869999
53.400002
51.07
52.220001
52.380001
53.220001
56.299999
56.779999
57.349998
56.540001
57.169998
56.849998
57.709999
58.849998
58.529999
57.580002
57.790001
57.580002
58.790001
58.619999
58.419998
59.02
60.369999
59.970001
60.009998
61.400002
61.580002
61.919998
61.869999
62.330002
62.009998
60.549999
59.68
60.849998
60.290001
60.439999
60.93
59.810001
60.689999
61.41
61.25
60.040001
60.0
60.389999
59.990002
60.5
60.07
60.93
62.279999
61.18
61.130001
decrease
