157.070007
156.309998
160.610001
165.220001
164.539993
161.979996
160.800003
158.929993
159.389999
159.649994
159.789993
159.199997
159.289993
159.25
159.169998
159.029999
156.679993
156.529999
156.470001
152.910004
152.289993
157.210007
157.960007
158.050003
159.520004
159.039993
159.259995
159.330002
157.470001
159.389999
160.240005
157.080002
155.789993
152.679993
154.529999
157.039993
157.130005
158.449997
157.089996
159.360001
162.610001
164.350006
163.529999
158.110001
157.399994
159.630005
157.070007
156.220001
158.009995
157.050003
159.820007
161.220001
161.139999
159.449997
160.899994
163.350006
163.119995
163.800003
164.839996
165.059998
165.970001
165.259995
166.759995
165.960007
164.539993
164.399994
165.979996
164.660004
164.070007
164.75
165.979996
164.520004
164.300003
165.320007
164.220001
162.389999
161.639999
161.020004
155.759995
157.020004
158.259995
158.190002
158.789993
155.570007
155.149994
155.149994
159.130005
157.559998
156.570007
157.300003
158.410004
159.199997
160.460007
160.889999
162.830002
159.759995
160.070007
158.860001
161.330002
165.089996
166.509995
167.949997
167.919998
169.690002
173.630005
176.089996
176.289993
175.910004
177.110001
176.880005
173.970001
175.520004
175.820007
175.020004
176.160004
177.149994
177.529999
177.259995
177.179993
177.330002
177.5
177.559998
180.080002
180.399994
181.410004
181.460007
181.660004
182.009995
184.5
182.869995
184.460007
183.679993
184.830002
183.880005
181.940002
182.610001
181.990005
187.119995
185.380005
184.619995
185.470001
184.869995
182.339996
182.229996
181.300003
179.669998
179.729996
182.300003
182.339996
182.899994
184.289993
184.610001
183.279999
183.809998
185.729996
184.320007
187.490005
187.050003
185.850006
184.309998
186.330002
191.330002
192.979996
191.940002
191.860001
194.710007
191.699997
194.259995
198.130005
198.070007
199.059998
199.690002
199.25
198.940002
198.910004
199.210007
199.580002
199.880005
201.509995
202.429993
203.809998
205.550003
207.320007
206.610001
208.350006
210.039993
209.910004
210.800003
210.539993
210.940002
210.229996
209.330002
208.830002
207.509995
209.660004
206.470001
204.649994
201.419998
193.470001
190.639999
182.0
186.919998
183.309998
174.509995
176.889999
180.979996
179.830002
183.889999
184.630005
183.220001
181.610001
181.300003
183.919998
183.570007
185.550003
181.889999
178.470001
177.300003
175.550003
177.119995
177.839996
176.389999
181.160004
186.580002
182.360001
181.860001
179.460007
180.080002
182.710007
181.899994
180.389999
181.75
175.869995
169.240005
174.619995
170.360001
168.149994
171.029999
166.580002
168.759995
170.949997
172.179993
167.440002
167.229996
172.410004
170.360001
172.559998
172.479996
174.520004
175.850006
178.460007
176.179993
increase
