23.34
23.32
23.08
22.200001
22.700001
22.870001
22.67
22.48
22.32
22.18
22.15
22.34
22.25
22.709999
22.889999
23.02
22.75
22.940001
23.07
22.540001
22.75
23.129999
23.290001
22.92
23.08
22.889999
22.84
22.67
22.67
23.08
23.709999
23.4
23.440001
23.59
23.42
23.440001
23.469999
24.120001
24.280001
24.08
24.01
24.16
24.23
24.280001
24.040001
24.15
24.190001
24.07
24.49
24.059999
24.530001
24.49
24.639999
24.41
24.940001
25.07
24.67
24.389999
24.370001
24.360001
24.360001
24.16
24.459999
24.290001
24.309999
24.42
24.540001
24.290001
24.360001
24.35
24.42
24.889999
25.200001
25.290001
25.6
25.459999
25.309999
25.309999
24.780001
24.84
25.389999
25.530001
25.92
25.440001
25.280001
25.4
25.27
24.940001
24.91
25.309999
25.299999
25.309999
25.51
25.82
25.870001
25.65
25.629999
25.42
25.76
26.17
26.469999
26.190001
26.370001
26.290001
26.33
26.23
25.66
25.65
25.879999
26.17
26.33
26.530001
26.969999
27.33
27.370001
27.51
27.629999
27.200001
27.23
27.15
26.85
26.969999
27.09
27.07
27.110001
27.32
27.33
27.780001
28.0
27.9
28.68
29.23
29.76
30.07
29.790001
30.23
30.41
30.09
30.309999
30.5
30.440001
30.91
31.07
31.15
31.57
31.77
31.73
31.9
32.25
32.450001
32.73
32.84
33.150002
32.790001
33.240002
33.810001
34.130001
33.939999
34.439999
33.490002
33.099998
33.59
34.099998
33.810001
33.689999
33.32
33.049999
33.43
33.84
33.369999
33.540001
33.77
33.369999
33.560001
33.52
33.720001
33.25
33.369999
34.27
33.830002
34.540001
34.439999
34.650002
33.669998
34.52
34.48
33.759998
34.400002
34.150002
34.599998
35.150002
34.93
34.810001
34.259998
34.52
33.43
32.720001
31.83
31.459999
30.700001
29.35
30.16
29.91
28.67
28.709999
29.18
29.0
29.459999
29.5
29.74
29.469999
29.34
29.190001
29.27
29.34
28.5
28.07
28.719999
28.950001
29.309999
29.9
29.620001
29.52
30.040001
30.18
30.440001
29.549999
28.969999
29.379999
29.1
28.93
29.389999
29.0
28.65
29.17
29.23
29.08
29.49
28.57
28.68
30.5
30.809999
30.030001
29.860001
29.83
29.549999
29.110001
29.290001
29.57
29.870001
29.950001
28.76
decrease
