93.839996
93.730003
94.080002
94.360001
94.540001
100.239998
98.779999
98.629997
98.779999
98.910004
100.519997
102.199997
101.309998
100.599998
102.690002
102.489998
102.32
102.879997
102.889999
100.550003
99.220001
99.349998
99.910004
100.0
101.620003
101.970001
102.18
102.32
102.160004
104.0
104.199997
104.089996
103.370003
103.75
103.769997
104.949997
105.199997
105.760002
104.949997
105.370003
107.57
108.300003
107.900002
107.709999
107.730003
109.43
111.080002
110.610001
112.769997
111.550003
111.389999
112.110001
111.889999
110.839996
110.919998
112.459999
111.290001
111.839996
113.309998
113.110001
112.839996
111.510002
112.279999
110.459999
109.459999
108.989998
108.580002
108.800003
110.550003
109.769997
109.480003
110.050003
110.230003
110.080002
109.080002
109.419998
109.620003
109.169998
107.330002
107.519997
109.129997
109.290001
111.440002
110.57
109.989998
106.510002
108.790001
109.160004
110.120003
110.360001
109.059998
108.5
111.139999
112.410004
113.449997
111.889999
111.629997
112.279999
113.790001
116.800003
118.269997
116.599998
115.800003
115.879997
116.220001
117.260002
119.279999
118.800003
116.209999
113.900002
114.32
115.290001
115.610001
114.68
116.849998
117.269997
117.330002
117.059998
116.5
116.720001
117.470001
116.699997
115.5
115.690002
117.0
116.75
116.419998
116.599998
118.360001
118.139999
118.629997
118.160004
118.580002
116.93
115.57
116.269997
116.57
116.209999
115.739998
110.959999
111.349998
111.410004
109.230003
110.269997
112.360001
112.709999
111.849998
111.870003
112.470001
111.769997
112.040001
112.07
111.470001
111.419998
112.949997
115.089996
118.599998
117.400002
118.910004
117.760002
117.339996
117.959999
118.339996
118.129997
116.959999
116.980003
114.889999
115.269997
117.040001
118.839996
119.739998
120.300003
120.089996
120.099998
120.540001
120.919998
120.550003
123.610001
125.980003
128.080002
128.470001
129.580002
127.900002
128.0
129.240005
128.320007
125.879997
126.760002
126.110001
127.559998
127.25
126.480003
126.199997
125.629997
126.93
125.970001
124.709999
125.629997
123.540001
123.099998
117.129997
118.959999
117.129997
111.949997
113.760002
116.690002
116.029999
115.989998
117.93
119.370003
118.860001
119.220001
118.769997
119.360001
121.739998
120.220001
119.199997
118.589996
117.32
116.93
119.07
117.989998
116.68
119.860001
120.059998
120.230003
118.519997
117.589996
118.510002
116.660004
116.510002
117.650002
112.980003
109.199997
114.339996
112.32
111.18
112.699997
109.93
111.900002
112.32
113.160004
110.139999
111.040001
113.800003
112.68
113.370003
113.540001
113.919998
115.910004
116.18
116.190002
decrease
