57.240002
57.220001
58.209999
58.650002
59.98
59.91
59.41
59.93
59.639999
59.639999
60.490002
61.599998
61.889999
62.560001
62.669998
62.560001
62.380001
62.759998
62.540001
61.610001
61.66
61.990002
62.169998
62.060001
62.400002
62.799999
62.799999
62.959999
63.060001
63.98
64.870003
64.879997
64.75
64.699997
64.220001
63.91
63.700001
64.129997
64.019997
63.860001
63.57
67.730003
68.099998
68.129997
67.800003
68.449997
68.099998
67.550003
68.279999
67.730003
68.139999
67.730003
68.25
67.529999
67.970001
68.459999
68.669998
68.989998
69.25
69.459999
69.940002
69.410004
69.389999
69.459999
69.519997
69.370003
68.230003
66.089996
65.790001
65.889999
65.830002
66.220001
66.720001
66.349998
64.290001
65.800003
64.029999
64.25
62.950001
63.93
64.0
64.139999
64.639999
63.66
63.470001
64.150002
64.940002
65.029999
65.18
65.349998
65.709999
65.879997
66.190002
66.989998
66.989998
67.199997
67.589996
67.830002
67.650002
68.300003
68.559998
68.529999
68.720001
69.080002
69.480003
69.059998
68.989998
68.199997
68.169998
68.449997
68.18
68.459999
68.339996
68.970001
69.470001
70.080002
70.199997
70.440002
70.610001
70.620003
70.879997
71.5
71.809998
71.389999
71.25
70.410004
70.190002
71.32
71.730003
71.639999
71.610001
71.419998
72.099998
72.720001
71.830002
72.32
72.269997
72.07
70.620003
70.550003
71.129997
71.480003
71.459999
71.330002
71.269997
71.610001
71.129997
72.300003
72.309998
72.75
73.260002
73.040001
73.360001
73.559998
73.800003
73.18
73.68
73.120003
69.779999
69.360001
69.540001
70.110001
71.029999
70.809998
71.120003
71.309998
70.830002
72.129997
73.160004
73.839996
73.650002
73.279999
73.050003
73.050003
73.089996
73.419998
73.120003
73.910004
76.160004
76.360001
76.940002
76.769997
77.900002
77.139999
77.620003
78.889999
78.529999
79.650002
79.540001
80.860001
81.199997
81.43
81.419998
82.75
82.75
82.18
81.050003
80.160004
80.019997
78.080002
74.779999
76.0
75.769997
72.059998
72.830002
74.5
74.220001
75.459999
76.43
76.389999
75.870003
76.18
75.959999
77.019997
77.870003
76.949997
76.339996
74.269997
74.730003
74.510002
75.610001
77.0
77.199997
79.220001
78.779999
78.080002
77.089996
77.599998
77.339996
76.889999
77.669998
77.199997
75.239998
73.959999
76.279999
75.519997
74.870003
75.720001
74.080002
75.339996
75.5
75.900002
73.199997
74.150002
75.43
74.330002
74.559998
74.419998
75.370003
75.800003
76.400002
75.099998
decrease
