54.529999
54.349998
54.34
54.860001
54.450001
54.900002
54.41
54.759998
54.599998
53.82
54.110001
54.66
54.799999
54.200001
54.630001
54.619999
54.349998
55.0
54.830002
55.330002
54.77
55.240002
55.41
55.689999
55.869999
55.900002
55.790001
55.830002
55.540001
55.91
56.880001
56.41
56.48
56.759998
56.459999
57.130001
57.330002
57.189999
57.830002
58.509998
58.130001
58.59
57.669998
58.049999
57.639999
58.52
59.060001
58.720001
59.189999
58.689999
58.639999
59.189999
58.529999
57.279999
57.75
57.279999
56.939999
57.790001
57.549999
58.080002
58.52
60.119999
60.119999
59.169998
58.990002
60.299999
60.27
61.139999
61.16
61.549999
60.810001
61.34
61.200001
61.119999
61.360001
60.650002
60.779999
60.740002
59.939999
59.709999
61.330002
61.889999
62.25
61.299999
61.23
62.09
61.700001
62.810001
62.27
62.580002
62.43
62.18
62.459999
63.360001
63.779999
63.509998
63.139999
63.709999
63.970001
65.129997
64.660004
64.010002
65.290001
65.199997
65.029999
64.75
64.620003
64.360001
63.68
64.019997
63.66
62.91
63.549999
63.459999
63.59
63.689999
64.080002
64.57
64.519997
64.830002
64.720001
64.5
65.080002
65.209999
65.0
64.309998
65.309998
64.550003
64.440002
64.459999
64.040001
64.029999
64.269997
64.690002
64.080002
64.580002
65.0
65.940002
66.269997
66.540001
66.529999
66.720001
66.480003
66.220001
67.07
67.190002
65.589996
67.050003
66.300003
66.440002
67.400002
66.889999
67.059998
66.870003
66.690002
66.129997
66.230003
66.190002
65.940002
64.440002
64.720001
65.82
66.160004
65.730003
66.169998
65.760002
65.910004
65.980003
65.860001
63.380001
63.049999
63.009998
63.830002
63.82
64.279999
64.760002
64.510002
64.010002
63.889999
62.610001
62.560001
63.290001
62.650002
61.439999
61.650002
61.849998
62.139999
62.860001
61.43
61.779999
63.110001
64.970001
64.480003
64.220001
64.389999
63.389999
62.900002
65.110001
63.720001
63.830002
61.209999
60.740002
60.040001
58.330002
60.32
60.150002
61.16
60.540001
61.41
61.98
61.23
59.91
59.939999
61.259998
61.310001
60.360001
60.68
60.720001
60.220001
61.09
61.599998
61.919998
62.380001
63.689999
63.560001
63.369999
63.220001
63.439999
63.830002
63.34
63.580002
62.630001
61.709999
60.110001
61.23
62.040001
62.529999
62.990002
61.400002
61.73
62.150002
61.759998
61.240002
61.32
61.599998
61.619999
61.639999
62.259998
62.599998
65.300003
65.660004
65.230003
decrease
