109.980003
109.620003
112.389999
113.089996
111.150002
110.190002
110.839996
110.550003
110.470001
110.610001
111.199997
112.25
112.629997
111.93
110.830002
111.190002
111.709999
112.360001
113.519997
113.75
113.580002
114.739998
116.220001
116.459999
117.43
119.480003
119.830002
119.949997
119.800003
120.900002
121.790001
121.970001
122.0
122.300003
121.110001
120.120003
119.169998
118.690002
119.75
120.510002
121.839996
122.900002
122.110001
120.190002
119.709999
119.559998
119.510002
118.139999
118.93
117.080002
117.449997
116.900002
118.540001
118.349998
117.900002
118.160004
117.209999
118.230003
117.510002
119.129997
119.0
119.639999
121.620003
119.860001
119.580002
118.889999
117.82
117.650002
118.190002
118.510002
116.709999
115.879997
114.459999
114.489998
114.760002
115.860001
114.669998
115.410004
114.220001
114.879997
114.760002
116.82
117.730003
115.93
115.330002
116.25
116.230003
115.459999
114.519997
114.800003
115.540001
116.550003
116.43
116.93
117.830002
117.669998
118.620003
118.919998
117.059998
117.93
117.050003
116.860001
116.730003
115.790001
116.080002
115.360001
113.43
112.919998
112.510002
113.25
112.209999
111.610001
111.800003
111.010002
110.870003
110.190002
111.419998
111.540001
111.269997
113.370003
115.169998
114.260002
114.529999
113.989998
113.519997
112.650002
112.510002
108.150002
109.519997
109.360001
108.57
107.0
106.93
105.940002
104.699997
104.639999
103.75
102.800003
102.660004
102.139999
103.019997
103.089996
102.459999
103.019997
103.510002
102.720001
102.050003
102.660004
102.639999
102.540001
103.360001
103.540001
103.18
102.720001
102.879997
102.68
102.75
103.709999
104.610001
105.459999
107.599998
106.699997
106.589996
106.040001
107.300003
108.239998
107.68
109.68
107.970001
108.120003
104.370003
104.779999
104.650002
104.110001
104.709999
104.809998
105.650002
104.389999
104.260002
103.470001
104.300003
104.139999
104.889999
105.629997
104.860001
104.5
104.870003
105.790001
105.07
108.919998
108.809998
109.529999
110.599998
107.489998
110.190002
108.610001
107.940002
107.230003
105.169998
103.440002
98.690002
100.330002
98.879997
100.389999
99.940002
102.400002
103.050003
102.540001
103.690002
104.309998
102.849998
103.720001
102.980003
106.110001
106.68
104.080002
103.550003
104.68
106.809998
107.699997
107.980003
106.889999
109.0
108.300003
107.139999
107.239998
105.610001
104.989998
103.459999
101.739998
100.269997
97.75
97.669998
95.629997
96.349998
96.730003
99.790001
99.400002
97.540001
99.849998
100.919998
101.699997
101.019997
100.699997
101.099998
100.720001
100.25
101.849998
102.949997
103.300003
101.440002
85.639999
decrease
