118.830002
118.169998
120.860001
121.110001
122.0
121.019997
119.75
121.150002
120.660004
122.440002
123.449997
123.120003
123.68
121.959999
122.449997
121.739998
120.809998
122.139999
122.620003
117.190002
117.360001
118.760002
119.449997
121.150002
120.959999
121.449997
121.32
118.860001
118.699997
120.129997
119.160004
118.580002
118.150002
119.900002
121.010002
123.169998
122.839996
123.809998
123.970001
122.970001
122.510002
123.790001
122.989998
122.330002
120.760002
119.550003
120.379997
121.120003
123.400002
125.25
124.870003
126.0
126.080002
126.010002
126.540001
127.199997
127.389999
127.220001
127.32
127.169998
127.360001
125.57
126.400002
126.949997
126.239998
127.139999
129.330002
127.360001
127.669998
127.650002
128.800003
130.410004
130.679993
130.509995
132.169998
131.110001
132.360001
131.729996
128.990005
128.050003
130.899994
130.339996
130.100006
127.300003
127.110001
126.599998
127.510002
127.529999
127.669998
127.879997
127.550003
126.269997
125.790001
125.410004
126.639999
123.790001
123.559998
120.709999
121.510002
123.769997
126.440002
127.300003
127.190002
128.190002
129.699997
131.279999
133.0
133.350006
133.429993
133.520004
132.429993
134.320007
134.460007
134.770004
135.119995
134.179993
134.270004
135.539993
135.690002
135.610001
136.720001
136.490005
135.270004
133.75
135.029999
134.259995
134.740005
135.300003
136.949997
136.770004
137.830002
137.460007
137.850006
138.169998
137.160004
136.789993
136.940002
138.399994
138.639999
138.589996
134.089996
133.289993
132.550003
132.479996
132.229996
132.0
132.899994
132.490005
132.850006
133.289993
133.110001
133.039993
132.559998
132.559998
135.679993
139.729996
140.559998
141.0
143.839996
142.429993
143.009995
143.419998
143.800003
143.289993
145.850006
143.830002
142.970001
144.949997
146.149994
145.100006
144.919998
146.259995
146.119995
144.899994
144.979996
145.669998
144.289993
144.619995
144.589996
144.600006
144.779999
145.050003
147.820007
149.619995
151.490005
151.839996
152.259995
154.229996
153.710007
155.25
155.720001
155.770004
157.740005
157.800003
158.660004
159.210007
157.899994
158.020004
159.149994
157.970001
150.320007
154.289993
155.0
149.380005
151.710007
152.279999
153.289993
158.270004
159.860001
159.080002
159.130005
161.279999
157.600006
160.089996
161.830002
160.229996
157.660004
155.990005
157.429993
158.710007
159.339996
159.639999
159.490005
162.449997
162.259995
160.490005
158.089996
157.869995
160.070007
159.429993
158.850006
158.889999
153.279999
147.240005
153.009995
149.179993
149.449997
151.240005
148.320007
151.100006
152.5
152.759995
147.949997
149.210007
151.539993
149.440002
152.490005
145.460007
143.839996
140.860001
141.660004
144.259995
decrease
