62.799999
62.57
63.27
64.660004
64.970001
64.660004
64.510002
64.330002
64.730003
65.449997
65.290001
66.43
66.089996
67.730003
65.980003
65.059998
64.639999
65.489998
65.5
65.220001
65.949997
67.110001
67.650002
66.150002
66.589996
66.550003
66.25
66.650002
66.220001
66.239998
66.199997
65.360001
64.690002
64.360001
64.739998
66.260002
66.330002
66.529999
66.5
66.349998
66.68
67.239998
66.489998
64.919998
64.959999
65.629997
65.639999
65.089996
66.050003
65.620003
66.540001
67.029999
66.690002
65.610001
66.629997
66.860001
66.610001
67.309998
66.790001
66.550003
66.540001
66.279999
66.080002
65.129997
64.769997
64.580002
63.27
62.369999
62.5
63.27
63.07
62.459999
62.66
62.849998
63.16
62.830002
62.299999
62.369999
61.52
61.57
62.509998
62.029999
62.380001
61.360001
60.970001
60.869999
61.400002
60.740002
60.970001
61.509998
60.950001
61.060001
60.990002
62.049999
62.48
61.57
61.740002
61.639999
62.02
63.650002
64.419998
64.540001
64.959999
64.599998
65.540001
66.599998
67.099998
66.779999
67.050003
66.980003
66.360001
67.019997
67.169998
67.959999
69.330002
69.629997
70.040001
69.580002
70.019997
70.0
69.949997
69.949997
69.889999
69.980003
71.099998
70.419998
70.5
70.709999
71.169998
70.82
70.580002
70.940002
71.160004
70.129997
70.099998
70.459999
69.260002
69.93
69.360001
69.480003
68.940002
69.169998
68.169998
68.050003
68.269997
68.019997
67.470001
68.230003
68.440002
69.160004
69.349998
69.510002
69.160004
69.110001
69.32
69.32
71.160004
70.190002
69.160004
68.550003
69.230003
69.419998
69.949997
69.769997
69.68
69.639999
68.839996
68.169998
68.889999
69.190002
69.779999
70.169998
69.730003
69.379997
69.400002
70.139999
70.620003
70.230003
70.800003
72.550003
72.660004
72.589996
72.879997
73.410004
74.129997
73.760002
73.559998
73.580002
73.559998
73.980003
73.940002
73.169998
73.449997
73.349998
74.019997
73.809998
71.650002
71.5
72.160004
71.239998
68.279999
68.480003
68.650002
66.669998
67.089996
69.029999
69.389999
70.809998
70.650002
70.830002
70.589996
70.639999
71.089996
71.389999
71.349998
70.540001
68.690002
66.959999
67.230003
67.660004
68.519997
69.32
70.269997
71.82
71.190002
69.970001
70.639999
72.129997
72.739998
71.690002
71.790001
71.75
69.610001
67.309998
69.169998
68.279999
67.889999
68.129997
67.260002
68.910004
69.889999
70.449997
68.080002
68.43
69.730003
69.519997
70.080002
70.010002
70.339996
71.209999
71.900002
71.139999
decrease
