85.32
85.830002
86.18
86.360001
86.25
86.099998
85.089996
84.059998
84.699997
84.360001
84.449997
84.870003
84.910004
84.139999
84.190002
84.290001
84.760002
84.519997
83.889999
84.099998
84.610001
84.57
85.150002
85.779999
86.440002
87.459999
87.400002
87.720001
88.349998
89.029999
89.220001
88.360001
87.959999
88.059998
87.849998
87.989998
87.449997
87.5
88.059998
88.639999
88.919998
88.699997
88.809998
88.599998
88.169998
87.839996
88.199997
87.300003
86.510002
85.190002
85.160004
84.82
84.639999
84.360001
84.669998
84.199997
84.349998
85.089996
84.720001
85.129997
85.559998
85.760002
86.010002
86.559998
87.230003
86.480003
86.099998
86.889999
86.959999
86.139999
86.730003
87.129997
87.239998
88.720001
88.059998
88.589996
88.730003
88.32
88.970001
88.529999
88.839996
89.230003
89.620003
88.879997
89.290001
89.199997
89.480003
89.919998
89.900002
90.019997
90.440002
90.410004
89.989998
89.970001
89.860001
89.690002
89.0
89.540001
90.010002
90.75
88.910004
88.120003
88.970001
89.269997
88.339996
88.279999
87.300003
87.120003
86.150002
86.849998
86.480003
84.760002
84.910004
84.559998
85.290001
85.0
85.779999
85.550003
85.330002
85.370003
85.800003
86.400002
87.309998
87.379997
87.269997
87.760002
87.339996
88.57
88.779999
88.809998
88.43
88.25
88.139999
88.910004
88.220001
87.709999
87.459999
87.919998
89.120003
88.910004
89.720001
89.790001
89.389999
88.339996
89.790001
91.709999
90.779999
90.779999
90.050003
89.349998
89.379997
89.279999
89.519997
90.010002
90.779999
91.010002
91.809998
91.010002
90.209999
89.339996
89.910004
90.150002
90.75
91.220001
89.120003
89.300003
88.970001
89.540001
88.230003
86.589996
85.800003
85.209999
85.139999
84.290001
84.620003
85.199997
85.18
83.889999
83.120003
82.510002
82.419998
83.050003
82.019997
80.57
79.919998
79.220001
78.860001
79.529999
79.209999
79.080002
78.959999
79.889999
80.220001
81.050003
80.940002
79.389999
79.330002
79.949997
78.459999
77.730003
75.980003
75.160004
75.160004
74.339996
76.290001
76.730003
76.82
76.089996
78.059998
78.690002
77.199997
76.099998
76.739998
80.150002
80.279999
77.940002
76.959999
77.519997
76.919998
78.050003
76.300003
75.43
75.970001
76.379997
76.32
76.419998
76.779999
77.050003
77.970001
77.730003
77.989998
77.949997
77.989998
77.760002
78.160004
79.370003
79.470001
79.800003
78.940002
79.900002
80.059998
80.300003
79.75
79.699997
78.489998
78.510002
77.300003
78.139999
79.290001
80.150002
79.239998
78.690002
decrease
