106.370003
105.940002
108.010002
110.82
110.480003
111.290001
109.839996
109.459999
109.470001
109.199997
109.889999
110.559998
108.43
107.849998
107.849998
107.459999
107.120003
107.980003
107.410004
105.480003
105.389999
106.730003
106.419998
106.699997
106.940002
106.910004
107.239998
106.480003
106.360001
109.160004
110.419998
108.360001
108.379997
107.849998
107.919998
109.93
110.139999
111.57
111.5
111.32
111.160004
111.110001
110.779999
110.68
110.57
110.68
110.82
110.489998
111.07
109.650002
109.959999
110.610001
110.68
110.050003
111.0
110.980003
110.970001
111.839996
112.400002
112.800003
112.959999
112.949997
113.599998
106.720001
106.370003
105.389999
107.110001
106.75
106.150002
106.029999
105.25
105.110001
106.209999
104.669998
105.010002
105.139999
103.400002
103.370003
101.330002
100.730003
102.559998
102.940002
103.739998
102.68
102.080002
102.389999
104.540001
103.629997
103.709999
103.720001
104.150002
103.860001
103.809998
104.32
104.589996
103.440002
104.199997
104.010002
103.589996
105.900002
106.690002
105.059998
106.480003
106.300003
106.800003
108.339996
108.809998
108.989998
108.760002
109.160004
108.510002
107.989998
108.849998
108.660004
111.0
111.989998
112.260002
113.029999
113.279999
112.639999
112.379997
112.410004
113.400002
113.5
113.169998
112.959999
112.879997
114.309998
117.760002
116.889999
117.440002
117.720001
118.669998
117.93
116.160004
116.239998
115.919998
116.160004
116.529999
116.339996
116.339996
116.120003
115.129997
114.669998
114.550003
114.349998
113.389999
114.010002
113.830002
114.879997
115.339996
115.269997
116.099998
115.849998
117.339996
117.010002
116.849998
115.93
117.559998
116.75
116.190002
116.110001
115.919998
115.68
115.889999
116.25
113.82
115.089996
116.129997
116.309998
116.160004
116.18
116.190002
116.279999
116.489998
117.169998
116.82
118.0
118.190002
117.470001
118.919998
118.720001
118.220001
116.610001
117.57
118.169998
116.639999
114.5
118.410004
118.440002
116.779999
117.25
118.940002
120.209999
121.470001
119.57
118.349998
118.730003
117.620003
115.610001
111.980003
113.959999
114.129997
110.300003
112.370003
113.980003
114.559998
116.32
116.190002
116.160004
115.400002
115.620003
115.860001
117.459999
117.529999
115.309998
112.440002
111.110001
110.25
112.760002
115.07
115.019997
115.400002
117.650002
116.459999
116.07
115.040001
114.279999
114.93
113.220001
113.849998
113.949997
111.309998
109.480003
111.93
111.910004
109.970001
111.599998
108.260002
110.18
110.790001
111.669998
109.389999
109.610001
110.360001
109.279999
110.040001
110.0
111.769997
113.080002
113.190002
109.639999
decrease
