37.799999
37.93
38.0
38.16
37.939999
38.080002
38.110001
37.98
38.040001
37.98
38.439999
38.529999
38.689999
38.369999
38.529999
38.540001
38.759998
38.830002
38.48
38.689999
38.799999
38.82
39.150002
39.290001
39.57
39.900002
39.860001
39.869999
39.91
39.959999
40.060001
40.02
39.900002
39.66
39.41
39.200001
38.880001
38.98
39.290001
39.439999
39.490002
39.580002
39.34
39.389999
39.02
38.830002
39.290001
39.02
38.84
38.66
38.66
38.279999
38.290001
38.029999
38.07
37.939999
37.759998
37.799999
37.439999
37.360001
37.669998
37.689999
38.119999
38.240002
38.549999
38.400002
37.970001
38.09
38.119999
38.18
38.330002
38.610001
38.959999
39.110001
38.790001
38.830002
38.830002
38.599998
38.75
38.490002
38.669998
38.919998
39.049999
38.82
38.919998
38.939999
39.040001
39.52
39.5
39.59
39.529999
39.380001
39.18
39.240002
39.110001
39.169998
39.119999
39.16
39.549999
39.830002
39.07
38.82
39.119999
39.310001
39.110001
39.220001
38.84
38.810001
38.470001
38.639999
38.740002
38.009998
38.18
37.950001
37.720001
37.459999
37.650002
37.299999
37.32
37.43
37.849998
37.919998
38.369999
37.560001
37.400002
37.48
37.52
37.810001
37.75
38.130001
37.919998
37.689999
37.689999
37.75
37.490002
37.560001
36.939999
36.900002
36.740002
36.509998
37.209999
36.919998
36.759998
36.290001
36.630001
37.07
36.549999
36.220001
36.259998
35.91
36.02
36.060001
36.310001
36.580002
36.529999
36.610001
36.669998
36.27
35.959999
35.290001
35.41
35.02
34.5
34.619999
34.040001
33.869999
33.799999
33.970001
33.970001
32.419998
31.59
31.190001
31.129999
30.76
30.83
30.91
30.950001
30.6
30.67
30.75
30.950001
31.4
31.33
30.9
30.879999
31.08
31.26
31.57
31.610001
31.59
31.49
31.77
32.0
32.27
32.009998
31.530001
31.42
31.870001
31.23
31.190001
30.299999
30.07
30.27
29.52
30.059999
30.459999
30.700001
30.27
31.1
31.450001
30.83
30.110001
29.52
30.34
29.82
29.17
28.65
28.24
27.73
28.32
27.68
27.620001
27.77
27.540001
27.889999
27.76
27.93
27.84
28.120001
27.41
27.26
27.219999
27.32
27.129999
27.450001
27.9
28.17
28.290001
28.059999
28.030001
27.85
28.0
27.93
28.15
27.690001
27.93
27.540001
27.790001
28.059999
28.360001
28.190001
28.280001
decrease
