66.760002
66.43
67.050003
67.809998
73.019997
74.010002
73.940002
74.050003
76.230003
72.349998
73.120003
73.410004
73.07
74.730003
74.540001
75.370003
74.970001
75.050003
74.550003
73.07
70.5
70.790001
71.360001
73.07
71.93
71.849998
69.949997
67.919998
72.849998
74.730003
73.440002
71.779999
70.339996
70.529999
71.220001
71.519997
71.639999
71.699997
72.32
72.82
73.019997
73.139999
72.360001
73.330002
74.650002
75.279999
75.860001
74.699997
76.5
75.919998
75.519997
75.75
74.699997
72.32
72.459999
72.010002
72.470001
73.279999
73.949997
73.879997
73.870003
72.900002
72.650002
75.510002
76.209999
76.349998
76.279999
76.239998
73.910004
74.470001
74.919998
74.199997
72.129997
68.309998
67.43
67.510002
66.57
66.370003
76.839996
78.489998
77.300003
77.769997
79.18
77.690002
77.269997
77.580002
78.599998
77.419998
77.5
77.419998
78.370003
77.650002
77.519997
78.959999
78.910004
78.059998
78.330002
82.190002
82.790001
85.07
89.010002
89.010002
88.870003
86.900002
86.620003
85.300003
85.480003
85.040001
84.93
84.989998
84.790001
85.139999
83.199997
84.650002
86.239998
86.25
86.690002
87.230003
86.82
87.010002
88.050003
87.309998
87.660004
87.779999
87.040001
88.580002
88.550003
87.529999
87.440002
86.32
86.059998
85.0
83.540001
83.150002
83.699997
80.989998
82.550003
81.269997
82.360001
83.43
80.699997
81.199997
87.989998
87.699997
86.800003
86.0
85.800003
87.0
85.889999
85.199997
86.75
86.699997
86.57
86.059998
87.029999
87.720001
87.209999
87.0
86.300003
83.580002
82.379997
82.870003
85.599998
85.589996
85.919998
86.019997
84.040001
86.5
86.379997
85.889999
86.529999
87.18
87.010002
87.93
88.510002
87.269997
87.160004
89.690002
89.440002
91.080002
91.18
90.129997
90.839996
90.080002
91.989998
91.800003
90.860001
91.599998
91.690002
91.879997
93.440002
93.989998
93.610001
94.589996
95.150002
92.360001
90.160004
90.620003
90.959999
90.400002
86.889999
88.040001
87.519997
84.440002
85.309998
85.300003
85.809998
86.660004
89.650002
89.550003
87.040001
87.099998
87.07
88.25
88.300003
82.0
81.459999
79.57
82.989998
82.809998
82.419998
82.860001
85.059998
84.949997
86.139999
86.510002
85.779999
84.449997
84.230003
82.199997
80.760002
82.339996
81.550003
80.370003
81.900002
81.93
82.599998
83.339996
81.050003
82.82
83.389999
83.720001
81.989998
82.889999
84.0
81.940002
80.860001
80.769997
81.470001
82.480003
82.769997
82.730003
decrease
