105.839996
105.650002
107.870003
107.889999
107.199997
107.080002
107.029999
107.459999
107.559998
108.480003
109.129997
108.730003
108.260002
107.879997
108.459999
107.790001
106.209999
107.440002
107.800003
103.419998
103.449997
103.989998
104.269997
105.150002
104.959999
106.019997
105.07
104.860001
104.849998
106.699997
106.419998
105.57
103.199997
103.550003
105.410004
107.75
108.360001
108.050003
108.099998
108.279999
107.709999
108.480003
107.43
104.889999
103.309998
103.360001
103.669998
104.599998
107.260002
108.379997
108.139999
110.18
110.220001
110.800003
111.360001
111.339996
110.650002
111.209999
111.93
111.410004
111.279999
110.599998
111.300003
111.059998
111.739998
112.129997
113.519997
112.190002
112.739998
113.199997
113.230003
114.400002
115.230003
110.269997
112.489998
111.690002
111.480003
109.940002
106.059998
105.690002
106.739998
106.25
105.209999
102.660004
101.949997
101.080002
101.900002
101.099998
101.690002
102.82
102.68
101.32
102.139999
102.080002
103.150002
100.739998
100.580002
98.650002
98.910004
100.93
102.18
102.360001
101.970001
102.779999
103.379997
104.309998
105.169998
104.779999
105.0
105.360001
105.940002
106.779999
106.0
106.32
107.279999
107.839996
107.849998
109.260002
109.650002
109.059998
110.0
110.010002
109.349998
109.110001
109.370003
108.790001
108.889999
109.599998
110.779999
110.790001
112.169998
111.25
111.889999
112.019997
111.599998
110.459999
110.580002
112.940002
111.839996
112.389999
111.940002
112.440002
111.949997
110.720001
110.440002
109.559998
110.220001
110.370003
110.25
110.019997
110.059998
109.699997
108.919998
109.510002
112.830002
115.870003
115.839996
115.400002
116.760002
115.510002
115.379997
116.330002
117.150002
116.260002
116.389999
113.949997
114.470001
115.730003
116.120003
116.860001
117.110001
116.739998
116.160004
115.650002
115.330002
115.199997
114.980003
115.449997
115.489998
116.510002
117.68
117.610001
119.0
121.510002
123.720001
124.120003
122.089996
123.440002
123.309998
124.129997
124.330002
124.199997
124.830002
124.400002
126.019997
125.370003
121.389999
118.82
120.519997
117.330002
110.790001
110.989998
111.169998
103.379997
106.040001
107.860001
106.889999
111.269997
109.730003
109.43
108.480003
108.629997
107.790001
108.980003
110.120003
108.690002
106.32
103.93
105.599998
106.220001
107.540001
107.309998
107.489998
110.300003
109.889999
109.599998
108.050003
108.489998
108.650002
107.720001
108.900002
108.879997
105.059998
100.639999
104.169998
102.559998
102.900002
103.550003
100.949997
102.830002
104.419998
104.910004
102.330002
101.949997
104.699997
102.959999
105.029999
104.279999
105.080002
104.900002
105.839996
107.07
decrease
