229.399994
228.369995
226.470001
225.539993
223.929993
213.0
209.380005
207.229996
207.270004
205.529999
207.630005
208.25
208.449997
208.070007
208.919998
208.470001
208.639999
209.729996
208.139999
212.949997
216.119995
214.479996
215.600006
217.199997
217.570007
217.089996
216.389999
214.350006
215.350006
212.270004
213.919998
211.350006
207.899994
209.869995
210.910004
207.559998
207.039993
208.399994
209.880005
212.679993
213.660004
211.779999
211.75
212.300003
211.179993
213.110001
212.490005
210.270004
209.440002
207.570007
208.529999
212.729996
208.059998
205.360001
207.029999
203.369995
203.259995
206.410004
204.820007
207.679993
207.589996
207.210007
207.770004
207.529999
208.940002
209.0
207.720001
210.059998
198.279999
202.839996
205.570007
202.830002
202.220001
200.339996
201.490005
201.080002
200.679993
200.880005
200.649994
198.630005
200.539993
201.580002
199.009995
197.729996
196.289993
200.369995
201.589996
205.419998
204.669998
203.869995
204.300003
205.570007
205.940002
205.339996
205.880005
206.660004
207.889999
214.279999
218.309998
213.399994
207.580002
208.740005
212.559998
214.149994
215.850006
215.720001
214.110001
214.869995
213.710007
214.210007
214.130005
211.979996
212.75
213.990005
214.279999
212.919998
213.869995
213.679993
213.419998
213.830002
213.020004
214.679993
216.809998
218.559998
217.559998
215.880005
214.669998
215.210007
215.089996
214.779999
210.110001
210.0
204.210007
206.899994
208.75
207.25
206.520004
208.330002
208.970001
209.320007
211.490005
213.190002
211.369995
211.520004
213.25
212.919998
210.050003
213.669998
211.850006
211.110001
211.320007
211.289993
212.789993
214.929993
209.429993
210.259995
213.119995
212.070007
209.970001
211.050003
211.800003
208.339996
210.839996
211.679993
211.720001
212.559998
211.020004
211.559998
212.089996
208.210007
205.149994
203.720001
205.970001
208.029999
209.279999
209.240005
209.0
206.320007
206.770004
203.110001
201.919998
203.529999
201.149994
196.110001
196.119995
193.550003
193.75
195.690002
193.25
193.559998
193.779999
198.089996
194.919998
192.570007
192.850006
192.539993
193.600006
195.759995
190.979996
190.309998
184.979996
185.399994
185.350006
180.490005
187.160004
187.820007
189.199997
186.779999
190.479996
188.75
186.309998
190.75
193.139999
195.679993
195.880005
192.919998
194.440002
196.110001
195.0
197.350006
198.160004
198.009995
199.809998
199.960007
199.410004
197.399994
194.610001
195.169998
198.009995
196.720001
198.029999
198.520004
195.690002
193.050003
196.610001
198.100006
202.119995
200.389999
199.410004
200.619995
204.039993
201.360001
199.279999
199.820007
200.449997
198.679993
196.309998
197.279999
197.089996
198.570007
197.919998
193.789993
decrease
