75.75
76.349998
77.510002
78.080002
78.110001
78.050003
79.559998
79.559998
79.260002
79.589996
78.239998
79.349998
79.639999
79.599998
79.75
79.519997
79.790001
80.120003
78.540001
77.669998
77.550003
78.25
78.550003
78.139999
78.279999
77.419998
77.440002
77.0
76.110001
76.620003
76.370003
76.860001
77.040001
76.959999
77.400002
79.57
80.209999
80.629997
78.779999
79.080002
80.940002
81.239998
79.550003
78.889999
78.910004
80.269997
80.239998
80.540001
81.790001
81.870003
82.690002
83.339996
82.330002
81.889999
82.599998
82.459999
82.360001
82.239998
81.720001
82.199997
81.809998
81.959999
82.919998
82.360001
82.849998
82.650002
84.449997
83.699997
84.510002
83.650002
83.75
85.629997
86.669998
85.650002
85.599998
85.07
85.019997
84.489998
83.639999
83.440002
83.879997
83.68
83.029999
80.889999
81.559998
81.900002
82.230003
82.360001
83.870003
83.419998
83.650002
83.5
83.599998
83.809998
84.43
83.239998
83.360001
84.040001
84.699997
85.190002
85.730003
86.349998
86.239998
87.669998
88.309998
89.089996
89.07
89.139999
89.889999
91.010002
91.349998
91.800003
91.790001
91.610001
92.379997
93.629997
93.43
93.330002
92.82
93.32
93.470001
93.68
94.339996
94.43
90.870003
90.629997
90.239998
90.389999
90.800003
91.239998
91.830002
91.709999
91.18
91.989998
91.019997
91.080002
92.300003
93.459999
93.580002
94.43
94.57
94.550003
94.419998
93.660004
93.32
92.830002
92.57
92.459999
92.650002
92.620003
93.620003
93.290001
93.639999
92.809998
94.050003
94.910004
97.559998
97.57
97.529999
98.269997
97.589996
97.860001
99.550003
99.720001
99.07
99.989998
99.550003
99.919998
99.980003
99.139999
100.720001
100.080002
100.889999
101.639999
102.059998
101.959999
101.150002
101.75
102.43
102.150002
102.160004
102.059998
101.720001
102.080002
102.370003
104.970001
103.5
106.160004
105.290001
105.629997
106.660004
106.900002
104.629997
104.169998
106.589996
104.25
102.279999
102.400002
100.860001
97.010002
95.209999
96.879997
95.610001
92.440002
92.599998
93.589996
93.760002
93.330002
92.769997
91.989998
90.989998
89.580002
90.129997
91.830002
92.519997
92.120003
90.370003
90.870003
91.370003
93.059998
93.93
94.220001
95.190002
95.910004
94.989998
94.550003
94.209999
94.459999
95.790001
94.400002
95.099998
96.150002
94.699997
93.389999
96.0
95.709999
94.330002
95.919998
94.949997
96.18
95.989998
97.769997
96.970001
97.739998
100.25
102.550003
102.629997
103.739998
106.82
107.860001
108.889999
110.639999
increase
