101.410004
98.260002
102.309998
102.870003
103.449997
103.019997
101.029999
100.080002
101.599998
100.910004
101.160004
102.599998
102.389999
102.760002
103.309998
100.93
100.190002
100.489998
99.089996
97.470001
99.089996
100.410004
102.120003
102.379997
102.040001
106.980003
105.290001
105.589996
105.949997
106.209999
105.959999
105.209999
103.650002
103.18
103.160004
105.589996
106.199997
105.610001
106.43
105.660004
105.129997
105.720001
104.889999
105.07
109.07
110.480003
112.330002
112.480003
113.370003
113.779999
114.5
114.839996
113.449997
110.879997
112.169998
112.0
111.760002
111.830002
113.290001
112.559998
113.610001
112.940002
114.07
115.75
116.980003
116.519997
118.730003
118.410004
119.160004
119.940002
119.290001
120.010002
119.730003
121.269997
122.099998
124.089996
124.300003
124.110001
121.629997
123.879997
124.370003
123.379997
124.160004
122.300003
121.050003
120.059998
120.32
120.040001
126.919998
125.900002
126.230003
126.620003
126.040001
125.889999
126.529999
128.5
129.110001
128.690002
127.760002
129.600006
128.089996
127.43
126.43
128.100006
128.009995
127.470001
126.68
125.849998
126.07
125.120003
126.709999
126.360001
125.519997
126.059998
127.0
126.269997
127.290001
127.32
127.529999
125.029999
126.040001
126.209999
124.800003
124.940002
124.669998
124.160004
124.360001
125.739998
128.309998
129.679993
129.619995
130.0
129.039993
127.050003
127.360001
126.809998
127.910004
127.559998
126.879997
127.389999
122.739998
123.57
124.870003
127.470001
127.470001
126.830002
126.879997
129.940002
133.119995
136.369995
136.110001
135.270004
135.470001
135.240005
137.559998
137.139999
134.550003
137.309998
134.279999
133.600006
133.279999
133.729996
135.399994
134.559998
132.940002
132.610001
131.690002
134.039993
136.309998
136.600006
135.619995
135.610001
135.600006
136.520004
136.669998
136.910004
137.210007
138.970001
139.210007
141.419998
143.089996
142.740005
141.160004
140.940002
142.580002
143.630005
141.399994
142.490005
144.699997
147.070007
148.350006
151.080002
151.339996
152.710007
153.839996
155.160004
156.25
155.080002
154.169998
151.070007
146.25
146.929993
149.210007
142.679993
144.089996
146.779999
146.979996
150.660004
151.550003
148.550003
146.679993
148.059998
149.339996
148.860001
149.559998
147.720001
144.279999
142.649994
143.619995
143.630005
143.0
140.490005
140.259995
143.070007
143.320007
143.339996
143.669998
142.380005
143.770004
142.570007
144.779999
143.0
141.449997
139.860001
145.25
143.160004
144.020004
151.429993
150.919998
155.160004
155.410004
159.509995
156.729996
155.589996
157.949997
158.009995
162.25
159.130005
160.429993
161.270004
161.009995
160.360001
decrease
