35.209999
35.009998
35.93
36.0
36.290001
36.130001
35.439999
35.599998
35.529999
35.049999
34.970001
34.509998
34.439999
34.509998
33.669998
33.610001
32.490002
32.450001
31.82
31.049999
31.219999
31.440001
31.6
31.700001
31.280001
31.01
31.07
30.75
30.66
31.370001
31.6
31.26
31.24
31.4
31.809999
32.709999
32.66
33.0
32.459999
31.98
32.060001
32.400002
31.77
31.219999
31.209999
31.620001
32.290001
32.16
32.259998
31.879999
32.919998
32.669998
32.669998
32.759998
33.049999
33.389999
33.41
33.75
34.369999
34.23
33.799999
33.080002
33.369999
32.75
33.049999
33.610001
34.169998
33.77
33.939999
33.580002
33.73
34.439999
34.220001
35.700001
36.5
36.290001
36.540001
36.68
35.68
35.610001
35.619999
35.330002
34.27
33.830002
34.040001
33.779999
34.299999
34.419998
34.41
34.610001
34.889999
35.259998
35.380001
35.93
36.02
35.779999
35.560001
35.5
36.130001
36.16
36.540001
36.27
36.459999
36.299999
36.34
36.77
36.970001
37.060001
37.119999
37.310001
37.509998
37.59
37.52
37.369999
37.419998
37.490002
37.139999
37.5
37.540001
37.369999
37.360001
37.52
37.5
37.290001
37.84
37.450001
37.400002
37.169998
37.450001
37.48
37.880001
37.369999
37.830002
37.98
38.060001
37.73
37.34
36.560001
35.66
36.310001
36.209999
36.34
35.509998
35.84
36.720001
35.75
35.349998
35.970001
36.009998
36.470001
36.889999
36.470001
36.130001
36.16
37.060001
37.650002
37.900002
37.389999
38.799999
38.419998
38.290001
38.450001
39.400002
39.169998
39.119999
38.290001
37.439999
37.720001
38.380001
37.799999
38.540001
39.400002
39.41
39.5
39.48
39.330002
39.110001
39.240002
39.549999
39.860001
39.509998
39.099998
38.639999
38.139999
39.07
39.439999
38.689999
38.73
38.529999
38.990002
39.09
38.869999
38.970001
38.889999
39.139999
38.869999
38.400002
38.490002
38.259998
36.09
34.400002
35.18
34.450001
33.509998
33.529999
33.98
33.720001
34.43
34.830002
35.07
34.950001
34.84
35.900002
35.669998
35.66
35.040001
34.439999
33.860001
34.240002
34.220001
34.68
35.169998
35.169998
35.990002
35.959999
35.459999
35.07
35.0
35.360001
34.939999
35.099998
35.82
34.389999
33.209999
34.25
34.0
33.869999
34.349998
33.529999
34.169998
34.509998
34.599998
33.720001
33.459999
34.169998
33.98
34.310001
34.150002
34.540001
34.68
34.580002
34.279999
decrease
