119.730003
119.580002
123.010002
124.699997
125.110001
125.480003
124.980003
124.959999
125.57
125.529999
126.32
129.479996
129.089996
128.619995
129.169998
129.089996
129.720001
130.169998
131.029999
128.820007
128.369995
129.229996
129.820007
129.970001
132.270004
131.929993
131.970001
131.589996
132.289993
134.089996
136.619995
133.419998
133.289993
133.080002
132.979996
136.190002
134.970001
136.279999
135.190002
134.860001
136.0
136.460007
134.759995
132.860001
132.470001
132.800003
132.880005
132.229996
133.639999
131.669998
132.550003
134.179993
132.660004
132.429993
133.059998
133.339996
132.960007
133.820007
133.580002
134.309998
134.539993
134.160004
135.619995
135.210007
134.740005
135.220001
135.860001
135.029999
132.710007
132.259995
130.160004
130.710007
130.600006
130.320007
130.149994
130.220001
128.580002
128.860001
127.620003
127.440002
131.059998
131.470001
133.589996
131.789993
132.300003
131.210007
132.75
132.380005
132.149994
132.419998
132.080002
130.880005
130.639999
131.539993
131.029999
130.300003
131.770004
132.240005
132.460007
135.009995
134.820007
134.149994
134.089996
134.220001
134.740005
136.509995
137.990005
138.570007
137.600006
137.699997
138.429993
138.710007
141.059998
139.740005
141.190002
142.490005
142.350006
142.350006
141.960007
140.869995
140.619995
141.179993
141.869995
142.210007
141.289993
141.440002
139.899994
140.410004
143.139999
142.440002
142.949997
143.619995
149.600006
148.139999
147.449997
146.119995
147.919998
147.899994
147.5
147.470001
148.949997
149.970001
148.460007
148.279999
148.149994
147.630005
146.169998
149.039993
150.639999
150.869995
151.350006
151.720001
152.880005
152.080002
156.360001
155.169998
153.919998
151.869995
153.360001
153.080002
150.389999
150.960007
151.410004
152.259995
151.339996
151.270004
149.139999
149.600006
153.330002
154.169998
154.009995
154.100006
153.839996
152.610001
154.190002
155.289993
154.679993
156.190002
157.5
159.970001
161.369995
161.309998
162.880005
162.619995
163.809998
164.149994
162.100006
163.460007
161.5
161.880005
160.619995
159.229996
160.869995
163.350006
165.690002
162.830002
160.720001
161.490005
159.830002
155.050003
150.320007
155.309998
150.009995
144.070007
149.479996
153.75
153.830002
155.070007
155.800003
153.610001
153.600006
152.740005
153.669998
155.619995
155.830002
154.0
149.75
147.919998
149.429993
152.740005
153.649994
155.100006
157.880005
160.089996
161.110001
160.369995
157.539993
155.669998
154.320007
149.580002
150.220001
151.710007
146.089996
142.550003
146.110001
144.110001
142.160004
144.300003
142.100006
143.639999
145.020004
146.710007
143.179993
143.949997
146.690002
144.600006
146.919998
146.529999
151.199997
154.919998
153.25
151.559998
decrease
