174.440002
174.630005
175.720001
178.350006
176.910004
172.360001
172.990005
172.429993
170.440002
170.809998
165.630005
169.610001
172.460007
169.479996
171.270004
171.259995
171.639999
173.850006
174.789993
173.240005
172.75
176.619995
173.559998
173.740005
173.660004
168.619995
170.240005
165.080002
166.860001
166.970001
164.880005
165.509995
168.710007
164.960007
163.429993
169.449997
167.809998
168.75
164.860001
158.020004
158.789993
158.789993
157.880005
155.029999
154.75
155.929993
155.210007
154.270004
155.660004
158.470001
159.580002
162.770004
159.410004
156.990005
156.029999
158.470001
160.380005
160.110001
160.649994
160.940002
162.830002
161.5
163.940002
163.279999
160.210007
160.100006
162.600006
162.600006
163.899994
161.410004
163.100006
163.270004
145.679993
135.119995
135.339996
129.639999
135.380005
137.550003
135.259995
134.020004
132.839996
133.699997
131.630005
131.270004
131.949997
127.940002
128.059998
129.710007
128.410004
129.199997
128.460007
127.959999
128.800003
129.649994
130.639999
131.130005
133.080002
131.779999
128.5
129.690002
129.919998
135.509995
136.929993
136.929993
137.0
137.089996
141.270004
142.009995
144.009995
146.660004
147.580002
149.580002
147.550003
147.539993
151.289993
153.009995
151.759995
151.160004
150.470001
150.960007
150.669998
149.009995
146.240005
143.919998
143.690002
145.350006
145.089996
142.979996
144.75
143.929993
143.220001
142.160004
142.309998
145.380005
146.259995
149.669998
153.970001
147.800003
150.289993
158.800003
161.669998
159.570007
161.139999
158.929993
156.919998
152.809998
151.509995
151.039993
152.220001
151.509995
152.229996
154.080002
154.100006
150.580002
151.089996
151.160004
156.039993
157.160004
156.350006
153.860001
150.660004
154.25
155.899994
158.669998
158.990005
157.059998
156.580002
155.830002
159.309998
160.199997
167.199997
168.820007
171.119995
173.990005
172.440002
172.580002
172.850006
172.919998
176.339996
177.270004
176.509995
178.529999
177.949997
178.699997
184.169998
186.149994
182.509995
184.320007
184.380005
183.169998
186.300003
186.009995
188.330002
188.5
188.360001
187.0
182.660004
182.910004
186.649994
178.740005
171.820007
173.949997
176.199997
169.160004
165.050003
171.029999
172.169998
179.5
179.589996
178.789993
178.25
174.729996
177.410004
180.0
179.690002
174.669998
170.229996
169.160004
168.889999
171.690002
169.960007
170.169998
167.679993
171.529999
171.190002
169.559998
169.039993
166.570007
169.339996
166.240005
169.860001
175.369995
172.339996
172.470001
175.570007
171.75
167.520004
171.779999
166.910004
169.460007
169.279999
172.429993
168.130005
169.350006
178.320007
181.779999
182.610001
188.320007
191.130005
193.179993
194.449997
195.470001
decrease
