43.689999
43.810001
44.27
44.709999
44.41
47.150002
47.720001
47.540001
49.049999
49.02
48.91
49.299999
49.169998
49.220001
49.790001
49.700001
49.369999
49.77
50.34
49.049999
49.110001
49.389999
49.77
50.130001
51.049999
50.93
51.189999
51.060001
52.209999
53.16
53.52
53.799999
53.400002
53.849998
54.389999
53.400002
52.16
52.060001
51.900002
52.290001
51.84
52.93
52.52
53.540001
53.869999
54.330002
53.740002
52.73
54.389999
53.419998
53.669998
52.869999
54.610001
53.470001
53.970001
54.939999
54.759998
56.549999
57.900002
57.16
57.580002
58.959999
58.349998
59.09
58.669998
58.580002
58.259998
58.790001
60.150002
59.200001
58.549999
59.34
59.119999
58.419998
58.860001
59.619999
59.48
59.669998
58.02
58.040001
59.060001
59.689999
60.290001
59.290001
59.439999
59.400002
60.84
60.049999
60.0
59.970001
60.529999
61.009998
61.77
61.68
61.459999
61.27
61.240002
62.0
61.130001
62.639999
62.560001
62.040001
62.240002
62.5
62.919998
63.830002
64.739998
64.629997
65.080002
63.5
62.939999
63.330002
63.93
64.029999
64.18
64.220001
64.010002
65.82
66.050003
66.230003
66.040001
67.779999
68.860001
68.660004
67.309998
66.669998
67.260002
67.25
70.970001
69.800003
70.209999
71.019997
71.339996
71.059998
71.150002
72.559998
72.379997
72.25
73.389999
74.739998
74.410004
74.769997
74.099998
73.989998
74.029999
74.489998
73.43
77.699997
76.379997
76.010002
77.769997
77.57
78.57
77.839996
77.790001
73.25
75.730003
75.300003
70.970001
71.199997
73.139999
73.690002
72.910004
73.290001
73.620003
74.089996
74.260002
75.650002
75.32
74.5
74.0
74.019997
73.889999
74.269997
74.589996
74.169998
73.620003
73.839996
76.75
76.730003
78.699997
79.050003
79.190002
79.370003
79.75
80.540001
80.419998
82.470001
82.940002
83.839996
83.980003
84.209999
83.709999
84.339996
85.449997
84.309998
83.779999
85.32
78.400002
76.57
74.705002
75.68
75.589996
72.32
74.75
75.279999
74.970001
77.269997
78.294998
78.370003
77.059998
76.510002
77.699997
79.690002
79.349998
79.459999
79.410004
78.639999
78.870003
79.07
79.230003
79.519997
79.870003
80.709999
80.599998
80.199997
83.309998
82.57
82.160004
80.300003
80.860001
81.040001
78.559998
76.440002
78.949997
76.309998
75.059998
75.870003
75.0
74.559998
74.779999
76.949997
73.860001
75.190002
76.790001
76.5
77.459999
77.269997
77.800003
80.029999
80.339996
79.68
decrease
