52.66
52.5
52.810001
53.0
53.040001
53.209999
53.740002
53.599998
53.290001
54.490002
54.91
54.93
54.619999
55.150002
55.330002
54.68
55.32
55.400002
55.950001
55.360001
56.119999
57.669998
59.279999
59.220001
58.639999
58.450001
57.52
57.34
57.27
58.619999
58.580002
58.860001
58.200001
57.529999
58.119999
57.049999
57.490002
57.540001
57.009998
56.93
56.82
57.610001
56.790001
56.330002
56.470001
56.91
56.560001
55.43
56.16
55.080002
55.220001
54.950001
55.450001
54.790001
55.349998
55.639999
55.330002
56.200001
56.23
56.810001
56.459999
56.290001
56.779999
53.970001
53.84
53.220001
53.27
53.139999
52.490002
52.880001
53.189999
53.41
53.169998
52.950001
52.619999
52.700001
52.290001
52.77
52.34
52.720001
53.549999
53.869999
53.310001
52.27
51.919998
51.98
52.349998
52.23
52.490002
52.029999
51.810001
51.810001
52.119999
52.27
52.049999
50.029999
50.450001
50.380001
49.639999
50.57
50.900002
51.009998
51.48
52.189999
52.25
52.299999
51.98
52.029999
52.09
51.619999
51.130001
51.549999
51.75
51.84
51.880001
52.02
51.959999
52.349998
52.490002
52.880001
53.869999
54.119999
53.0
52.82
52.380001
52.41
52.209999
52.290001
52.02
53.389999
54.25
53.84
53.799999
54.57
54.66
51.009998
53.459999
54.84
61.810001
62.52
64.099998
65.489998
64.599998
64.57
66.489998
66.0
65.610001
66.110001
66.720001
66.470001
66.669998
68.129997
68.910004
68.139999
68.379997
66.519997
66.339996
65.489998
64.559998
64.690002
64.980003
65.230003
64.239998
65.18
64.860001
64.900002
64.699997
64.760002
65.379997
64.5
64.599998
64.389999
64.730003
64.300003
64.540001
64.379997
64.019997
65.199997
65.940002
66.029999
66.470001
66.269997
65.269997
65.260002
65.43
65.379997
68.25
68.019997
68.050003
68.040001
68.669998
68.339996
67.980003
67.419998
68.529999
67.32
66.989998
68.25
66.800003
66.07
61.73
64.400002
65.040001
62.419998
63.990002
65.660004
65.699997
66.589996
65.279999
64.849998
63.990002
63.400002
62.18
63.32
66.980003
66.339996
65.0
64.959999
64.739998
64.010002
62.139999
62.490002
61.82
63.029999
62.810001
59.700001
60.119999
59.889999
60.619999
58.369999
58.259998
56.810001
55.580002
53.66
56.130001
54.84
54.700001
55.41
53.810001
54.779999
54.990002
55.040001
53.119999
53.43
54.77
55.009998
55.200001
55.73
54.77
55.349998
55.23
52.57
decrease
