71.029999
70.160004
70.940002
71.309998
70.970001
71.120003
68.029999
68.610001
68.339996
68.050003
67.019997
66.900002
65.650002
66.160004
66.790001
67.019997
67.800003
71.540001
74.839996
72.540001
75.550003
75.510002
78.07
78.550003
78.389999
78.830002
77.839996
78.650002
77.949997
79.059998
78.949997
77.300003
77.5
77.669998
78.080002
75.269997
74.629997
74.650002
72.129997
71.68
71.720001
72.459999
70.860001
71.18
70.489998
69.940002
66.410004
64.489998
65.949997
64.290001
63.32
63.0
65.019997
64.010002
65.860001
65.0
65.93
67.470001
67.370003
67.32
67.0
66.980003
67.639999
68.720001
69.290001
69.169998
69.294998
69.540001
69.099998
69.0
68.559998
68.07
66.860001
66.889999
66.620003
68.800003
69.160004
69.059998
67.769997
68.900002
71.419998
71.760002
72.419998
71.190002
69.669998
69.330002
71.010002
70.669998
70.25
70.93
70.599998
70.459999
73.120003
73.220001
73.260002
73.379997
73.32
73.220001
71.610001
72.629997
72.949997
73.010002
73.480003
75.489998
74.349998
74.32
70.32
70.610001
71.199997
68.660004
68.239998
70.25
70.199997
70.68
71.290001
71.389999
72.160004
71.699997
72.690002
72.660004
71.839996
72.940002
72.360001
72.389999
72.529999
72.269997
72.019997
69.68
69.919998
69.800003
71.440002
71.779999
71.559998
73.720001
76.25
75.809998
74.459999
74.300003
73.839996
78.489998
78.459999
80.82
79.470001
79.57
79.080002
78.410004
76.68
77.910004
77.330002
79.139999
80.589996
79.610001
80.620003
79.739998
79.029999
76.690002
76.580002
74.209999
72.400002
71.779999
70.099998
68.720001
67.879997
68.620003
67.690002
67.290001
65.230003
65.529999
67.050003
66.790001
67.07
67.480003
67.690002
65.900002
67.260002
67.360001
66.599998
68.879997
68.389999
68.720001
68.029999
68.839996
69.0
67.739998
68.879997
71.040001
69.300003
70.849998
70.699997
68.400002
66.339996
67.32
66.900002
66.059998
67.940002
68.190002
70.669998
71.769997
83.339996
80.769997
75.580002
79.07
78.089996
76.849998
77.849998
79.169998
79.349998
78.82
78.559998
77.309998
80.169998
79.949997
78.5
80.129997
81.480003
81.209999
80.709999
78.610001
81.129997
83.190002
83.68
83.32
84.230003
85.510002
86.389999
83.419998
82.220001
79.0
80.75
78.419998
75.07
74.18
72.650002
71.550003
73.339996
70.230003
68.540001
70.449997
68.529999
69.709999
71.510002
71.410004
69.720001
69.589996
71.239998
72.199997
72.510002
72.550003
72.279999
73.470001
73.120003
70.629997
decrease
