97.209999
97.330002
97.440002
99.150002
100.470001
100.5
106.599998
108.410004
108.07
108.099998
107.919998
108.620003
107.970001
108.82
108.339996
108.260002
107.57
108.120003
107.339996
103.650002
104.980003
106.150002
107.209999
107.139999
108.18
110.260002
111.080002
110.43
110.18
112.75
113.379997
112.059998
110.849998
112.150002
112.82
109.82
109.900002
110.830002
111.639999
112.07
111.900002
113.300003
111.669998
113.910004
112.150002
111.860001
111.330002
108.889999
110.75
109.269997
109.230003
108.839996
110.639999
108.57
109.199997
109.190002
109.260002
110.019997
109.550003
108.889999
111.489998
111.849998
112.559998
115.260002
114.910004
115.739998
114.919998
114.449997
113.290001
113.389999
113.07
116.870003
117.389999
119.919998
119.690002
117.760002
119.800003
120.489998
117.309998
117.220001
119.610001
121.720001
121.230003
119.220001
118.809998
119.989998
121.010002
120.620003
120.540001
120.440002
120.760002
120.330002
121.629997
124.459999
124.239998
119.040001
118.82
117.540001
117.449997
121.690002
121.660004
122.190002
123.550003
120.919998
118.800003
118.519997
115.540001
116.190002
115.290001
113.879997
117.190002
115.739998
118.209999
118.540001
119.120003
119.0
121.669998
123.660004
123.389999
124.529999
124.800003
125.010002
125.0
127.769997
127.389999
127.220001
124.879997
121.120003
120.709999
121.739998
122.400002
121.279999
123.059998
124.209999
121.989998
123.769997
120.860001
123.089996
123.18
125.339996
129.229996
128.919998
126.669998
124.220001
124.480003
123.510002
122.519997
122.790001
124.400002
123.949997
124.790001
125.449997
125.209999
125.25
125.800003
124.699997
123.879997
125.230003
125.080002
122.82
123.019997
124.050003
125.230003
125.449997
123.830002
121.690002
121.660004
125.089996
126.580002
126.550003
123.480003
121.75
121.059998
120.18
121.209999
120.879997
119.279999
120.379997
123.580002
122.459999
121.230003
121.089996
123.150002
123.059998
125.410004
127.529999
126.75
130.210007
129.320007
128.970001
128.699997
127.220001
132.509995
131.929993
134.979996
134.770004
133.279999
133.550003
133.309998
129.660004
125.370003
127.660004
128.520004
122.449997
124.470001
129.270004
129.029999
130.529999
131.710007
131.679993
131.559998
130.550003
129.600006
130.199997
130.399994
128.860001
126.599998
123.970001
122.629997
121.360001
123.800003
123.529999
124.779999
126.620003
125.260002
125.949997
125.629997
124.650002
124.75
124.419998
124.860001
123.370003
120.18
117.040001
119.919998
118.300003
116.529999
117.739998
116.260002
115.650002
116.849998
117.82
114.830002
115.129997
112.919998
113.160004
114.730003
113.739998
115.709999
116.959999
118.300003
117.980003
increase
