234.949997
233.729996
239.380005
251.919998
256.910004
253.910004
251.710007
250.330002
247.990005
248.679993
248.380005
246.419998
246.190002
243.059998
244.0
244.419998
243.949997
244.699997
244.539993
241.649994
243.850006
243.940002
243.970001
246.270004
247.600006
249.009995
248.660004
248.270004
254.649994
255.600006
255.529999
254.080002
252.080002
252.429993
253.169998
255.570007
258.119995
255.259995
252.380005
252.089996
255.589996
257.320007
254.860001
256.579987
256.73999
253.979996
254.149994
253.410004
255.070007
255.160004
254.589996
263.950012
262.75
261.320007
263.209991
265.579987
262.23999
262.720001
263.829987
263.75
264.859985
267.329987
269.040009
269.109985
270.119995
271.119995
266.730011
260.019989
259.529999
259.859985
262.390015
263.98999
265.339996
266.059998
265.670013
265.589996
266.190002
268.720001
269.299988
265.070007
268.940002
267.410004
266.910004
262.5
263.019989
262.470001
263.679993
262.790009
257.609985
260.23999
252.889999
252.490005
251.75
252.479996
248.380005
231.190002
227.380005
211.940002
222.479996
231.960007
233.25
233.320007
229.289993
231.660004
226.669998
225.880005
224.820007
227.300003
226.259995
223.940002
220.270004
221.080002
222.880005
228.389999
229.279999
229.320007
227.699997
226.75
225.009995
226.020004
224.770004
222.509995
226.809998
240.509995
238.119995
236.399994
235.0
237.25
236.669998
235.850006
234.279999
232.940002
234.949997
236.949997
239.119995
237.449997
234.789993
227.440002
227.839996
228.460007
227.029999
228.360001
230.789993
231.139999
228.550003
226.130005
229.270004
225.470001
226.320007
223.839996
222.25
219.240005
217.669998
223.070007
225.009995
222.740005
219.600006
218.059998
213.559998
212.149994
211.059998
210.360001
212.279999
217.470001
219.820007
216.919998
217.699997
222.110001
219.220001
218.880005
216.509995
218.440002
218.949997
219.729996
219.979996
222.570007
221.259995
216.470001
219.770004
221.770004
222.350006
218.75
216.949997
219.970001
222.809998
224.199997
222.75
226.0
223.240005
224.600006
230.5
231.639999
231.960007
230.929993
229.25
228.820007
227.449997
229.800003
230.139999
229.610001
225.429993
242.320007
246.699997
241.059998
239.770004
239.479996
238.179993
242.589996
242.389999
243.259995
243.259995
239.940002
239.399994
242.940002
241.630005
243.179993
240.240005
238.380005
239.0
254.350006
254.699997
255.570007
257.309998
262.619995
261.390015
261.769989
260.369995
259.369995
261.399994
262.670013
260.26001
259.589996
253.289993
248.630005
252.449997
250.699997
258.329987
256.820007
254.419998
257.040009
258.269989
256.390015
254.25
257.839996
256.200012
260.0
250.649994
249.190002
250.919998
247.429993
243.869995
242.350006
increase
