68.440002
67.470001
65.239998
65.160004
64.07
63.880001
63.18
63.509998
64.239998
63.110001
62.549999
62.669998
61.490002
61.529999
62.93
62.240002
60.720001
60.959999
58.959999
60.240002
60.240002
60.630001
60.759998
60.759998
61.970001
62.48
62.0
60.689999
60.860001
60.939999
60.91
60.200001
61.16
62.16
61.810001
62.369999
63.860001
63.889999
63.490002
64.059998
61.450001
60.23
59.759998
59.970001
60.279999
61.07
62.450001
62.310001
63.150002
62.98
62.639999
63.810001
62.650002
61.709999
62.380001
61.439999
61.400002
62.16
62.450001
63.549999
63.959999
63.580002
64.480003
64.5
64.230003
64.309998
64.889999
65.669998
67.190002
66.160004
66.220001
67.300003
66.099998
66.129997
66.730003
66.739998
66.540001
66.860001
66.410004
65.110001
65.919998
65.059998
65.519997
65.330002
64.68
65.529999
65.290001
65.769997
65.260002
65.75
64.339996
63.380001
63.630001
64.32
64.68
64.519997
64.720001
64.800003
64.18
65.0
63.919998
63.639999
65.470001
65.0
63.950001
63.470001
62.610001
62.419998
62.119999
62.720001
63.09
61.860001
62.139999
62.040001
62.099998
62.380001
62.869999
63.099998
62.299999
62.630001
63.57
63.91
64.040001
64.669998
64.230003
65.059998
64.760002
64.379997
63.650002
63.740002
63.360001
62.93
62.380001
62.52
62.240002
61.549999
62.119999
65.279999
64.099998
64.239998
65.260002
65.760002
66.32
66.449997
67.209999
66.910004
66.870003
67.260002
67.400002
67.190002
67.809998
67.669998
67.809998
67.419998
67.989998
68.0
67.809998
68.059998
68.599998
67.790001
67.339996
67.449997
67.580002
67.68
68.589996
68.760002
69.199997
70.0
70.370003
69.0
68.010002
67.699997
68.089996
68.690002
69.019997
69.419998
69.18
69.540001
69.050003
66.790001
66.769997
67.32
65.900002
65.339996
64.370003
64.059998
63.66
64.209999
63.639999
63.77
64.309998
64.589996
64.300003
64.120003
63.16
62.57
61.830002
62.91
60.689999
60.119999
58.290001
57.790001
57.529999
55.580002
56.700001
57.27
57.540001
57.66
57.84
58.040001
58.060001
56.740002
58.279999
59.009998
59.330002
57.91
58.110001
58.330002
58.93
58.720001
58.950001
58.849998
58.959999
59.099998
59.119999
59.200001
58.82
58.259998
58.27
57.32
56.959999
56.509998
56.639999
55.849998
56.619999
57.09
59.02
58.98
57.700001
58.610001
59.400002
59.669998
58.700001
58.580002
58.98
58.869999
58.189999
58.389999
58.529999
58.580002
58.240002
57.099998
decrease
