376.399994
370.119995
371.929993
372.320007
371.390015
366.619995
388.48999
396.170013
402.040009
407.029999
434.309998
429.0
423.380005
427.179993
431.570007
440.429993
442.049988
450.410004
454.75
446.720001
457.329987
450.01001
460.98999
461.369995
458.23999
455.700012
455.170013
448.670013
459.059998
466.019989
480.429993
480.26001
477.730011
482.0
485.899994
475.790009
476.230011
473.670013
476.839996
469.5
459.910004
471.670013
495.329987
522.02002
526.530029
517.330017
515.909973
502.119995
513.190002
509.929993
491.140015
487.730011
497.0
490.190002
496.5
499.910004
492.0
496.98999
505.049988
504.899994
498.109985
497.630005
506.790009
521.130005
515.919983
521.219971
513.450012
515.630005
508.410004
508.709991
491.619995
472.0
476.820007
467.109985
468.76001
470.100006
469.679993
474.089996
460.079987
466.589996
474.540009
472.570007
468.540009
464.019989
467.980011
469.73999
478.649994
477.149994
485.26001
477.799988
479.220001
479.029999
487.119995
496.899994
504.0
494.359985
500.220001
471.920013
471.48999
445.109985
444.480011
437.73999
441.26001
433.450012
434.640015
431.380005
438.170013
433.450012
432.720001
438.149994
434.970001
435.429993
435.109985
447.119995
462.23999
455.630005
456.049988
463.399994
469.950012
469.559998
461.130005
452.970001
447.149994
442.959991
445.679993
442.559998
439.369995
440.940002
432.980011
432.76001
426.51001
421.929993
416.040009
409.220001
406.519989
402.619995
397.0
397.450012
408.410004
406.630005
404.390015
415.170013
406.209991
404.540009
393.619995
384.799988
386.299988
394.690002
391.589996
385.220001
384.440002
387.540009
384.850006
374.529999
366.0
358.630005
361.859985
373.470001
378.369995
372.339996
375.130005
373.609985
380.779999
381.320007
381.720001
386.670013
383.119995
388.950012
383.390015
385.720001
382.890015
384.140015
381.0
387.429993
384.089996
382.820007
375.959991
382.600006
393.779999
382.950012
385.100006
372.519989
368.649994
366.459991
368.26001
366.959991
370.209991
374.070007
371.279999
371.529999
375.859985
381.709991
383.320007
391.839996
374.359985
382.880005
379.769989
366.649994
345.790009
347.859985
331.980011
338.799988
334.609985
322.619995
336.380005
342.670013
324.570007
330.690002
333.179993
332.149994
323.040009
317.51001
315.820007
323.859985
324.890015
320.970001
320.440002
321.779999
330.470001
333.910004
333.480011
334.410004
340.779999
341.700012
344.549988
337.75
341.420013
334.929993
343.299988
339.079987
333.859985
334.869995
327.690002
321.290009
330.709991
329.23999
338.480011
344.359985
330.559998
332.200012
337.350006
328.589996
319.609985
319.700012
328.040009
322.779999
325.079987
321.559998
318.200012
322.630005
321.390015
315.829987
decrease
