13.64
13.47
13.81
13.86
14.02
13.79
13.75
13.87
13.84
14.12
14.27
14.28
14.35
14.21
14.35
14.18
14.13
14.34
14.54
13.97
14.01
14.09
14.07
14.47
14.27
14.28
14.13
13.97
13.84
13.79
13.54
13.53
13.5
13.59
14.03
14.4
14.36
14.42
14.5
14.4
14.36
14.5
14.27
13.96
13.84
13.57
13.75
14.0
14.09
14.66
14.64
14.88
14.85
14.71
14.69
14.75
14.75
14.63
14.82
14.68
14.7
14.54
14.47
14.31
14.23
14.4
14.56
14.45
14.39
14.5
14.6
14.69
14.83
14.9
14.94
14.87
14.86
14.68
14.3
14.07
14.41
14.48
14.34
13.99
14.06
14.04
14.24
14.31
14.45
14.45
14.29
14.16
14.24
14.11
14.23
13.64
13.62
13.17
13.26
13.52
13.7
13.74
13.69
13.75
14.02
14.15
14.31
14.43
14.42
14.48
14.71
15.05
15.04
15.23
15.23
15.17
15.09
15.27
15.21
15.01
15.16
15.04
14.91
14.83
14.96
14.78
14.9
14.97
15.22
15.12
15.44
15.57
15.81
15.72
15.6
15.48
15.56
15.71
15.81
15.88
15.47
15.36
15.28
15.17
15.44
15.69
15.8
15.7
15.8
15.86
15.66
15.56
15.57
15.52
16.0
16.57
16.59
16.65
16.950001
16.870001
16.780001
16.969999
17.08
16.98
17.309999
17.08
16.91
17.120001
17.33
17.299999
17.25
17.49
17.469999
17.35
17.299999
17.379999
17.280001
17.370001
17.4
17.540001
17.49
17.469999
17.780001
18.08
18.200001
18.280001
18.16
18.360001
18.15
18.67
19.16
19.360001
19.43
19.139999
19.379999
19.26
19.15
19.23
19.540001
19.25
18.459999
18.67
18.959999
17.9
18.27
18.469999
18.85
19.370001
19.48
19.450001
19.4
19.620001
19.309999
19.65
19.799999
19.620001
19.41
19.26
19.469999
19.719999
19.9
19.870001
19.76
20.110001
19.92
19.709999
19.4
19.370001
19.629999
19.549999
19.459999
19.530001
18.620001
18.01
18.799999
18.290001
18.280001
18.58
18.16
18.4
18.76
18.84
18.23
18.379999
18.6
18.42
18.98
18.51
18.469999
17.950001
17.91
18.15
increase
