45.91
47.18
47.639999
47.299999
47.07
46.630001
46.049999
46.439999
47.330002
46.84
46.810001
46.91
47.27
47.93
48.400002
47.52
47.259998
47.48
47.549999
45.560001
46.07
46.209999
46.52
46.23
45.82
46.139999
45.900002
46.040001
46.490002
47.470001
47.34
46.509998
46.290001
46.040001
46.66
47.25
47.009998
46.849998
47.860001
48.09
47.75
48.990002
48.360001
47.630001
47.43
47.459999
47.689999
47.529999
48.119999
47.77
47.93
48.709999
48.759998
47.970001
49.169998
49.389999
48.41
49.16
48.950001
49.049999
48.599998
48.330002
48.450001
48.66
48.419998
47.169998
47.799999
44.240002
43.82
44.82
45.25
45.119999
44.509998
44.490002
44.220001
43.869999
44.240002
43.93
43.419998
43.41
43.98
43.880001
43.84
43.240002
43.330002
43.560001
44.07
43.700001
43.720001
44.040001
44.099998
44.450001
44.25
45.299999
45.279999
44.619999
44.389999
44.849998
45.490002
45.860001
46.450001
46.349998
46.189999
46.470001
46.919998
47.450001
47.93
47.959999
48.599998
49.110001
49.099998
49.5
50.41
50.34
51.16
51.380001
51.459999
51.169998
51.139999
51.259998
51.369999
48.740002
48.900002
49.009998
49.049999
48.98
50.07
50.919998
51.650002
50.84
50.860001
51.59
53.259998
52.84
51.0
51.77
51.549999
51.849998
52.34
52.25
52.43
52.740002
52.549999
52.900002
53.529999
53.509998
53.43
54.900002
54.900002
54.900002
55.110001
54.59
54.689999
54.91
55.91
56.82
57.040001
56.080002
56.66
53.290001
53.080002
53.529999
54.68
54.560001
54.360001
54.349998
54.220001
55.259998
55.369999
55.400002
55.869999
55.869999
55.68
55.310001
55.43
56.029999
55.540001
55.91
55.810001
55.98
56.310001
56.77
56.630001
55.790001
56.59
56.360001
55.700001
57.119999
55.919998
57.02
57.450001
57.060001
57.43
57.34
58.540001
57.610001
57.400002
57.880001
58.529999
56.240002
54.41
56.009998
56.220001
52.259998
53.220001
53.599998
54.639999
56.119999
56.380001
56.200001
56.32
57.57
57.330002
57.849998
57.68
57.43
57.07
56.75
57.98
58.639999
59.549999
59.869999
59.66
60.509998
59.34
59.130001
58.450001
58.720001
59.439999
59.419998
59.630001
59.66
58.060001
55.759998
56.880001
56.41
56.830002
57.889999
57.48
58.919998
58.549999
59.23
57.150002
57.970001
59.290001
58.259998
58.919998
58.560001
59.27
59.700001
60.450001
60.549999
decrease
