87.419998
87.019997
87.440002
87.589996
87.709999
88.150002
88.080002
88.290001
88.18
87.230003
87.889999
88.610001
88.199997
88.580002
89.139999
88.550003
88.25
89.660004
89.639999
85.599998
85.519997
86.18
87.900002
87.629997
87.989998
88.769997
88.580002
89.419998
89.57
90.720001
91.540001
91.75
91.660004
91.93
91.949997
88.849998
88.720001
89.279999
88.919998
87.919998
87.849998
90.349998
89.959999
98.580002
98.879997
99.419998
98.190002
96.0
96.809998
95.510002
95.75
94.790001
95.540001
94.910004
96.550003
97.25
97.410004
98.839996
97.769997
98.419998
98.529999
98.610001
99.25
98.919998
98.940002
99.449997
99.919998
100.669998
98.919998
98.510002
98.870003
100.019997
98.349998
98.190002
98.360001
98.879997
98.07
97.699997
95.949997
98.339996
99.739998
99.989998
101.75
100.660004
100.43
102.650002
104.889999
104.0
104.650002
105.330002
105.589996
105.519997
106.160004
107.5
107.459999
106.809998
106.339996
107.040001
107.120003
107.620003
107.660004
107.830002
107.739998
107.300003
107.440002
107.139999
106.989998
106.839996
106.300003
105.760002
110.07
109.919998
109.589996
110.860001
112.18
111.93
112.739998
115.519997
117.059998
117.07
118.349998
119.370003
120.910004
121.099998
120.889999
121.120003
120.690002
121.599998
121.800003
122.129997
121.279999
120.220001
120.290001
120.769997
121.099998
120.830002
121.260002
120.989998
121.639999
121.080002
121.919998
123.919998
123.5
124.18
123.989998
124.489998
123.82
126.629997
125.949997
127.0
128.509995
126.589996
128.360001
128.199997
129.240005
124.489998
126.760002
125.260002
120.309998
120.870003
121.940002
123.800003
125.290001
126.620003
125.75
126.489998
126.129997
128.779999
129.440002
128.860001
122.0
123.129997
122.919998
120.610001
121.220001
121.129997
120.099998
121.040001
123.059998
123.980003
124.139999
125.209999
124.150002
124.510002
126.160004
125.949997
124.589996
126.599998
125.470001
125.940002
128.009995
128.149994
128.889999
130.899994
135.220001
132.949997
131.460007
131.380005
130.619995
128.009995
127.050003
128.679993
128.809998
124.650002
126.839996
129.320007
132.029999
134.190002
140.070007
142.710007
144.320007
143.419998
144.660004
146.619995
148.029999
147.440002
147.399994
145.440002
148.759995
149.830002
149.720001
153.309998
153.460007
155.479996
155.080002
153.949997
155.039993
154.429993
154.169998
152.110001
155.279999
154.550003
151.029999
147.899994
153.089996
154.419998
146.199997
149.509995
144.820007
147.259995
151.820007
151.070007
149.169998
151.330002
156.75
156.399994
159.199997
157.710007
160.529999
162.229996
161.669998
160.139999
decrease
