74.160004
73.209999
75.080002
75.190002
75.739998
74.900002
74.519997
74.949997
75.830002
76.449997
76.410004
76.0
75.629997
75.519997
75.510002
74.949997
74.410004
75.709999
76.800003
71.779999
72.199997
73.010002
73.169998
73.309998
72.849998
73.639999
73.68
73.0
72.269997
73.809998
73.330002
73.790001
73.589996
73.959999
76.080002
78.290001
78.730003
78.910004
78.940002
78.629997
78.470001
79.059998
78.150002
77.68
77.190002
76.620003
77.489998
78.639999
80.709999
80.5
80.220001
81.599998
81.529999
81.010002
81.389999
82.400002
81.769997
82.239998
82.529999
82.300003
82.769997
82.660004
82.769997
82.730003
82.720001
83.849998
84.989998
85.370003
82.730003
82.889999
83.190002
83.440002
82.800003
82.379997
82.900002
82.879997
82.879997
81.919998
79.849998
79.349998
80.220001
80.339996
79.919998
77.75
77.849998
77.720001
79.0
79.010002
78.790001
78.75
78.419998
77.540001
78.199997
78.32
78.959999
76.269997
76.150002
74.809998
75.32
77.089996
78.220001
78.459999
78.300003
79.769997
80.919998
81.169998
82.32
82.739998
82.910004
82.720001
82.949997
84.370003
84.57
84.330002
84.550003
85.790001
85.529999
86.010002
86.269997
86.07
86.480003
86.389999
86.330002
85.330002
85.639999
84.110001
85.309998
85.720001
86.629997
86.32
86.360001
85.730003
84.580002
85.489998
85.010002
84.779999
83.809998
86.019997
85.699997
85.32
84.029999
84.169998
83.610001
83.550003
83.370003
83.029999
82.790001
83.300003
83.779999
84.720001
85.150002
84.970001
84.949997
85.290001
87.040001
88.400002
88.300003
88.239998
90.110001
88.32
87.720001
88.459999
89.489998
89.040001
89.529999
87.860001
86.639999
88.239998
88.949997
88.669998
88.300003
90.349998
90.639999
89.910004
89.650002
89.830002
89.300003
88.860001
89.800003
90.540001
90.949997
91.690002
93.150002
94.400002
95.169998
96.790001
95.599998
96.25
95.400002
96.190002
96.559998
96.57
96.900002
95.849998
98.260002
96.989998
95.709999
96.389999
97.360001
94.330002
89.790001
91.419998
91.050003
86.059998
87.080002
89.010002
88.730003
91.019997
91.309998
92.559998
92.230003
91.220001
90.080002
91.470001
92.599998
93.699997
92.709999
92.019997
91.860001
93.610001
95.849998
96.0
96.260002
98.75
98.239998
97.25
95.82
95.419998
97.57
96.519997
96.449997
96.849998
91.599998
87.150002
89.559998
87.650002
87.760002
89.410004
86.330002
87.5
88.120003
88.370003
84.82
84.830002
86.690002
85.809998
87.129997
85.540001
86.550003
86.989998
86.580002
88.010002
decrease
