79.720001
78.919998
79.610001
80.57
81.18
82.419998
80.720001
79.309998
80.809998
79.870003
80.339996
82.110001
82.099998
84.050003
83.07
79.230003
76.400002
76.550003
73.940002
72.75
71.379997
69.290001
68.239998
67.699997
66.68
66.519997
66.110001
67.339996
67.800003
69.5
69.169998
69.160004
69.019997
69.129997
69.199997
70.150002
69.699997
70.029999
70.589996
71.57
72.080002
71.43
70.660004
70.910004
71.43
72.730003
72.889999
72.879997
72.849998
73.309998
73.800003
74.849998
73.099998
70.529999
72.300003
72.419998
71.75
71.25
71.879997
71.370003
72.82
72.139999
72.970001
73.760002
74.879997
73.040001
74.980003
74.660004
75.610001
75.239998
75.650002
75.730003
75.510002
76.050003
77.290001
78.150002
88.529999
87.050003
83.839996
83.779999
84.870003
84.959999
86.150002
85.5
84.32
84.900002
85.32
84.589996
85.949997
87.199997
87.230003
86.830002
86.949997
87.889999
89.32
89.5
90.550003
88.739998
90.790001
92.150002
91.400002
90.629997
90.82
90.870003
90.160004
91.029999
89.110001
88.480003
88.419998
88.5
88.730003
89.199997
88.860001
88.290001
88.980003
88.540001
89.480003
89.43
88.25
86.949997
87.220001
85.199997
85.260002
85.040001
86.050003
86.010002
85.330002
86.379997
90.370003
89.559998
90.669998
91.849998
91.260002
91.089996
91.809998
89.43
89.449997
91.730003
90.669998
88.029999
85.0
85.43
86.300003
86.629997
86.669998
87.199997
87.129997
88.410004
89.110001
89.559998
90.269997
91.940002
91.419998
92.370003
94.519997
94.650002
95.150002
95.599998
99.709999
95.790001
97.300003
99.970001
102.339996
101.190002
100.139999
96.220001
96.849998
96.110001
98.059998
97.330002
98.620003
100.919998
101.800003
103.389999
103.309998
102.610001
103.690002
104.879997
101.639999
103.519997
104.379997
104.959999
104.989998
104.980003
105.940002
106.790001
104.419998
106.050003
109.82
112.779999
114.889999
115.849998
117.739998
117.370003
118.870003
116.970001
116.089996
114.309998
111.5
109.800003
105.440002
106.730003
107.699997
101.32
103.489998
103.389999
104.540001
106.68
106.949997
105.589996
105.389999
106.669998
107.510002
108.529999
109.610001
107.900002
105.839996
105.120003
106.440002
107.419998
106.959999
106.970001
105.230003
105.839996
107.480003
107.32
107.779999
108.440002
109.150002
108.32
110.400002
109.470001
107.660004
107.080002
110.730003
109.589996
110.040001
111.800003
108.040001
109.839996
112.699997
114.389999
111.769997
112.470001
115.050003
114.360001
113.989998
111.150002
111.989998
113.410004
111.349998
110.089996
decrease
