69.620003
69.839996
70.739998
70.940002
71.75
72.849998
67.989998
68.919998
69.790001
68.949997
69.0
69.389999
68.550003
67.459999
68.199997
67.93
68.360001
68.889999
68.480003
67.660004
67.5
68.400002
69.510002
69.599998
69.93
70.050003
70.07
70.0
71.099998
71.900002
71.959999
72.75
72.550003
73.32
73.269997
73.480003
73.040001
75.160004
75.349998
76.169998
77.099998
78.910004
78.470001
78.389999
77.629997
78.440002
77.690002
77.019997
77.169998
77.089996
77.870003
77.790001
77.080002
76.040001
76.82
76.82
76.43
77.099998
77.120003
77.589996
77.620003
77.519997
78.059998
78.029999
77.0
77.190002
77.68
77.660004
77.459999
77.389999
77.120003
77.480003
72.510002
73.449997
75.089996
75.050003
74.400002
74.120003
72.620003
72.559998
73.620003
72.440002
72.699997
72.790001
73.07
73.440002
74.550003
73.910004
73.900002
74.199997
75.540001
74.949997
75.580002
77.580002
77.589996
76.599998
77.660004
78.82
79.839996
81.379997
80.879997
79.610001
80.550003
79.230003
79.529999
79.449997
79.599998
77.32
77.379997
77.199997
76.300003
76.160004
76.110001
76.959999
77.410004
76.529999
77.269997
77.300003
77.25
76.139999
76.209999
76.550003
77.589996
77.629997
77.730003
78.419998
78.870003
78.790001
79.0
79.82
79.050003
78.400002
78.610001
84.419998
82.989998
84.18
85.769997
82.860001
83.120003
83.239998
82.489998
82.190002
82.720001
83.059998
84.0
84.220001
84.25
84.980003
84.629997
84.709999
85.660004
85.269997
85.110001
84.68
85.190002
85.25
85.400002
84.25
83.57
84.349998
85.18
85.769997
86.370003
86.440002
85.839996
85.010002
83.93
85.290001
85.699997
86.120003
85.57
84.980003
85.110001
85.589996
85.760002
86.260002
84.690002
85.529999
86.419998
86.540001
87.690002
88.190002
88.0
87.099998
87.040001
87.779999
87.860001
88.730003
88.790001
88.68
87.510002
100.349998
100.220001
101.620003
102.800003
102.82
100.669998
100.790001
99.650002
96.970001
93.330002
95.050003
92.589996
89.260002
91.050003
91.730003
91.519997
93.470001
94.190002
93.809998
92.830002
93.199997
93.779999
95.419998
96.400002
95.5
95.269997
93.959999
94.919998
95.440002
96.18
96.650002
97.610001
99.68
99.540001
98.889999
98.589996
98.110001
98.190002
97.75
98.18
98.330002
96.480003
95.470001
98.269997
97.279999
96.25
98.470001
95.800003
96.919998
95.839996
95.209999
93.620003
94.650002
96.660004
96.440002
98.5
98.849998
99.699997
100.720001
101.169998
100.370003
decrease
