153.820007
153.589996
156.949997
160.139999
159.960007
159.270004
157.350006
156.5
155.970001
154.539993
154.899994
156.389999
156.130005
157.130005
157.639999
156.869995
155.699997
158.020004
157.5
153.740005
154.220001
157.360001
158.449997
158.589996
158.009995
159.259995
159.279999
159.380005
158.720001
161.070007
162.389999
162.160004
159.740005
157.520004
160.050003
162.130005
161.300003
161.009995
159.860001
161.600006
164.089996
164.059998
162.149994
160.119995
160.529999
162.190002
161.360001
159.369995
160.529999
158.820007
161.960007
162.839996
163.490005
162.789993
164.429993
164.690002
164.160004
165.729996
165.679993
167.339996
166.300003
165.490005
167.339996
166.830002
165.080002
163.960007
163.100006
162.779999
164.970001
164.470001
165.029999
163.570007
165.220001
165.529999
164.899994
165.820007
165.600006
165.639999
162.210007
161.660004
163.960007
164.119995
164.029999
161.259995
161.380005
160.460007
163.169998
160.009995
160.130005
159.610001
159.570007
160.380005
162.619995
164.059998
164.360001
163.410004
162.320007
162.559998
164.009995
168.839996
169.119995
169.889999
172.149994
173.729996
175.160004
177.130005
177.580002
177.330002
177.550003
177.669998
176.979996
177.330002
177.270004
178.210007
180.699997
180.800003
182.350006
182.509995
182.309998
183.270004
182.740005
183.75
184.5
185.880005
186.410004
186.270004
184.970001
186.440002
188.5
187.669998
188.679993
187.070007
188.029999
188.779999
187.0
200.820007
195.160004
199.220001
198.380005
196.830002
200.830002
193.779999
189.809998
192.610001
192.539993
191.580002
188.729996
193.610001
194.360001
194.229996
193.020004
191.020004
191.479996
191.039993
197.130005
190.130005
193.080002
190.460007
190.779999
187.679993
190.589996
192.259995
192.860001
191.470001
190.75
191.460007
189.449997
190.929993
192.830002
193.839996
193.070007
194.139999
194.570007
194.529999
195.990005
197.529999
196.350006
197.660004
200.550003
199.660004
199.970001
202.009995
202.75
202.130005
206.139999
207.919998
205.020004
206.559998
205.050003
203.509995
203.929993
204.690002
200.470001
199.710007
203.009995
199.779999
199.779999
197.289993
199.190002
194.020004
184.559998
188.570007
188.779999
178.729996
183.039993
186.300003
184.440002
187.089996
187.580002
185.559998
184.669998
183.949997
185.289993
185.470001
188.369995
184.600006
180.800003
176.169998
178.619995
181.110001
181.5
182.100006
183.850006
189.130005
187.899994
185.419998
183.410004
181.759995
183.979996
182.009995
182.259995
181.380005
175.960007
171.009995
177.050003
173.210007
174.699997
174.199997
168.970001
172.770004
173.339996
174.929993
168.960007
169.289993
172.039993
171.860001
173.970001
172.880005
173.580002
174.539993
177.119995
174.5
decrease
