208.839996
209.75
213.729996
216.360001
215.389999
217.630005
218.699997
216.779999
217.229996
216.75
218.220001
220.899994
220.889999
221.899994
222.619995
222.789993
221.479996
222.399994
224.190002
219.710007
219.350006
221.570007
223.460007
224.809998
225.179993
226.75
227.080002
227.699997
227.199997
229.669998
231.199997
230.360001
228.360001
228.880005
228.449997
228.839996
227.139999
228.429993
228.839996
230.729996
232.199997
235.25
232.949997
232.669998
232.410004
231.509995
232.589996
230.119995
232.300003
229.910004
231.529999
232.339996
235.270004
233.149994
234.449997
234.740005
235.270004
237.660004
236.399994
235.809998
236.539993
233.949997
236.059998
234.850006
234.770004
235.020004
233.419998
233.759995
231.960007
232.339996
232.460007
236.470001
235.759995
236.389999
236.660004
236.460007
235.979996
234.509995
229.160004
229.539993
233.960007
233.330002
233.100006
229.300003
228.199997
227.789993
232.5
231.039993
229.029999
230.759995
230.0
229.470001
231.630005
230.660004
230.089996
229.009995
229.589996
229.960007
234.380005
236.820007
237.369995
235.580002
236.410004
237.830002
237.809998
238.600006
246.220001
246.559998
246.160004
244.259995
243.410004
241.029999
241.710007
243.399994
247.800003
249.860001
249.660004
251.020004
251.990005
251.259995
251.759995
249.910004
252.050003
250.100006
251.770004
250.699997
250.229996
251.960007
254.820007
253.740005
254.830002
255.160004
257.519989
257.570007
257.049988
258.170013
258.209991
256.679993
258.059998
258.200012
260.350006
259.26001
257.829987
258.200012
256.040009
256.600006
255.389999
256.5
256.339996
258.109985
260.480011
260.579987
260.359985
260.630005
265.040009
262.23999
267.209991
260.600006
261.869995
258.200012
258.910004
260.480011
260.579987
256.459991
255.419998
255.899994
252.380005
252.619995
261.320007
259.140015
258.980011
258.380005
259.529999
260.720001
260.609985
260.600006
259.0
260.559998
262.079987
264.859985
267.019989
268.140015
270.320007
268.769989
272.5
275.279999
274.880005
276.589996
276.420013
275.690002
276.070007
276.630005
276.51001
279.079987
284.140015
281.299988
279.630005
280.589996
281.25
285.200012
266.75
268.790009
266.190002
259.399994
261.529999
270.119995
270.470001
271.089996
275.75
276.309998
276.73999
278.429993
279.600006
281.140015
285.329987
280.329987
275.089996
267.48999
268.01001
272.529999
273.73999
279.390015
279.690002
285.040009
282.829987
281.660004
279.850006
282.859985
286.670013
283.839996
288.970001
289.859985
280.859985
274.790009
282.519989
277.410004
276.48999
280.690002
274.579987
276.640015
276.839996
275.559998
267.839996
268.079987
273.140015
270.019989
274.390015
273.109985
274.339996
276.75
279.660004
279.980011
increase
