64.660004
64.900002
65.059998
64.75
65.050003
65.540001
65.0
64.080002
64.720001
65.139999
64.57
64.699997
64.629997
65.220001
66.050003
65.230003
63.490002
62.349998
61.5
61.52
61.07
62.200001
62.450001
62.02
61.950001
63.0
63.52
63.43
63.919998
63.68
63.740002
63.32
61.84
62.110001
61.32
61.959999
61.860001
62.09
61.099998
60.91
60.080002
60.650002
57.720001
56.900002
55.970001
56.290001
56.700001
56.529999
57.779999
57.299999
57.73
58.23
57.389999
56.279999
56.139999
54.799999
54.34
54.130001
54.419998
54.759998
54.73
54.330002
54.419998
54.650002
54.310001
53.07
54.029999
53.959999
55.119999
54.869999
55.32
55.599998
55.650002
54.869999
55.860001
55.400002
55.919998
56.040001
54.799999
55.560001
54.77
53.029999
54.369999
53.330002
59.02
58.560001
59.189999
58.919998
58.330002
59.380001
59.02
58.689999
58.43
58.450001
58.919998
58.990002
59.150002
58.549999
58.52
59.27
60.669998
61.41
60.599998
60.709999
60.810001
61.150002
60.919998
60.91
60.889999
62.860001
63.790001
64.839996
64.800003
64.57
64.690002
64.910004
65.230003
65.529999
65.989998
65.290001
64.839996
64.550003
63.279999
63.119999
62.91
63.240002
63.32
63.389999
64.230003
64.309998
64.339996
63.84
64.269997
63.82
63.419998
63.490002
63.48
64.360001
64.129997
64.139999
64.790001
63.869999
64.57
65.760002
64.910004
64.470001
64.610001
65.690002
72.25
72.739998
72.669998
72.300003
71.32
71.330002
72.809998
75.949997
76.029999
75.730003
78.010002
77.019997
76.790001
76.699997
76.889999
76.760002
76.410004
76.970001
75.510002
75.959999
77.559998
78.540001
79.610001
80.139999
80.440002
80.959999
80.730003
80.610001
80.25
80.5
80.449997
80.910004
81.970001
81.220001
80.510002
80.68
82.559998
83.580002
80.870003
81.300003
81.650002
83.760002
84.480003
84.580002
84.589996
84.389999
85.459999
84.57
83.389999
82.389999
82.0
79.080002
76.900002
78.330002
77.989998
75.059998
77.32
77.349998
77.82
78.93
80.610001
80.169998
77.980003
77.879997
78.5
78.870003
79.949997
77.540001
78.089996
77.949997
78.419998
77.980003
80.510002
75.400002
75.220001
77.010002
76.43
77.0
77.18
76.82
76.75
77.040001
77.309998
77.410004
75.040001
74.839996
77.32
76.919998
76.160004
77.980003
75.769997
76.199997
78.629997
79.769997
77.449997
76.940002
78.120003
77.300003
78.150002
76.169998
77.589996
78.769997
78.889999
78.75
decrease
