27.610001
27.469999
27.23
27.559999
27.610001
27.35
26.49
26.530001
26.530001
26.02
25.469999
26.219999
25.82
25.129999
25.49
25.440001
25.610001
25.32
25.16
25.01
24.74
25.549999
25.309999
25.09
24.139999
23.790001
24.200001
23.4
23.059999
23.139999
22.24
21.940001
22.530001
22.290001
22.190001
23.17
23.18
23.940001
23.18
23.1
23.379999
22.190001
22.1
21.219999
21.43
22.26
22.91
22.65
22.85
23.59
23.17
23.49
22.17
21.690001
21.33
21.77
22.139999
21.780001
22.23
22.309999
22.49
22.139999
22.58
21.639999
21.01
20.42
21.82
21.860001
22.219999
21.870001
21.110001
20.299999
17.9
17.780001
17.879999
17.35
16.969999
16.83
16.92
16.809999
16.92
17.610001
17.530001
17.459999
17.940001
17.6
17.959999
18.379999
18.6
18.17
17.59
17.4
17.360001
17.360001
17.85
17.950001
18.32
17.91
16.58
16.969999
17.92
18.25
18.780001
18.540001
19.139999
19.040001
19.26
18.799999
18.92
19.23
19.780001
20.41
19.719999
19.57
20.42
20.0
20.209999
20.58
19.99
19.73
19.610001
19.93
19.799999
19.440001
19.51
19.450001
19.0
19.0
18.860001
18.450001
18.59
18.08
17.719999
18.059999
17.950001
18.110001
18.43
17.870001
18.129999
19.18
18.969999
18.620001
18.9
19.23
18.58
17.35
17.08
17.200001
18.030001
17.299999
17.18
17.690001
17.370001
17.65
17.98
18.0
18.02
18.5
17.870001
17.280001
16.5
15.95
16.08
16.700001
16.35
16.24
15.99
15.63
15.91
15.7
15.81
16.5
16.459999
16.99
16.959999
17.610001
17.059999
17.92
17.809999
17.4
16.76
16.85
17.059999
16.780001
17.27
17.58
16.780001
16.780001
16.469999
16.08
16.549999
17.33
17.0
15.32
15.3
15.09
14.63
14.25
13.93
13.55
13.1
13.79
13.12
12.82
12.71
13.05
12.73
13.14
13.63
13.28
13.08
12.92
13.0
13.45
13.55
13.16
13.29
13.77
14.65
15.11
15.22
15.26
15.06
15.74
15.6
15.59
15.04
14.74
15.11
14.66
14.31
15.4
15.13
14.65
15.12
14.3
14.34
14.54
13.74
13.95
13.78
14.52
13.97
13.93
14.78
14.99
14.67
14.64
14.5
14.16
14.53
14.24
decrease
