63.009998
63.380001
64.019997
63.889999
63.23
63.34
62.990002
63.299999
63.330002
63.0
63.099998
63.23
63.169998
63.009998
63.610001
63.34
62.68
62.889999
62.18
61.25
61.669998
61.380001
61.889999
62.360001
62.41
62.84
63.07
62.880001
63.610001
64.43
64.68
64.199997
64.0
64.110001
63.700001
63.939999
64.169998
64.379997
64.150002
64.860001
64.809998
65.110001
64.57
64.080002
63.889999
64.040001
64.059998
63.98
64.230003
63.23
63.73
63.790001
63.970001
63.580002
64.089996
64.339996
64.239998
64.43
64.309998
64.449997
64.639999
64.830002
64.730003
64.779999
64.900002
64.510002
64.980003
64.800003
65.400002
64.300003
64.220001
64.580002
64.559998
64.790001
64.730003
64.699997
64.440002
64.379997
64.080002
63.98
64.599998
64.559998
64.650002
64.129997
63.889999
64.150002
64.849998
64.370003
64.160004
64.370003
64.389999
64.879997
65.080002
65.239998
65.190002
64.629997
64.470001
64.610001
65.459999
66.279999
66.730003
66.330002
66.839996
66.889999
66.940002
66.860001
66.589996
66.150002
66.260002
66.540001
66.419998
66.589996
66.349998
66.059998
66.57
66.550003
63.310001
63.700001
63.18
63.619999
63.380001
63.32
63.669998
63.330002
62.759998
62.990002
63.029999
63.650002
64.190002
64.139999
63.91
63.77
65.370003
65.379997
65.5
65.07
64.550003
64.800003
63.900002
63.549999
64.139999
63.880001
63.77
63.450001
63.91
63.919998
63.139999
63.240002
62.439999
62.66
63.0
62.349998
62.330002
62.650002
63.5
64.309998
64.940002
64.220001
65.029999
65.080002
65.279999
65.239998
65.139999
65.25
64.800003
65.139999
64.849998
66.089996
66.440002
65.5
66.279999
66.760002
66.93
66.769997
66.93
67.410004
67.610001
66.580002
66.900002
68.440002
68.260002
68.169998
67.980003
67.529999
68.260002
68.379997
68.089996
68.25
67.910004
68.199997
68.279999
68.279999
68.129997
68.5
69.300003
68.440002
68.269997
68.800003
68.790001
68.239998
64.940002
64.559998
64.599998
62.720001
61.959999
62.619999
63.279999
64.519997
64.220001
65.139999
64.860001
64.940002
65.440002
66.400002
66.989998
67.050003
67.18
66.699997
66.540001
67.93
68.080002
67.870003
68.199997
68.900002
68.849998
69.0
68.449997
68.57
68.760002
68.610001
68.580002
68.0
66.599998
65.440002
66.620003
65.940002
65.849998
66.230003
65.839996
67.129997
67.760002
68.120003
66.849998
66.870003
67.550003
65.540001
65.650002
65.519997
65.620003
65.949997
65.959999
65.889999
decrease
