154.0
154.039993
156.029999
156.009995
155.270004
156.259995
155.210007
154.080002
156.160004
156.880005
157.880005
159.410004
159.619995
160.059998
159.199997
158.929993
158.5
160.089996
159.759995
157.300003
157.889999
160.279999
161.190002
161.479996
162.139999
163.110001
163.300003
162.839996
164.009995
163.229996
163.279999
161.389999
159.789993
160.699997
160.470001
160.940002
160.350006
161.380005
162.460007
162.600006
162.559998
164.259995
163.869995
163.490005
161.059998
162.360001
162.059998
161.160004
162.550003
160.429993
161.479996
162.570007
164.809998
163.559998
165.869995
166.039993
166.550003
166.979996
166.130005
167.029999
167.009995
167.960007
168.979996
168.779999
169.369995
169.460007
169.589996
168.880005
169.529999
172.020004
171.770004
171.470001
173.789993
174.139999
173.869995
173.509995
174.800003
179.300003
177.619995
179.350006
180.339996
178.220001
178.080002
177.25
176.899994
176.740005
179.220001
178.190002
177.990005
178.029999
178.240005
182.110001
182.149994
182.009995
181.380005
183.080002
180.25
181.300003
181.690002
182.720001
182.5
180.490005
181.339996
182.5
183.309998
183.25
184.800003
185.039993
184.690002
183.759995
184.669998
184.550003
184.020004
186.580002
187.649994
188.309998
187.550003
187.179993
187.729996
188.0
187.690002
187.220001
188.910004
187.889999
188.710007
188.649994
187.229996
186.949997
188.899994
189.070007
189.100006
189.190002
181.860001
180.279999
179.580002
180.199997
180.259995
184.020004
184.710007
184.460007
186.800003
187.830002
184.940002
184.809998
184.460007
183.940002
182.850006
184.270004
182.850006
183.880005
186.589996
185.460007
186.059998
186.850006
188.75
188.580002
191.149994
186.889999
185.539993
183.850006
185.199997
186.139999
188.070007
187.080002
186.889999
188.649994
188.779999
191.380005
188.729996
187.429993
186.669998
186.839996
187.309998
187.460007
187.910004
188.919998
187.850006
186.279999
188.300003
190.089996
190.229996
192.360001
193.699997
193.479996
193.350006
197.460007
195.729996
196.990005
195.710007
196.679993
196.369995
196.229996
198.089996
202.839996
208.910004
211.220001
209.179993
208.940002
210.850006
206.800003
198.360001
201.130005
204.320007
198.740005
204.520004
207.520004
209.529999
212.580002
218.179993
217.729996
216.539993
215.800003
215.360001
218.240005
219.860001
219.190002
217.509995
211.360001
214.779999
215.0
213.240005
214.360001
214.089996
214.809998
210.039993
210.619995
208.309998
208.580002
210.080002
210.75
213.050003
213.479996
209.110001
214.570007
218.729996
215.110001
211.059998
215.820007
211.970001
214.050003
217.0
219.389999
215.910004
217.220001
218.110001
218.389999
220.940002
222.009995
225.089996
227.110001
227.059998
228.059998
decrease
