124.279999
123.779999
123.459999
124.019997
123.650002
125.330002
126.489998
127.25
128.979996
127.839996
128.190002
129.619995
131.419998
129.75
129.190002
127.720001
127.529999
130.410004
130.770004
134.080002
132.0
132.800003
133.830002
134.309998
134.070007
135.550003
136.020004
137.979996
138.179993
138.25
138.690002
137.929993
136.990005
135.899994
134.270004
134.300003
132.419998
132.050003
132.910004
132.220001
133.050003
132.960007
131.559998
131.080002
131.240005
131.910004
132.800003
135.740005
134.350006
134.520004
134.899994
134.279999
134.410004
134.360001
136.679993
134.490005
133.600006
136.25
135.910004
136.490005
136.0
137.490005
138.460007
135.809998
136.600006
136.179993
135.449997
135.570007
136.0
137.639999
137.550003
137.429993
138.0
138.360001
139.960007
139.520004
138.220001
139.029999
139.020004
138.270004
140.490005
141.300003
143.720001
142.210007
142.899994
144.059998
145.589996
146.229996
148.080002
152.100006
152.360001
152.0
153.039993
153.550003
150.899994
151.160004
150.5
150.649994
149.449997
150.130005
149.740005
149.149994
148.770004
149.990005
150.529999
145.419998
146.080002
145.009995
142.619995
141.460007
142.410004
142.979996
143.759995
144.050003
142.869995
143.770004
147.210007
146.869995
147.320007
147.729996
148.419998
151.350006
152.220001
150.940002
149.110001
148.460007
147.399994
148.0
147.889999
147.990005
148.229996
146.479996
146.550003
146.720001
150.169998
157.179993
152.580002
156.100006
154.529999
164.419998
165.649994
169.5
169.509995
168.949997
165.199997
165.529999
165.300003
164.669998
165.210007
165.679993
167.830002
166.979996
169.720001
172.350006
172.089996
169.759995
169.75
169.160004
162.199997
163.869995
166.399994
166.679993
165.190002
166.610001
165.669998
165.429993
165.800003
163.679993
161.789993
157.990005
157.979996
157.839996
160.220001
159.820007
161.259995
163.0
163.360001
160.630005
162.639999
161.75
162.869995
162.889999
163.550003
160.889999
157.5
155.940002
159.850006
161.470001
161.649994
165.789993
167.649994
168.25
168.949997
170.289993
172.279999
169.520004
169.710007
174.5
174.729996
173.210007
168.270004
166.0
166.509995
159.850006
159.729996
159.630005
161.419998
162.559998
167.100006
169.119995
169.720001
169.5
171.119995
172.929993
172.729996
163.199997
157.270004
154.960007
152.910004
156.679993
156.5
158.770004
164.210007
166.490005
168.910004
170.339996
170.229996
169.800003
168.690002
168.960007
169.330002
167.089996
169.410004
168.869995
173.429993
170.100006
170.460007
170.919998
169.119995
168.669998
170.339996
171.690002
169.729996
171.580002
163.070007
164.389999
164.449997
164.539993
166.149994
167.770004
167.839996
165.610001
increase
