60.080002
60.610001
61.110001
60.959999
61.560001
61.299999
60.060001
60.18
60.5
60.59
60.830002
60.950001
60.939999
60.98
60.66
60.27
59.93
60.450001
59.98
59.73
59.82
61.360001
61.23
61.150002
61.889999
62.900002
63.299999
63.259998
63.610001
63.75
64.57
64.269997
64.160004
63.5
62.240002
62.189999
61.290001
60.919998
60.27
60.09
60.139999
60.900002
59.860001
59.959999
59.509998
59.810001
59.639999
58.959999
59.18
58.360001
58.310001
58.25
57.939999
57.599998
58.040001
57.810001
57.900002
58.540001
58.380001
58.759998
58.330002
58.209999
58.110001
58.029999
57.98
58.02
58.549999
57.939999
59.5
54.0
53.98
54.73
55.43
55.68
55.439999
55.630001
54.52
53.740002
53.07
53.18
53.220001
53.150002
53.5
53.040001
52.700001
53.150002
54.450001
54.080002
53.939999
54.360001
54.400002
54.099998
54.52
54.860001
54.93
55.130001
54.310001
53.470001
53.490002
54.02
53.540001
54.290001
54.529999
54.669998
54.689999
54.619999
55.150002
55.009998
55.09
54.950001
55.130001
54.990002
54.5
53.709999
53.810001
53.990002
53.93
54.599998
55.169998
55.02
55.419998
55.639999
55.970001
55.720001
54.91
54.509998
55.209999
55.400002
54.57
54.27
54.279999
54.16
54.91
54.880001
55.169998
54.84
55.130001
54.869999
56.029999
56.57
57.220001
57.91
57.360001
57.040001
56.639999
56.93
56.700001
57.240002
56.93
56.810001
57.259998
57.139999
56.799999
55.91
56.66
57.509998
57.82
57.32
58.759998
59.34
59.279999
59.139999
58.610001
59.07
59.27
59.490002
59.700001
58.290001
58.029999
58.009998
57.73
57.580002
57.299999
57.139999
57.27
57.810001
57.43
57.630001
58.709999
58.93
59.610001
59.310001
59.18
59.82
60.0
60.400002
60.560001
60.66
61.09
61.259998
61.41
61.689999
60.830002
60.549999
57.990002
57.02
57.189999
56.810001
56.0
55.77
54.689999
55.610001
54.459999
53.77
54.580002
55.380001
55.669998
55.990002
56.580002
56.48
55.970001
56.099998
55.400002
56.139999
57.169998
56.57
57.099998
56.169998
56.93
56.990002
57.029999
57.029999
57.470001
58.459999
59.400002
59.049999
58.830002
59.369999
59.0
58.299999
58.66
58.470001
57.77
56.310001
57.799999
57.459999
57.900002
57.889999
56.240002
58.0
58.830002
59.139999
58.34
58.700001
59.41
59.419998
59.43
59.240002
59.43
59.830002
59.5
59.220001
decrease
