66.040001
66.269997
66.75
66.849998
66.959999
67.239998
66.309998
65.440002
65.589996
64.879997
64.919998
65.940002
66.300003
65.510002
65.110001
65.489998
65.110001
65.650002
65.129997
65.050003
64.989998
65.529999
65.419998
66.080002
67.400002
67.849998
67.860001
67.669998
68.199997
68.620003
68.629997
68.150002
67.839996
68.690002
67.879997
68.050003
69.110001
69.339996
69.470001
70.0
71.220001
70.75
71.089996
70.18
69.709999
69.449997
69.68
68.690002
68.010002
67.610001
67.010002
67.150002
66.82
66.400002
65.019997
63.75
63.779999
63.900002
63.470001
63.349998
64.050003
64.300003
64.300003
64.720001
65.610001
64.559998
64.559998
65.279999
65.639999
61.290001
64.370003
67.559998
67.150002
65.339996
63.790001
63.279999
63.650002
62.700001
62.009998
60.689999
61.810001
61.790001
62.049999
60.939999
60.830002
60.509998
60.360001
60.009998
60.189999
60.080002
60.59
59.939999
59.75
60.380001
60.139999
59.849998
60.029999
59.580002
59.23
59.630001
59.060001
59.189999
59.619999
59.84
58.73
58.209999
57.799999
57.18
55.220001
56.32
55.57
51.220001
50.990002
48.490002
48.580002
48.549999
48.419998
48.43
48.360001
48.799999
49.110001
49.580002
49.599998
49.849998
49.169998
49.130001
49.130001
48.650002
49.040001
48.349998
48.290001
47.57
47.830002
46.5
45.91
43.139999
42.630001
42.009998
41.669998
43.900002
44.529999
43.23
44.599998
43.939999
44.599998
44.5
44.389999
45.0
43.450001
42.669998
43.400002
43.490002
41.860001
42.619999
43.52
43.740002
43.169998
44.259998
44.330002
43.5
43.779999
44.349998
45.779999
42.380001
42.790001
42.529999
42.779999
44.419998
42.98
41.900002
41.32
37.389999
39.009998
39.09
39.48
39.720001
39.779999
38.869999
47.650002
46.330002
45.02
45.52
44.799999
44.259998
44.509998
44.049999
42.310001
42.529999
42.470001
43.349998
43.360001
41.16
40.720001
42.0
43.43
43.310001
40.740002
40.639999
39.07
39.169998
37.439999
37.619999
36.66
35.599998
36.299999
35.66
36.02
36.48
37.209999
37.709999
36.939999
36.290001
39.93
39.290001
39.98
39.93
39.669998
39.759998
39.650002
40.73
40.959999
41.639999
41.200001
39.130001
39.080002
39.0
39.419998
40.380001
40.209999
39.119999
38.68
37.419998
37.740002
37.259998
37.0
37.23
37.330002
37.549999
38.040001
38.299999
37.91
38.689999
37.470001
37.099998
36.299999
36.369999
35.900002
35.900002
36.610001
36.220001
37.209999
35.990002
decrease
