38.68
38.330002
39.189999
39.619999
40.060001
39.25
38.849998
39.73
40.029999
40.400002
40.16
40.130001
40.41
40.5
40.150002
40.02
39.610001
40.540001
40.669998
38.119999
38.330002
38.259998
38.52
38.869999
39.009998
39.41
39.52
38.66
38.75
39.700001
38.950001
39.099998
38.720001
38.869999
39.759998
41.290001
41.880001
42.049999
42.299999
42.119999
41.919998
42.459999
42.139999
41.75
41.630001
41.619999
41.849998
42.619999
42.849998
43.009998
42.959999
43.48
43.68
43.48
43.32
43.630001
43.099998
43.049999
43.18
43.040001
42.93
42.860001
42.169998
42.139999
42.150002
41.959999
42.950001
42.779999
42.540001
42.549999
42.900002
43.130001
43.02
42.880001
43.110001
42.880001
42.720001
42.02
40.610001
40.650002
41.119999
40.93
40.740002
39.669998
39.509998
39.27
39.77
39.759998
39.639999
39.759998
39.540001
39.18
39.57
39.900002
40.16
38.77
38.93
38.110001
38.68
39.310001
39.84
39.799999
39.990002
40.209999
40.650002
41.040001
41.610001
42.080002
42.540001
42.5
42.830002
44.040001
43.630001
43.740002
44.040001
44.459999
44.279999
45.18
45.34
45.41
45.09
45.310001
45.029999
44.73
44.470001
43.389999
43.48
43.27
44.68
44.470001
45.189999
44.650002
45.349998
44.91
44.849998
44.84
44.240002
45.060001
44.82
44.650002
44.150002
44.279999
44.0
44.27
44.599998
44.59
44.540001
44.639999
44.68
45.119999
46.080002
45.799999
45.779999
45.77
47.139999
48.419998
48.790001
49.5
51.549999
50.779999
50.540001
51.080002
51.389999
50.720001
51.560001
50.330002
50.200001
51.279999
51.740002
51.810001
51.810001
52.279999
52.080002
51.869999
51.849998
52.040001
51.369999
51.439999
51.52
51.810001
52.009998
52.240002
53.34
53.560001
54.169998
55.389999
55.529999
56.09
55.330002
55.48
55.439999
55.32
55.389999
54.18
54.27
54.049999
53.200001
53.34
54.91
53.34
51.290001
52.860001
52.029999
48.900002
50.119999
50.939999
51.150002
52.400002
52.330002
52.169998
52.34
52.299999
52.029999
52.740002
53.73
53.799999
53.02
52.049999
52.630001
53.610001
54.73
55.43
55.91
57.700001
57.759998
56.68
55.939999
55.59
55.709999
55.669998
55.970001
55.84
53.400002
51.32
52.959999
51.529999
50.900002
52.220001
50.41
51.150002
51.75
52.349998
50.110001
50.209999
51.509998
50.919998
51.73
51.040001
53.080002
53.610001
52.18
53.68
increase
