43.990002
43.75
44.16
44.869999
44.73
44.209999
44.02
44.09
44.459999
44.259998
45.18
45.790001
46.41
42.299999
43.400002
43.130001
42.529999
42.990002
43.709999
43.639999
42.939999
43.450001
43.900002
43.900002
44.07
44.220001
44.549999
44.68
44.419998
44.700001
44.529999
44.59
44.220001
44.32
44.330002
44.139999
44.189999
44.98
45.150002
44.84
45.029999
45.299999
45.07
45.27
44.919998
44.830002
45.34
45.060001
45.470001
44.869999
44.759998
45.009998
45.029999
44.720001
45.32
45.84
45.400002
45.880001
45.860001
46.049999
46.119999
45.779999
46.02
45.529999
45.700001
45.299999
45.200001
45.060001
44.689999
43.869999
43.509998
43.540001
43.560001
43.259998
43.490002
43.860001
45.0
44.849998
44.029999
44.18
45.0
44.950001
45.470001
44.939999
44.959999
44.84
45.5
45.299999
44.849998
44.82
44.259998
43.990002
44.310001
44.380001
44.950001
44.23
43.439999
43.75
43.02
43.610001
43.630001
43.43
43.259998
43.450001
42.889999
41.720001
41.869999
42.439999
42.5
42.169998
42.799999
42.540001
42.939999
42.720001
43.009998
43.740002
44.0
44.09
44.16
44.32
44.779999
44.009998
44.139999
44.549999
44.650002
44.27
44.080002
44.16
45.220001
44.860001
44.560001
44.580002
44.740002
44.599998
44.099998
44.23
43.959999
43.889999
44.139999
43.810001
43.610001
44.799999
44.77
44.349998
44.98
45.099998
44.950001
45.580002
45.720001
45.009998
45.139999
45.310001
45.57
46.560001
47.16
47.34
48.049999
47.740002
48.119999
47.990002
47.580002
47.959999
47.790001
47.77
47.709999
48.25
48.029999
48.68
49.380001
49.66
48.509998
48.700001
49.09
49.139999
49.209999
49.450001
49.299999
49.419998
49.459999
49.57
49.419998
49.639999
48.970001
48.66
48.650002
48.860001
48.43
48.5
48.740002
49.099998
48.970001
49.0
48.900002
49.080002
48.98
48.5
48.16
47.349998
47.040001
46.220001
44.470001
44.279999
44.360001
42.619999
41.66
42.52
41.720001
42.509998
42.889999
42.66
42.07
42.200001
41.939999
42.66
42.799999
42.139999
42.369999
41.84
43.110001
43.939999
44.389999
43.810001
43.799999
44.650002
44.599998
44.740002
44.209999
44.049999
44.099998
43.799999
43.700001
42.91
41.799999
41.119999
42.099998
42.169998
42.220001
42.790001
41.799999
42.279999
42.900002
43.380001
42.369999
42.880001
43.560001
43.5
43.689999
43.900002
44.779999
45.259998
45.040001
44.349998
decrease
