324.019989
324.600006
327.730011
331.179993
330.940002
335.570007
334.679993
332.549988
334.700012
334.179993
338.609985
338.23999
337.75
338.380005
337.700012
334.640015
334.049988
333.929993
336.880005
328.470001
331.220001
332.369995
331.450012
331.910004
332.779999
334.089996
334.950012
335.359985
331.769989
338.940002
345.399994
342.26001
340.320007
340.26001
345.970001
352.910004
347.940002
353.25
352.690002
351.5
350.549988
357.0
357.959991
355.399994
354.75
357.100006
358.980011
358.160004
361.029999
352.640015
350.959991
353.230011
351.079987
349.829987
352.029999
351.929993
353.269989
355.959991
355.149994
356.470001
359.399994
358.170013
359.720001
350.779999
352.170013
351.649994
352.220001
350.600006
345.579987
342.380005
337.269989
337.089996
337.070007
334.029999
335.070007
334.390015
332.5
335.679993
332.040009
331.880005
337.51001
332.570007
333.429993
329.559998
328.970001
329.619995
339.029999
335.769989
335.559998
339.160004
338.920013
333.140015
338.0
339.269989
343.619995
344.980011
342.959991
339.549988
344.549988
347.519989
350.350006
346.920013
346.540009
340.980011
339.700012
342.73999
347.040009
349.609985
349.76001
352.0
352.140015
349.839996
357.040009
358.040009
359.429993
374.369995
374.170013
379.899994
383.470001
382.0
381.470001
383.040009
383.570007
385.839996
384.070007
382.679993
384.089996
387.570007
389.700012
386.579987
388.910004
392.540009
396.5
397.290009
394.25
395.149994
395.769989
392.109985
397.109985
393.940002
394.01001
395.51001
387.029999
389.459991
389.709991
389.130005
385.959991
388.029999
386.980011
387.690002
390.130005
390.559998
394.029999
390.209991
397.540009
393.959991
399.420013
395.070007
406.929993
405.549988
401.190002
406.470001
408.850006
407.76001
407.019989
405.450012
400.230011
403.820007
408.149994
411.869995
414.339996
411.529999
413.089996
411.390015
410.200012
413.070007
410.040009
413.700012
415.359985
413.100006
421.660004
424.0
424.209991
419.529999
425.359985
432.839996
423.869995
426.940002
430.76001
430.799988
427.179993
429.209991
429.380005
424.660004
423.679993
420.790009
421.359985
417.109985
412.130005
403.130005
393.230011
405.0
403.480011
387.649994
398.859985
403.690002
405.76001
405.660004
401.089996
402.299988
396.670013
397.130005
398.880005
398.200012
404.200012
399.410004
401.579987
396.51001
390.23999
393.100006
401.029999
407.799988
404.350006
421.160004
415.25
413.769989
409.019989
410.269989
409.029999
405.329987
405.910004
405.230011
393.100006
388.420013
394.929993
390.720001
385.25
392.119995
381.880005
393.019989
396.459991
396.820007
385.709991
389.119995
388.170013
388.630005
386.649994
385.429993
387.910004
398.420013
400.880005
396.190002
decrease
