183.490005
183.119995
187.309998
190.190002
192.490005
189.210007
175.940002
180.279999
178.389999
181.470001
181.839996
182.649994
183.940002
185.970001
186.25
182.940002
181.910004
185.190002
184.669998
174.160004
174.169998
175.690002
176.619995
179.970001
179.639999
179.009995
176.5
173.820007
170.5
173.440002
169.270004
169.490005
167.919998
169.699997
175.559998
180.660004
182.169998
183.309998
182.559998
179.779999
178.880005
180.75
177.119995
173.850006
174.25
170.839996
173.160004
174.449997
176.089996
177.229996
175.789993
179.440002
180.600006
177.110001
181.720001
180.919998
182.419998
182.169998
183.070007
181.699997
180.570007
179.960007
180.070007
179.960007
177.419998
178.270004
182.990005
178.649994
179.139999
176.990005
178.440002
183.389999
183.330002
181.440002
184.889999
182.850006
184.009995
179.550003
172.820007
172.029999
174.330002
174.660004
174.130005
166.300003
166.589996
164.839996
168.339996
168.429993
169.339996
169.639999
167.949997
165.910004
169.630005
169.339996
172.529999
167.179993
167.839996
160.720001
162.460007
168.570007
171.240005
171.419998
168.979996
170.589996
172.649994
172.880005
177.220001
179.059998
179.820007
179.929993
180.679993
186.419998
186.589996
187.089996
187.960007
186.130005
182.690002
187.259995
189.100006
188.0
188.929993
188.070007
187.429993
184.160004
185.199997
181.639999
182.699997
185.179993
189.470001
186.800003
188.990005
188.580002
192.369995
216.690002
220.940002
219.279999
218.729996
218.919998
219.520004
217.690002
215.059998
209.559998
208.229996
208.880005
212.259995
213.279999
213.740005
214.229996
215.220001
215.149994
214.919998
214.080002
213.100006
213.410004
221.330002
226.979996
227.639999
228.169998
231.270004
227.529999
228.660004
229.789993
232.270004
232.389999
234.899994
231.289993
229.669998
237.550003
240.649994
238.229996
236.300003
241.669998
241.699997
236.169998
234.889999
237.710007
233.770004
237.380005
237.669998
239.940002
243.850006
243.580002
246.889999
249.649994
250.649994
253.179993
251.699997
254.619995
253.990005
256.320007
259.350006
261.339996
260.720001
261.130005
257.829987
250.259995
247.020004
246.550003
253.380005
249.100006
235.779999
243.429993
240.520004
227.080002
238.649994
239.860001
239.449997
247.490005
248.869995
248.809998
249.410004
252.570007
243.820007
248.080002
251.710007
247.669998
248.979996
250.179993
255.860001
260.119995
266.109985
266.429993
265.160004
270.720001
267.480011
262.190002
259.529999
259.769989
263.799988
260.589996
264.589996
265.040009
250.669998
239.550003
249.470001
239.210007
235.809998
240.009995
233.419998
236.490005
240.809998
242.279999
236.059998
237.110001
245.660004
243.589996
250.559998
247.029999
246.570007
244.610001
242.720001
249.139999
increase
