127.459999
126.580002
127.160004
126.93
126.900002
126.410004
126.720001
125.889999
124.669998
124.959999
125.599998
126.080002
126.239998
125.489998
125.339996
125.040001
124.75
124.779999
124.769997
125.790001
125.900002
126.010002
126.959999
127.540001
127.75
128.0
128.169998
127.769997
127.849998
130.229996
130.509995
130.5
130.520004
130.880005
128.509995
127.160004
128.050003
128.240005
127.480003
127.150002
124.720001
124.160004
122.370003
121.57
121.230003
120.720001
122.059998
120.169998
119.809998
118.019997
118.330002
118.150002
116.300003
115.110001
115.389999
114.410004
114.449997
115.160004
116.339996
116.75
118.57
116.480003
116.760002
118.25
118.480003
119.610001
121.019997
120.709999
122.129997
122.419998
121.900002
120.739998
120.809998
121.169998
121.470001
122.57
121.790001
122.190002
121.720001
122.279999
123.010002
122.919998
123.18
122.660004
121.900002
121.849998
119.860001
118.849998
107.510002
105.150002
105.400002
104.699997
104.239998
104.760002
104.839996
106.080002
106.209999
106.019997
107.139999
107.099998
107.75
107.050003
108.489998
110.220001
111.059998
109.510002
106.650002
105.919998
104.589996
105.57
106.080002
106.800003
105.120003
104.93
104.720001
104.290001
105.019997
105.599998
104.239998
102.900002
103.690002
104.269997
106.010002
105.110001
105.959999
104.650002
104.139999
104.0
104.220001
104.790001
104.419998
103.93
104.139999
103.709999
101.910004
106.050003
105.220001
103.129997
102.220001
99.989998
101.769997
103.379997
102.599998
104.120003
106.489998
108.190002
106.510002
116.650002
114.190002
114.010002
113.540001
112.699997
111.370003
113.25
114.93
117.660004
116.669998
115.610001
119.389999
117.459999
118.910004
118.470001
118.610001
117.260002
117.949997
118.150002
118.519997
119.440002
120.610001
121.470001
123.419998
123.910004
125.220001
125.269997
124.790001
124.889999
124.239998
123.720001
123.400002
124.389999
125.550003
126.690002
126.790001
124.160004
123.150002
123.43
124.010002
125.839996
125.68
127.529999
127.379997
128.039993
126.940002
129.550003
131.059998
129.419998
127.459999
126.889999
126.029999
120.120003
116.629997
119.919998
119.830002
118.370003
119.519997
119.400002
119.690002
121.010002
122.650002
124.459999
123.870003
120.82
122.839996
124.550003
127.019997
126.639999
126.300003
126.900002
128.449997
130.020004
129.679993
128.720001
129.669998
129.919998
130.309998
131.529999
130.850006
124.849998
125.839996
126.290001
125.43
120.160004
118.279999
118.760002
121.699997
122.410004
123.300003
124.010002
119.769997
121.720001
123.699997
124.0
123.940002
125.110001
124.389999
123.610001
122.639999
122.849998
120.949997
120.550003
120.18
117.040001
decrease
