76.510002
74.839996
74.099998
74.089996
74.110001
72.839996
72.589996
72.300003
71.449997
71.529999
70.940002
71.970001
72.220001
72.279999
72.669998
71.779999
71.019997
72.0
71.370003
70.989998
71.43
71.75
71.889999
72.089996
71.360001
69.389999
70.089996
68.739998
69.589996
69.779999
68.959999
69.269997
69.970001
68.669998
68.309998
69.68
69.309998
69.349998
68.18
67.330002
68.580002
68.099998
66.75
65.470001
65.370003
65.93
65.889999
65.360001
65.25
65.379997
65.839996
66.970001
65.739998
65.129997
65.080002
65.349998
65.790001
65.580002
66.489998
66.849998
66.830002
66.18
67.440002
67.019997
66.529999
66.419998
67.010002
66.989998
67.779999
68.459999
68.599998
69.010002
69.129997
68.220001
67.540001
66.550003
65.489998
65.489998
64.400002
63.830002
63.950001
63.439999
63.709999
63.029999
63.32
63.0
63.349998
63.189999
62.880001
63.880001
63.450001
63.5
63.389999
63.509998
63.349998
65.099998
65.720001
65.870003
64.860001
65.769997
66.43
66.919998
67.699997
67.239998
67.870003
67.889999
67.620003
68.089996
68.800003
69.650002
68.82
69.080002
69.160004
69.760002
69.32
69.059998
68.82
68.870003
68.339996
68.330002
68.330002
67.739998
67.290001
67.169998
66.800003
66.5
65.910004
64.5
63.150002
61.91
62.439999
63.439999
63.369999
63.549999
64.110001
64.0
64.279999
63.25
63.580002
67.080002
66.43
67.059998
66.889999
65.739998
65.040001
62.779999
61.549999
61.310001
61.959999
61.720001
61.880001
62.139999
61.93
61.360001
62.290001
62.150002
62.849998
64.730003
64.599998
63.450001
62.07
62.07
63.540001
64.559998
64.18
63.299999
62.369999
62.09
63.599998
64.389999
65.279999
67.860001
67.440002
67.610001
67.919998
67.459999
67.389999
69.519997
71.330002
73.099998
73.599998
74.800003
74.900002
75.599998
77.050003
77.970001
77.169998
77.209999
76.370003
76.419998
79.790001
79.209999
78.18
77.330002
77.610001
76.379997
74.540001
73.580002
75.510002
73.690002
71.349998
71.040001
69.75
67.400002
65.190002
66.839996
65.919998
65.870003
66.209999
66.279999
65.610001
64.400002
64.959999
66.5
66.730003
66.910004
65.639999
65.220001
65.470001
66.160004
66.629997
66.230003
66.739998
68.779999
68.089996
67.139999
66.43
65.349998
66.099998
64.699997
65.559998
67.739998
65.519997
64.139999
64.459999
64.480003
63.209999
64.779999
63.48
64.790001
64.809998
65.769997
64.360001
64.260002
66.709999
67.550003
67.559998
67.949997
68.519997
68.660004
70.339996
70.279999
decrease
