106.860001
107.669998
107.07
108.260002
106.029999
105.129997
104.93
105.599998
106.209999
105.160004
104.860001
105.510002
104.739998
103.5
104.230003
103.470001
102.699997
102.720001
102.239998
102.019997
101.860001
102.25
102.5
102.910004
102.169998
102.660004
101.839996
101.220001
101.029999
102.709999
103.309998
103.169998
101.669998
102.330002
103.550003
106.18
108.330002
107.169998
106.239998
106.07
105.730003
105.139999
105.32
106.519997
106.300003
106.769997
106.730003
105.970001
105.720001
105.720001
105.800003
107.519997
105.919998
102.75
102.43
100.720001
99.449997
100.720001
103.519997
104.699997
104.879997
103.339996
104.910004
101.139999
101.93
102.0
102.019997
101.839996
102.809998
103.25
103.269997
104.059998
102.839996
102.269997
102.589996
102.290001
101.849998
101.699997
100.029999
99.0
100.370003
99.470001
99.199997
97.660004
96.470001
97.470001
96.980003
98.129997
97.099998
97.849998
96.830002
96.160004
97.050003
96.379997
97.110001
95.730003
96.540001
96.339996
95.449997
96.599998
96.169998
96.120003
97.839996
98.440002
98.18
96.339996
97.720001
101.129997
100.669998
101.699997
103.059998
101.25
100.760002
101.32
102.139999
103.220001
104.389999
104.370003
105.010002
104.349998
104.489998
104.900002
104.830002
103.489998
102.870003
102.010002
101.540001
98.660004
97.400002
97.919998
96.199997
95.800003
95.879997
95.470001
94.529999
95.68
95.190002
95.190002
94.150002
95.300003
96.459999
97.040001
98.75
99.889999
100.059998
100.040001
100.160004
100.809998
100.870003
100.519997
101.059998
100.75
100.980003
101.209999
100.879997
102.230003
102.230003
102.029999
103.949997
102.610001
102.389999
101.82
102.599998
102.599998
103.019997
102.900002
103.129997
103.230003
103.790001
101.620003
98.989998
99.120003
100.040001
100.349998
100.660004
100.93
100.93
100.639999
100.949997
98.849998
99.860001
99.379997
98.629997
96.080002
95.730003
95.470001
94.989998
95.07
94.110001
93.910004
95.959999
97.150002
96.980003
96.489998
97.919998
98.470001
98.190002
100.519997
99.5
98.07
93.639999
93.449997
92.860001
90.610001
92.18
92.690002
93.82
93.790001
95.540001
96.199997
96.25
94.5
95.910004
97.620003
98.059998
95.889999
96.919998
96.669998
97.849998
98.410004
99.830002
100.080002
99.470001
99.610001
99.790001
98.489998
98.709999
98.379997
98.940002
98.260002
97.580002
96.980003
96.050003
92.940002
94.440002
94.959999
97.989998
96.830002
95.370003
96.800003
96.32
96.0
94.519997
94.449997
95.190002
95.110001
95.0
95.139999
96.519997
97.080002
96.510002
97.050003
decrease
