173.130005
175.210007
175.259995
174.899994
170.229996
170.320007
167.529999
167.490005
168.850006
167.240005
169.759995
170.449997
170.5
170.690002
170.839996
171.320007
170.0
170.919998
170.679993
164.169998
164.320007
165.710007
163.899994
163.210007
162.169998
160.199997
160.710007
159.649994
161.660004
163.440002
162.75
163.059998
162.380005
160.889999
156.880005
157.509995
157.470001
157.759995
157.020004
156.160004
157.960007
157.639999
156.389999
153.240005
154.770004
154.470001
156.050003
154.899994
155.919998
156.509995
158.0
158.830002
156.960007
154.320007
155.990005
154.139999
153.479996
152.940002
154.279999
155.740005
159.020004
156.690002
157.710007
150.339996
150.0
147.509995
149.940002
150.039993
154.880005
152.429993
154.199997
152.960007
152.990005
152.850006
152.759995
154.949997
154.229996
155.199997
152.770004
152.460007
153.759995
151.520004
151.520004
148.820007
147.960007
141.699997
142.0
141.509995
142.830002
144.910004
144.759995
145.699997
146.149994
147.570007
146.009995
144.669998
145.699997
146.339996
147.0
147.210007
149.369995
148.970001
147.009995
146.660004
146.660004
146.800003
149.059998
148.580002
149.320007
149.059998
149.630005
150.050003
147.389999
149.009995
147.899994
150.649994
151.440002
148.589996
149.270004
150.940002
150.25
150.940002
151.610001
152.009995
152.020004
152.25
153.520004
156.190002
160.119995
162.149994
162.320007
159.919998
159.470001
158.449997
157.089996
157.779999
158.360001
158.5
158.220001
159.149994
158.550003
157.330002
156.809998
155.869995
156.070007
156.679993
156.690002
157.070007
157.020004
159.419998
161.119995
161.369995
159.699997
161.289993
164.070007
167.220001
169.429993
168.25
173.320007
171.169998
168.619995
170.929993
172.190002
171.330002
170.779999
170.279999
165.5
168.199997
172.619995
172.350006
174.940002
175.550003
174.699997
174.820007
175.410004
175.880005
174.300003
176.889999
175.190002
176.169998
178.449997
181.470001
178.759995
180.389999
183.759995
183.589996
180.669998
181.169998
179.759995
182.789993
182.690002
183.199997
182.770004
181.029999
182.25
177.910004
172.889999
171.309998
169.880005
167.889999
164.289993
167.070007
166.630005
156.720001
158.809998
159.25
157.639999
159.029999
161.179993
160.880005
160.940002
158.080002
159.789993
160.220001
160.160004
158.270004
159.220001
153.220001
153.649994
156.050003
158.940002
158.949997
154.770004
153.380005
151.470001
151.940002
152.210007
152.139999
152.899994
149.429993
150.789993
151.699997
148.410004
146.259995
148.850006
146.380005
147.220001
147.539993
145.529999
148.009995
150.559998
149.610001
145.960007
145.399994
146.919998
144.589996
145.440002
145.559998
147.059998
144.440002
143.639999
152.589996
decrease
