72.559998
72.599998
73.849998
73.339996
73.25
73.660004
73.699997
73.940002
73.75
73.82
74.0
74.279999
73.800003
74.120003
74.540001
74.489998
74.419998
74.959999
75.120003
73.400002
70.93
70.989998
72.25
72.599998
73.029999
73.529999
74.370003
74.699997
74.870003
74.93
75.82
75.760002
75.809998
76.07
76.120003
74.93
73.889999
74.660004
74.339996
74.019997
73.779999
74.709999
74.610001
74.650002
74.589996
74.360001
74.519997
73.650002
74.260002
72.970001
72.93
72.120003
72.739998
72.529999
73.150002
73.5
73.540001
75.160004
74.889999
75.269997
75.639999
75.660004
76.410004
75.82
75.910004
76.339996
76.400002
76.690002
76.360001
76.43
76.57
76.769997
76.040001
76.099998
76.610001
77.150002
76.82
76.849998
75.650002
76.269997
77.279999
78.230003
79.089996
76.760002
77.220001
77.949997
78.839996
78.529999
78.550003
78.489998
78.790001
78.800003
79.599998
80.419998
80.410004
80.010002
80.0
79.790001
79.540001
79.599998
79.57
79.099998
80.209999
79.800003
80.43
81.150002
80.699997
80.059998
80.360001
79.419998
79.150002
79.830002
79.879997
80.529999
81.18
81.269997
81.889999
82.07
82.480003
82.709999
82.68
82.860001
84.739998
84.610001
84.07
83.720001
83.18
83.379997
84.32
84.279999
84.769997
85.690002
86.809998
87.190002
86.260002
86.519997
86.120003
86.949997
86.919998
87.220001
86.910004
87.07
86.900002
87.279999
87.82
87.760002
87.629997
89.040001
88.360001
88.900002
89.379997
89.339996
90.150002
89.230003
89.800003
86.769997
90.379997
90.32
87.720001
87.339996
88.650002
90.330002
90.510002
89.559998
87.580002
88.25
87.980003
87.860001
87.919998
88.370003
87.099998
86.480003
85.82
85.349998
85.709999
85.650002
85.239998
86.029999
87.059998
87.889999
88.93
89.760002
89.690002
89.339996
89.709999
90.370003
89.269997
90.980003
91.470001
92.610001
92.959999
93.379997
92.839996
91.910004
92.959999
91.279999
91.32
92.610001
91.379997
90.160004
87.620003
87.449997
85.849998
82.620003
84.339996
85.330002
85.5
86.620003
88.93
89.07
89.760002
88.459999
84.379997
85.239998
85.470001
84.940002
84.669998
84.529999
85.769997
86.059998
86.260002
86.739998
88.639999
89.730003
89.089996
88.480003
87.82
87.830002
88.129997
86.610001
86.709999
86.589996
84.800003
82.360001
84.220001
82.889999
82.300003
83.239998
80.769997
81.639999
82.739998
82.959999
81.389999
81.75
82.629997
83.160004
84.480003
83.82
84.480003
86.199997
85.690002
84.139999
decrease
