49.77
49.98
50.150002
50.16
49.970001
50.07
49.799999
49.59
49.509998
49.470001
49.790001
50.07
50.029999
49.98
49.869999
49.77
49.869999
49.98
49.34
49.639999
49.77
49.880001
50.009998
50.080002
50.380001
50.5
50.450001
50.57
50.610001
50.93
51.009998
50.810001
50.790001
51.009998
50.740002
50.68
50.849998
51.060001
51.220001
51.709999
51.529999
51.419998
51.709999
51.200001
50.380001
49.84
50.099998
49.400002
49.150002
48.290001
47.880001
47.650002
47.419998
47.400002
47.360001
47.279999
47.279999
47.509998
47.119999
47.259998
47.040001
47.119999
47.23
47.32
47.880001
47.25
46.779999
47.400002
47.82
47.509998
47.93
48.529999
49.779999
49.360001
48.790001
49.0
49.119999
48.849998
48.810001
48.419998
48.639999
48.959999
48.990002
47.919998
48.299999
48.290001
47.950001
48.040001
48.02
48.310001
48.349998
48.18
48.209999
48.259998
48.259998
49.16
49.279999
49.950001
50.200001
50.610001
49.560001
49.419998
50.400002
50.639999
50.07
49.869999
49.450001
49.27
48.82
49.029999
48.790001
48.52
48.939999
49.139999
49.139999
48.790001
49.099998
49.360001
49.59
49.650002
50.240002
50.48
50.740002
50.939999
51.139999
51.139999
51.27
52.0
52.209999
52.200001
52.369999
52.209999
52.060001
52.09
52.09
52.200001
52.080002
53.25
52.439999
51.650002
51.720001
51.77
52.009998
51.360001
51.82
52.310001
51.919998
51.939999
50.970001
51.18
51.299999
51.360001
51.389999
51.560001
51.490002
51.09
51.200001
51.110001
50.330002
50.360001
50.889999
51.330002
51.060001
51.68
51.189999
51.68
51.52
51.310001
50.549999
49.810001
49.939999
49.490002
48.5
48.049999
48.049999
48.279999
48.09
47.169998
46.900002
46.700001
46.779999
47.200001
46.610001
45.959999
45.25
44.84
44.66
45.049999
44.900002
44.439999
44.040001
44.470001
44.080002
44.619999
44.310001
43.990002
44.799999
45.110001
44.380001
44.169998
43.720001
43.490002
43.34
43.400002
44.330002
44.68
44.619999
43.580002
44.560001
43.93
43.470001
42.919998
43.02
44.07
44.029999
43.400002
43.060001
43.98
44.200001
44.84
44.099998
43.669998
43.41
43.759998
43.82
43.59
44.049999
43.93
44.189999
44.169998
43.849998
43.900002
43.810001
43.110001
43.82
44.529999
44.639999
44.66
44.209999
44.169998
44.790001
45.009998
44.790001
44.77
44.299999
44.470001
43.82
43.939999
45.07
45.82
45.43
45.599998
decrease
