174.729996
171.979996
168.940002
168.039993
165.039993
167.869995
165.259995
168.610001
168.789993
165.589996
165.419998
164.520004
162.839996
162.460007
165.649994
161.779999
157.479996
156.160004
154.130005
154.259995
154.009995
157.869995
157.600006
157.25
159.779999
160.699997
157.259995
154.979996
154.25
154.830002
152.639999
152.259995
153.089996
155.270004
154.570007
155.600006
159.740005
158.809998
159.639999
160.729996
160.259995
158.970001
158.979996
158.779999
159.130005
158.899994
160.449997
162.369995
163.800003
162.580002
161.759995
165.179993
158.229996
155.779999
156.639999
155.440002
153.940002
155.520004
158.050003
160.729996
162.130005
159.830002
160.270004
161.009995
160.580002
160.039993
161.570007
163.770004
166.330002
160.520004
158.5
164.580002
161.369995
161.949997
164.529999
166.369995
164.089996
163.410004
161.149994
157.889999
160.339996
157.490005
157.949997
157.199997
153.580002
154.580002
153.229996
157.570007
156.660004
159.039993
156.830002
156.25
157.020004
156.850006
158.190002
156.880005
158.729996
160.800003
159.559998
160.320007
157.550003
160.429993
163.75
164.770004
161.520004
159.729996
159.899994
159.580002
158.809998
160.479996
163.509995
160.110001
161.589996
161.009995
159.690002
159.039993
159.839996
161.259995
160.240005
160.759995
162.910004
165.080002
164.539993
166.309998
165.330002
167.100006
164.490005
165.520004
164.720001
165.440002
163.869995
163.679993
163.759995
156.660004
157.740005
155.330002
157.089996
159.360001
155.0
154.990005
159.050003
157.029999
161.259995
163.75
160.309998
160.509995
159.380005
159.869995
161.949997
159.009995
159.149994
158.330002
158.0
156.389999
156.119995
158.729996
161.75
162.350006
163.669998
162.75
162.759995
162.070007
162.25
162.259995
166.350006
165.830002
165.630005
167.809998
169.820007
168.419998
163.979996
164.699997
167.070007
169.360001
170.770004
171.149994
171.740005
172.419998
171.619995
166.600006
168.149994
169.25
165.529999
164.979996
164.830002
165.509995
165.039993
167.399994
164.25
164.240005
166.100006
166.330002
166.100006
164.199997
163.710007
162.919998
162.610001
163.369995
159.649994
156.520004
155.119995
155.979996
154.860001
152.179993
157.199997
156.800003
155.490005
154.089996
156.149994
156.089996
155.589996
151.300003
154.029999
156.660004
159.070007
153.929993
153.509995
154.940002
155.520004
157.460007
157.630005
155.919998
156.279999
156.570007
156.740005
157.470001
158.490005
156.600006
157.130005
155.429993
154.580002
154.339996
152.529999
151.729996
153.320007
150.460007
155.910004
154.350006
153.080002
154.229996
156.279999
155.550003
154.100006
153.419998
154.929993
153.610001
149.919998
151.729996
152.279999
153.240005
152.550003
150.279999
decrease
