131.869995
131.520004
133.899994
135.610001
134.229996
135.089996
134.190002
135.020004
135.460007
135.360001
136.610001
137.550003
136.860001
137.309998
137.869995
137.339996
136.699997
138.380005
139.020004
136.559998
137.449997
138.139999
138.779999
138.199997
139.509995
140.690002
140.210007
140.809998
142.809998
143.699997
144.160004
144.399994
143.929993
146.009995
145.610001
146.809998
145.690002
146.5
147.410004
148.440002
148.490005
149.399994
147.220001
145.220001
145.380005
146.699997
146.270004
146.089996
148.899994
146.039993
145.990005
145.720001
147.529999
146.350006
148.789993
148.800003
147.899994
149.440002
149.649994
149.470001
149.509995
149.869995
150.190002
151.119995
153.850006
154.789993
155.149994
154.580002
153.449997
153.470001
153.589996
154.630005
152.020004
151.919998
151.029999
150.949997
148.279999
150.770004
148.339996
148.410004
150.539993
151.5
152.270004
149.970001
150.100006
149.990005
152.839996
151.289993
151.449997
151.270004
151.990005
150.919998
153.539993
154.330002
153.720001
153.179993
151.199997
151.399994
151.929993
152.770004
153.600006
153.460007
153.720001
154.0
154.429993
155.610001
155.830002
155.75
156.820007
155.520004
155.070007
154.770004
155.529999
156.309998
157.520004
159.210007
159.600006
159.039993
158.449997
159.169998
158.800003
159.0
161.119995
161.820007
162.460007
161.679993
161.149994
159.440002
161.550003
162.100006
161.899994
160.919998
165.0
162.160004
156.25
156.470001
156.559998
155.5
158.690002
158.639999
159.070007
160.059998
157.910004
156.940002
158.029999
159.300003
158.820007
160.100006
160.589996
162.190002
163.699997
163.220001
164.139999
164.399994
165.830002
164.729996
165.479996
166.169998
167.460007
167.889999
168.619995
169.529999
171.210007
171.699997
172.570007
169.009995
167.589996
169.050003
170.910004
172.0
170.009995
168.779999
167.830002
167.419998
169.399994
169.850006
169.399994
168.119995
170.820007
173.380005
175.699997
177.179993
177.240005
175.610001
176.399994
177.639999
175.830002
176.789993
178.639999
181.139999
182.149994
182.929993
183.110001
181.889999
183.800003
181.039993
180.339996
181.100006
182.0
177.330002
166.360001
179.960007
182.690002
173.309998
177.5
180.360001
181.940002
186.029999
188.919998
189.279999
187.899994
187.580002
187.850006
191.669998
193.300003
193.139999
191.800003
189.520004
189.020004
190.369995
190.990005
189.699997
192.5
194.960007
195.960007
195.889999
192.380005
192.710007
192.509995
190.449997
195.649994
193.809998
189.080002
186.490005
191.279999
187.869995
187.279999
191.059998
186.630005
189.199997
189.460007
189.740005
187.320007
187.770004
191.509995
189.449997
192.169998
190.759995
191.660004
193.949997
194.669998
193.940002
decrease
