85.120003
85.559998
86.199997
86.790001
86.540001
85.629997
85.339996
85.980003
86.269997
85.589996
85.730003
87.0
85.75
86.269997
85.75
84.980003
84.470001
84.139999
83.75
83.32
83.760002
83.559998
84.18
83.050003
82.989998
83.349998
82.400002
81.480003
81.769997
84.190002
82.32
81.160004
79.230003
80.480003
78.980003
79.010002
79.150002
78.699997
78.239998
78.169998
78.43
79.07
78.129997
76.339996
77.209999
76.879997
78.25
77.239998
77.720001
77.220001
76.32
76.370003
75.650002
75.230003
76.480003
75.389999
75.730003
75.650002
75.970001
76.300003
75.480003
75.889999
76.199997
76.650002
77.540001
76.410004
77.459999
76.550003
76.559998
75.93
77.080002
77.059998
76.019997
82.760002
78.449997
78.660004
77.059998
75.059998
71.440002
71.029999
71.949997
72.07
72.269997
71.050003
70.699997
71.300003
71.900002
70.910004
71.410004
71.720001
72.099998
72.019997
72.260002
71.889999
71.739998
70.339996
70.5
69.0
70.260002
70.949997
72.18
72.129997
71.870003
72.120003
71.0
70.190002
70.019997
69.970001
70.339996
70.730003
71.110001
71.900002
71.720001
71.620003
72.660004
71.82
71.480003
71.639999
71.580002
70.269997
70.800003
70.709999
71.269997
70.599998
70.07
71.269997
71.650002
71.900002
72.690002
72.639999
72.080002
71.400002
71.779999
71.0
70.849998
70.849998
68.709999
67.919998
67.32
67.260002
67.160004
67.099998
64.059998
64.019997
64.059998
63.540001
63.060001
62.68
62.759998
62.5
62.75
62.82
63.049999
63.360001
63.860001
65.290001
66.309998
66.940002
67.360001
66.5
65.779999
66.949997
66.580002
67.169998
67.300003
66.040001
65.860001
66.879997
67.830002
67.779999
68.760002
68.830002
68.309998
67.839996
67.82
67.870003
67.989998
68.559998
67.629997
70.849998
71.169998
70.760002
70.129997
70.269997
71.580002
71.599998
72.160004
72.199997
71.529999
72.0
70.989998
70.559998
70.690002
70.480003
72.0
73.010002
72.459999
75.360001
74.25
73.379997
70.720001
71.309998
72.839996
70.550003
70.150002
71.370003
72.169998
74.290001
75.620003
76.019997
75.220001
74.910004
60.630001
60.049999
61.91
62.540001
62.669998
62.040001
61.32
63.0
63.119999
63.759998
63.810001
64.669998
64.870003
64.620003
64.379997
63.310001
63.59
62.970001
62.290001
61.689999
59.41
58.490002
58.84
58.939999
58.75
58.529999
57.939999
57.93
58.310001
58.57
58.07
57.110001
57.810001
58.150002
58.740002
58.990002
60.18
60.48
61.470001
60.849998
decrease
