112.290001
112.519997
113.300003
113.610001
112.989998
113.410004
113.019997
111.790001
112.139999
111.419998
111.370003
112.150002
111.940002
111.529999
111.650002
111.370003
111.610001
111.959999
110.620003
110.559998
110.760002
111.5
112.870003
113.269997
113.760002
114.550003
114.480003
115.660004
116.489998
117.139999
117.5
117.43
117.07
117.459999
115.529999
115.0
114.709999
114.449997
114.410004
114.980003
116.389999
115.980003
115.519997
113.879997
113.370003
112.809998
114.040001
113.720001
113.18
112.989998
112.75
112.18
111.139999
110.919998
110.529999
110.769997
110.870003
111.5
111.610001
112.150002
112.029999
112.199997
112.940002
114.059998
114.93
113.330002
112.760002
113.330002
113.080002
113.040001
113.010002
114.489998
115.040001
116.029999
117.190002
117.120003
117.489998
116.730003
116.059998
115.610001
116.43
116.800003
116.959999
115.790001
116.550003
118.400002
118.279999
118.629997
119.07
119.029999
119.209999
118.779999
117.75
117.93
117.940002
117.639999
117.199997
118.970001
119.160004
120.059998
118.339996
118.120003
119.089996
119.290001
117.660004
117.580002
116.580002
115.910004
115.940002
116.879997
116.260002
114.5
114.580002
114.129997
113.980003
113.870003
114.559998
112.019997
111.949997
112.629997
113.809998
114.940002
115.959999
114.870003
114.459999
114.040001
113.050003
114.089996
114.129997
114.43
114.959999
114.309998
115.110001
115.639999
117.449997
117.5
116.629997
117.809998
118.980003
118.870003
120.519997
121.029999
121.379997
121.129997
121.959999
122.230003
120.410004
119.860001
119.510002
118.800003
118.82
118.660004
118.699997
119.43
119.580002
120.260002
120.989998
120.480003
120.489998
116.220001
116.309998
116.43
116.690002
118.029999
114.690002
115.239998
115.779999
116.529999
115.07
112.190002
111.93
106.910004
108.309998
107.940002
107.830002
107.080002
106.919998
105.349998
108.139999
107.419998
108.449997
108.480003
107.620003
107.190002
106.699997
106.889999
107.059998
106.589996
106.019997
105.989998
105.050003
106.220001
105.68
106.400002
105.529999
104.449997
105.830002
107.019997
106.529999
105.580002
104.25
103.400002
104.089996
103.360001
106.110001
106.620003
106.809998
105.470001
107.980003
109.010002
107.540001
105.43
106.639999
109.57
109.510002
110.040001
108.980003
107.639999
107.089996
110.690002
109.360001
108.559998
109.790001
109.080002
109.75
110.699997
112.860001
112.199997
113.019997
112.43
110.599998
110.410004
110.510002
108.970001
109.980003
111.18
110.330002
111.220001
110.129997
109.379997
110.339996
111.529999
111.129997
111.779999
111.68
110.989998
110.269997
110.620003
111.790001
112.599998
111.599998
110.370003
decrease
