55.490002
54.849998
56.799999
57.189999
57.68
57.169998
56.810001
57.75
57.150002
57.970001
57.93
57.84
58.16
57.619999
57.599998
56.950001
56.330002
56.720001
57.040001
53.59
54.07
54.049999
54.240002
54.790001
54.549999
54.540001
54.32
54.029999
53.369999
54.150002
53.490002
53.77
53.400002
54.139999
55.189999
56.549999
56.200001
56.240002
56.43
56.02
56.150002
56.32
55.700001
55.290001
54.73
54.43
54.810001
55.209999
56.09
56.82
56.720001
57.619999
57.720001
57.360001
57.77
57.549999
57.18
57.07
57.490002
56.599998
56.619999
55.959999
55.880001
55.630001
55.98
57.040001
57.41
56.73
56.700001
56.59
57.290001
57.689999
57.639999
57.799999
58.450001
58.060001
58.049999
57.599998
56.419998
55.990002
57.310001
57.349998
57.459999
56.130001
56.130001
55.779999
56.52
56.330002
56.23
56.41
55.77
55.119999
55.490002
55.099998
55.48
53.84
53.82
52.299999
52.369999
53.57
54.639999
55.259998
54.740002
54.830002
55.560001
56.029999
56.669998
57.009998
57.220001
57.470001
58.130001
59.27
59.299999
59.77
59.830002
59.52
59.619999
60.639999
60.77
60.400002
60.759998
60.169998
59.669998
59.459999
59.799999
59.169998
59.290001
59.110001
60.02
59.490002
60.18
59.779999
60.610001
60.619999
60.349998
60.209999
60.529999
60.639999
60.400002
60.150002
58.080002
57.610001
56.799999
56.790001
57.330002
57.639999
57.779999
57.720001
57.77
58.169998
57.73
57.619999
57.209999
57.34
59.439999
61.299999
61.630001
61.970001
64.360001
64.029999
64.440002
64.760002
65.199997
64.620003
65.540001
64.57
64.050003
65.0
66.029999
65.629997
65.449997
65.550003
65.760002
65.290001
65.209999
65.440002
64.589996
64.860001
65.68
65.860001
65.910004
66.349998
66.949997
67.699997
67.860001
68.889999
68.300003
68.349998
67.940002
68.580002
69.879997
70.32
71.199997
70.599998
71.379997
70.739998
70.510002
70.699997
71.410004
69.480003
66.300003
68.43
69.010002
65.800003
67.480003
67.589996
67.919998
70.07
70.629997
71.150002
71.519997
71.449997
70.339996
71.290001
72.0
70.57
69.839996
69.089996
69.620003
70.669998
71.07
71.470001
71.32
72.849998
72.580002
72.269997
71.059998
71.129997
71.529999
71.050003
70.669998
70.870003
68.400002
65.970001
68.419998
66.690002
66.559998
68.040001
66.080002
67.190002
68.150002
68.540001
65.980003
67.169998
68.139999
67.669998
69.120003
67.379997
67.449997
65.949997
65.410004
67.029999
decrease
