78.32
77.699997
79.790001
80.620003
83.550003
84.730003
83.900002
83.940002
83.349998
83.779999
83.720001
83.599998
83.389999
83.449997
83.559998
82.830002
82.57
82.790001
82.900002
79.82
79.889999
80.809998
80.809998
81.510002
81.809998
82.139999
81.989998
81.68
81.459999
82.82
82.68
83.07
83.300003
84.389999
86.0
87.349998
87.110001
88.589996
88.790001
88.800003
88.25
89.519997
89.150002
89.379997
88.68
87.239998
87.82
87.900002
89.660004
89.639999
89.730003
91.080002
91.529999
90.610001
90.870003
91.519997
90.199997
90.989998
91.790001
92.07
92.559998
92.080002
90.610001
90.870003
90.989998
91.529999
92.540001
94.279999
93.550003
93.169998
93.230003
93.599998
94.220001
93.769997
95.099998
94.449997
94.349998
94.279999
92.5
92.080002
93.519997
93.82
93.040001
91.790001
92.419998
92.330002
93.639999
93.449997
93.779999
93.470001
92.900002
92.0
92.400002
92.489998
93.18
91.790001
91.629997
90.970001
92.5
94.330002
94.959999
94.269997
94.099998
94.040001
94.760002
95.68
95.82
95.949997
95.559998
94.459999
93.910004
95.540001
95.809998
95.540001
96.339996
96.989998
97.110001
98.949997
98.800003
98.089996
99.169998
99.290001
98.629997
99.260002
98.540001
97.150002
98.349998
97.480003
99.120003
96.169998
96.43
94.050003
94.739998
93.510002
93.290001
92.0
92.25
92.510002
92.529999
92.290001
90.279999
91.129997
90.769997
90.650002
90.790001
91.309998
91.860001
92.400002
92.309998
93.059998
93.059998
92.669998
92.459999
91.360001
93.139999
94.68
95.349998
95.480003
97.099998
96.830002
96.519997
96.919998
97.669998
97.410004
98.18
99.18
97.970001
98.529999
98.209999
97.870003
97.080002
98.309998
97.93
97.440002
97.709999
98.230003
97.610001
96.720001
97.43
98.480003
98.57
99.650002
101.400002
104.25
105.779999
107.239998
105.970001
106.400002
105.050003
107.610001
108.989998
112.18
112.709999
110.330002
110.910004
111.690002
110.139999
110.169998
110.330002
107.470001
102.470001
104.5
103.519997
98.540001
100.010002
101.779999
101.269997
103.940002
103.959999
104.550003
103.790001
103.959999
102.720001
104.5
106.82
107.169998
106.150002
104.580002
104.279999
105.849998
105.459999
105.349998
106.18
109.830002
108.830002
107.330002
105.779999
105.900002
106.870003
105.830002
106.150002
106.809998
101.5
97.709999
101.449997
98.959999
98.279999
99.730003
97.220001
99.330002
99.940002
100.57
97.489998
98.300003
99.910004
98.629997
101.089996
99.800003
100.599998
100.940002
101.419998
104.18
decrease
