48.549999
48.259998
49.419998
50.509998
42.009998
42.299999
42.130001
42.18
42.439999
42.509998
42.580002
43.549999
42.869999
42.830002
43.110001
42.48
43.040001
43.48
44.0
42.16
42.25
42.509998
42.77
42.630001
42.73
43.110001
42.529999
43.240002
43.57
42.880001
43.220001
42.080002
41.889999
41.939999
42.77
42.369999
41.540001
42.029999
41.279999
41.52
42.029999
41.830002
41.040001
41.66
42.009998
42.669998
42.389999
39.509998
40.18
38.91
38.75
38.59
39.02
37.290001
38.200001
38.389999
38.720001
39.700001
38.32
39.5
39.07
38.830002
39.240002
39.419998
39.580002
39.759998
33.200001
32.34
32.560001
32.610001
32.959999
33.369999
33.419998
33.57
33.43
33.48
32.990002
32.599998
31.549999
32.290001
32.549999
32.279999
32.48
31.51
31.370001
31.459999
32.290001
31.01
31.02
31.25
31.49
31.450001
31.5
31.530001
31.799999
32.75
32.790001
32.34
31.99
30.950001
31.889999
32.779999
32.650002
33.549999
33.52
32.18
32.380001
32.720001
33.57
33.16
32.869999
33.18
32.98
33.169998
34.200001
34.049999
33.98
34.099998
33.790001
33.849998
33.75
33.5
33.619999
34.400002
34.490002
33.959999
34.259998
34.34
34.939999
39.349998
38.84
38.150002
38.18
36.900002
36.68
36.970001
36.959999
36.77
36.330002
37.459999
37.119999
37.709999
37.41
37.990002
37.66
37.490002
37.810001
39.119999
39.419998
39.849998
40.139999
40.330002
40.290001
39.080002
39.98
38.75
38.560001
39.110001
39.200001
39.130001
39.18
39.580002
40.490002
40.470001
42.119999
42.080002
41.939999
42.02
42.990002
42.18
41.529999
41.959999
42.169998
42.139999
42.110001
42.02
41.84
42.93
42.849998
42.639999
42.939999
46.0
46.389999
47.07
49.009998
51.259998
51.509998
52.139999
52.009998
52.619999
53.16
54.060001
52.970001
53.169998
54.939999
55.110001
54.98
55.200001
54.439999
51.77
49.650002
48.68
49.549999
47.439999
47.82
49.169998
49.630001
51.369999
51.52
51.419998
52.119999
51.439999
51.360001
53.290001
53.549999
52.869999
53.400002
54.0
54.119999
55.139999
56.23
56.299999
58.880001
60.189999
60.209999
59.68
59.93
59.57
60.09
60.400002
59.91
59.900002
59.040001
56.279999
58.130001
57.369999
56.889999
58.52
57.75
58.299999
58.93
58.25
56.619999
56.290001
59.349998
58.560001
59.869999
60.610001
61.150002
61.889999
62.110001
59.900002
decrease
