172.949997
172.089996
173.029999
172.539993
170.479996
171.059998
172.539993
172.070007
174.580002
173.740005
177.199997
178.509995
179.520004
177.770004
177.570007
178.289993
178.570007
180.279999
182.210007
180.679993
180.839996
182.940002
184.139999
180.860001
178.830002
180.139999
180.929993
180.509995
182.75
184.690002
184.770004
184.509995
185.830002
184.539993
183.449997
181.0
179.139999
179.550003
179.899994
180.300003
180.880005
183.279999
184.550003
184.5
184.110001
184.570007
182.470001
182.279999
183.679993
192.789993
193.729996
191.729996
193.919998
193.759995
193.520004
193.820007
193.889999
197.100006
196.25
198.320007
196.600006
197.179993
198.300003
198.119995
198.520004
196.0
193.669998
193.380005
194.460007
194.589996
193.350006
194.75
193.509995
193.039993
193.820007
194.970001
194.679993
195.389999
194.690002
195.649994
197.190002
198.699997
198.570007
197.080002
197.880005
198.119995
196.740005
196.729996
196.880005
198.320007
197.880005
198.399994
199.539993
200.100006
200.229996
201.089996
202.520004
202.210007
202.389999
203.699997
204.619995
204.449997
204.380005
203.399994
203.899994
202.330002
201.770004
201.020004
201.809998
200.610001
200.449997
199.800003
199.300003
199.449997
199.350006
199.080002
201.179993
209.25
210.110001
208.190002
207.960007
207.740005
207.399994
208.559998
210.449997
213.639999
211.789993
211.979996
211.25
211.710007
212.649994
212.479996
211.740005
211.899994
213.0
219.089996
216.0
214.320007
215.910004
215.800003
215.479996
217.630005
218.130005
218.669998
220.759995
218.089996
217.160004
217.339996
216.289993
217.580002
219.759995
220.449997
221.880005
220.119995
220.020004
214.360001
217.589996
218.600006
216.339996
216.820007
216.929993
216.850006
217.979996
219.369995
220.009995
218.580002
222.75
224.440002
222.419998
223.229996
223.509995
224.600006
223.809998
225.509995
225.979996
227.979996
228.570007
226.559998
227.5
225.789993
219.880005
216.839996
222.080002
219.360001
219.050003
217.520004
217.759995
219.220001
217.289993
218.279999
219.320007
220.779999
222.029999
221.309998
223.639999
220.740005
220.050003
219.470001
220.690002
215.889999
211.0
216.289993
214.149994
208.729996
210.259995
213.009995
213.470001
214.0
216.809998
219.449997
217.330002
213.789993
213.110001
217.460007
218.039993
218.050003
215.479996
215.949997
219.839996
219.520004
222.559998
223.910004
227.699997
230.339996
230.149994
227.940002
227.389999
226.889999
228.539993
226.350006
227.610001
226.070007
224.229996
220.919998
220.350006
218.470001
220.490005
227.919998
228.160004
225.089996
226.449997
229.929993
227.190002
226.210007
226.070007
225.449997
224.220001
223.889999
227.020004
231.399994
232.160004
229.619995
decrease
