132.710007
137.559998
137.410004
136.869995
136.309998
137.350006
136.149994
136.110001
136.990005
136.279999
138.179993
138.610001
138.660004
138.850006
139.080002
138.100006
136.990005
137.429993
136.940002
134.440002
134.970001
136.550003
136.330002
135.380005
136.179993
136.350006
136.789993
136.889999
137.639999
138.820007
139.25
138.410004
136.850006
137.660004
137.910004
139.990005
138.669998
141.580002
141.580002
140.960007
141.210007
142.110001
142.889999
142.899994
142.139999
143.050003
142.479996
140.490005
141.429993
139.630005
140.729996
141.779999
143.020004
142.289993
144.910004
145.880005
145.229996
146.179993
146.369995
146.240005
146.649994
146.25
147.800003
146.660004
146.789993
143.699997
142.25
140.279999
141.139999
139.880005
140.690002
139.470001
141.619995
142.270004
142.350006
142.130005
140.960007
140.339996
138.300003
139.149994
140.75
139.419998
140.660004
138.119995
137.5
137.070007
138.710007
137.139999
137.160004
138.830002
138.669998
139.009995
139.779999
144.0
142.639999
141.699997
142.529999
144.679993
147.050003
147.460007
147.5
147.029999
147.720001
148.039993
149.809998
151.25
152.300003
151.970001
151.220001
150.399994
149.020004
148.649994
149.520004
150.970001
154.529999
155.429993
156.710007
156.130005
155.490005
156.669998
155.820007
156.490005
158.279999
158.710007
158.649994
156.639999
156.850006
157.160004
160.119995
158.190002
165.740005
163.529999
164.699997
164.710007
161.630005
161.550003
161.039993
161.809998
163.130005
163.559998
165.199997
165.720001
162.850006
162.970001
163.970001
164.110001
163.440002
162.990005
163.270004
164.509995
165.990005
165.990005
165.990005
165.889999
169.100006
167.610001
169.630005
168.729996
169.809998
168.339996
168.470001
168.360001
167.660004
166.899994
165.949997
166.050003
164.940002
165.710007
167.610001
168.649994
169.009995
169.059998
167.460007
167.809998
168.679993
170.029999
169.690002
168.509995
169.130005
169.789993
170.580002
172.660004
173.610001
171.039993
172.529999
173.419998
171.009995
173.759995
174.75
175.910004
175.229996
173.889999
170.589996
169.160004
169.720001
168.5
166.360001
166.229996
166.770004
163.839996
158.149994
161.619995
159.740005
152.860001
154.229996
158.039993
157.070007
159.270004
160.130005
159.770004
159.210007
160.339996
159.75
160.940002
163.0
161.649994
159.190002
152.949997
152.559998
152.220001
153.490005
156.630005
156.919998
159.979996
157.820007
156.630005
156.809998
157.809998
159.039993
157.350006
158.529999
160.240005
154.460007
151.309998
156.479996
152.399994
150.839996
153.199997
150.270004
151.789993
153.869995
154.289993
149.669998
149.529999
151.809998
150.699997
151.270004
151.860001
153.139999
154.839996
157.380005
154.570007
decrease
