101.629997
101.599998
103.910004
104.0
102.970001
104.199997
99.739998
99.809998
100.669998
101.43
100.919998
101.459999
101.019997
101.93
102.5
102.610001
102.519997
103.760002
105.5
100.550003
103.199997
103.870003
104.959999
105.169998
105.419998
106.040001
105.889999
106.360001
106.43
107.68
108.419998
108.150002
107.860001
109.480003
111.010002
107.010002
103.760002
104.849998
102.470001
102.279999
101.900002
104.059998
101.809998
103.300003
103.25
104.360001
101.32
97.860001
98.360001
96.129997
95.949997
95.339996
97.529999
97.790001
99.699997
100.050003
100.730003
101.730003
102.75
103.989998
103.300003
103.830002
105.410004
107.639999
107.470001
105.860001
106.389999
107.330002
107.0
105.760002
104.870003
104.279999
104.43
101.790001
102.550003
104.5
104.730003
104.739998
101.599998
103.18
105.470001
105.800003
105.93
102.209999
102.209999
101.010002
103.010002
102.709999
102.5
101.980003
100.699997
101.519997
103.940002
105.360001
105.57
106.93
106.169998
106.43
104.639999
107.190002
106.870003
106.800003
107.080002
109.550003
107.489998
107.93
103.510002
102.129997
103.080002
99.589996
99.349998
101.599998
101.239998
101.900002
102.279999
102.610001
103.32
103.839996
104.959999
104.739998
104.349998
105.470001
105.040001
106.660004
106.980003
107.349998
107.339996
103.32
105.150002
104.769997
105.209999
104.57
105.519997
107.910004
112.0
113.860001
111.32
111.760002
113.190002
116.330002
111.190002
113.150002
111.120003
110.410004
110.300003
111.209999
108.889999
110.059998
110.0
109.790001
110.25
108.540001
109.75
107.220001
107.550003
105.330002
104.739998
102.230003
98.260002
97.599998
96.470001
96.68
96.279999
96.980003
96.470001
95.860001
94.089996
94.629997
95.839996
95.68
97.43
97.489998
97.07
95.199997
95.82
96.540001
94.949997
98.43
99.93
100.769997
101.230003
101.25
100.68
98.599998
99.919998
101.209999
99.860001
102.190002
102.290001
99.199997
98.720001
99.370003
97.129997
95.050003
97.349998
97.099998
97.209999
97.209999
103.150002
98.959999
94.68
104.559998
101.349998
99.040001
102.639999
104.099998
103.580002
104.650002
104.370003
104.110001
106.410004
106.0
107.260002
108.230003
110.389999
110.300003
109.25
106.589996
109.139999
111.480003
111.849998
111.540001
111.440002
113.559998
115.160004
112.0
111.940002
111.290001
110.629997
109.330002
109.07
108.470001
105.239998
101.410004
104.93
101.519997
98.870003
100.260002
96.529999
97.629997
99.629997
98.800003
95.559998
96.019997
98.010002
98.370003
99.910004
98.470001
97.730003
99.449997
98.959999
93.879997
decrease
