33.849998
33.380001
33.900002
33.82
33.23
33.049999
27.799999
27.940001
28.870001
28.77
28.67
28.610001
28.379999
28.1
27.76
26.93
26.59
27.110001
26.84
26.5
26.5
26.84
26.91
26.84
26.799999
27.23
27.370001
27.1
26.85
27.219999
27.4
27.959999
28.290001
28.870001
28.67
28.700001
28.76
28.99
29.23
29.469999
29.33
29.42
29.440001
29.700001
29.299999
28.969999
29.68
29.440001
29.799999
29.549999
29.82
30.059999
29.780001
29.379999
29.700001
29.129999
29.1
29.33
29.360001
29.48
29.65
29.33
29.51
29.530001
30.870001
30.74
30.889999
30.57
30.34
29.940001
30.32
29.879999
30.059999
29.91
29.870001
30.4
30.719999
30.25
29.32
29.200001
29.639999
30.99
30.870001
30.1
30.07
30.26
30.34
30.309999
30.459999
30.540001
30.290001
30.120001
30.66
30.790001
30.92
29.870001
29.959999
29.059999
28.549999
29.15
29.190001
29.32
28.700001
29.02
29.26
29.09
29.0
28.889999
29.469999
29.559999
29.940001
30.940001
31.190001
31.049999
31.48
31.719999
31.309999
31.66
31.309999
31.440001
31.75
31.42
30.639999
30.82
31.5
30.98
31.51
31.709999
33.040001
32.68
32.650002
32.380001
32.869999
32.939999
32.599998
32.619999
32.830002
33.220001
33.110001
32.77
32.360001
32.07
32.09
32.07
32.59
32.560001
32.529999
33.380001
33.860001
33.860001
33.77
33.669998
33.490002
33.209999
34.490002
35.349998
35.889999
35.939999
37.450001
37.310001
37.389999
37.34
37.5
37.59
37.360001
36.639999
36.990002
37.189999
38.509998
38.18
37.959999
38.599998
38.77
38.709999
38.599998
38.970001
38.610001
38.860001
39.119999
39.400002
39.740002
39.259998
39.439999
39.66
39.759998
39.369999
37.93
38.060001
37.299999
38.470001
39.52
39.779999
39.740002
39.580002
40.209999
40.16
39.630001
39.68
39.66
38.68
36.880001
37.669998
37.5
34.98
35.029999
36.240002
36.009998
36.700001
36.84
36.73
36.560001
36.57
36.330002
37.150002
37.389999
36.810001
36.389999
35.849998
35.93
36.23
36.200001
36.299999
36.84
37.279999
36.98
36.68
36.099998
34.669998
35.200001
35.259998
35.400002
35.299999
33.73
32.509998
33.299999
32.669998
33.110001
33.529999
32.66
33.43
33.91
34.799999
33.810001
33.860001
34.459999
34.240002
34.830002
34.07
34.470001
34.57
34.889999
35.349998
decrease
