132.759995
132.940002
134.449997
135.589996
136.190002
135.369995
136.369995
135.770004
136.169998
135.710007
134.979996
135.960007
134.850006
134.869995
134.039993
134.839996
134.820007
136.029999
134.770004
133.539993
134.839996
136.809998
138.639999
139.899994
139.990005
140.850006
141.270004
141.979996
142.960007
144.699997
144.479996
144.220001
144.050003
144.440002
142.429993
141.869995
140.619995
141.179993
141.889999
141.229996
142.240005
141.380005
140.979996
140.800003
141.220001
141.119995
139.910004
139.589996
139.800003
138.809998
138.779999
138.220001
139.740005
139.270004
141.119995
140.559998
140.5
144.360001
143.199997
145.399994
144.809998
145.369995
146.220001
147.399994
146.190002
146.839996
146.059998
145.75
144.050003
147.800003
147.100006
147.869995
145.139999
146.369995
146.529999
146.729996
146.139999
145.179993
143.910004
144.179993
146.0
147.440002
147.410004
145.360001
144.289993
145.130005
145.509995
138.360001
138.770004
139.880005
139.570007
139.410004
139.330002
141.369995
141.089996
141.610001
141.119995
142.220001
142.5
143.690002
143.529999
143.029999
144.490005
143.880005
144.529999
143.039993
142.710007
140.669998
140.889999
140.139999
141.080002
140.970001
140.220001
142.020004
143.509995
143.630005
145.970001
148.309998
149.0
145.929993
144.690002
146.410004
146.559998
146.690002
147.289993
148.789993
148.639999
149.320007
150.490005
149.919998
149.690002
150.179993
148.820007
159.740005
155.369995
154.869995
154.429993
155.020004
156.179993
155.649994
156.220001
156.460007
156.619995
154.479996
155.75
155.949997
154.800003
156.479996
155.399994
154.75
155.729996
154.789993
154.669998
155.119995
155.779999
154.100006
156.0
155.869995
152.360001
152.029999
151.759995
151.149994
151.929993
152.710007
153.669998
153.309998
151.339996
154.25
155.490005
155.259995
154.779999
154.100006
154.139999
154.210007
155.619995
155.619995
154.839996
157.899994
158.789993
158.740005
161.059998
163.259995
160.779999
159.539993
158.600006
158.229996
159.470001
160.270004
160.279999
161.279999
162.520004
161.940002
164.490005
165.550003
168.910004
168.75
168.449997
164.380005
164.779999
162.25
154.399994
154.139999
153.669998
148.009995
151.220001
153.660004
154.559998
156.240005
158.539993
159.869995
158.740005
157.880005
158.960007
161.699997
165.770004
164.119995
162.160004
159.289993
160.800003
162.539993
162.729996
162.990005
163.350006
166.410004
167.889999
167.110001
166.380005
166.449997
167.509995
166.029999
166.509995
164.729996
160.809998
157.570007
160.399994
158.539993
157.970001
160.919998
156.25
159.089996
158.830002
160.070007
155.169998
157.050003
160.380005
157.850006
158.559998
158.350006
162.059998
163.649994
164.710007
163.550003
increase
