30.5
30.700001
30.969999
31.25
31.25
31.48
31.629999
32.119999
31.91
31.92
32.220001
32.299999
32.450001
32.369999
33.139999
31.459999
31.01
32.0
31.32
30.120001
29.74
29.02
29.58
29.790001
29.870001
29.950001
29.610001
30.059999
30.309999
30.34
30.08
30.07
30.27
30.27
30.110001
29.709999
29.530001
29.309999
29.09
28.41
28.450001
28.879999
28.559999
28.950001
28.809999
28.530001
28.860001
28.110001
28.889999
28.059999
28.25
27.469999
27.790001
27.719999
28.41
29.0
29.01
29.92
30.360001
30.08
30.52
30.57
31.02
31.17
31.18
31.08
31.52
31.27
30.940001
31.030001
30.99
31.190001
30.91
30.27
29.17
28.870001
28.49
28.6
27.84
28.290001
28.57
28.41
28.299999
28.040001
28.450001
28.139999
28.76
29.209999
29.379999
29.469999
29.92
29.690001
29.889999
29.98
29.860001
29.809999
29.6
30.6
31.629999
32.75
33.73
33.080002
32.950001
33.240002
33.77
34.16
33.720001
33.040001
33.02
32.849998
32.740002
33.049999
33.07
32.810001
32.779999
33.02
33.25
33.700001
33.919998
32.630001
31.59
31.610001
31.9
32.360001
32.060001
32.009998
32.150002
32.330002
32.66
32.220001
32.360001
32.18
31.860001
32.09
32.41
32.5
32.16
29.379999
29.879999
28.9
28.68
29.030001
28.59
28.360001
27.969999
28.1
27.709999
28.280001
28.040001
28.190001
28.110001
28.43
28.559999
28.84
28.969999
28.57
28.969999
29.110001
27.75
27.440001
27.360001
27.559999
27.98
29.219999
28.92
28.629999
28.75
28.98
28.65
28.309999
28.16
28.48
28.32
28.23
28.450001
28.48
28.059999
28.91
28.91
28.969999
29.51
29.57
29.01
28.66
28.77
28.82
27.870001
27.52
27.25
27.459999
26.540001
26.610001
26.799999
27.15
27.709999
27.07
26.620001
27.23
27.360001
27.02
26.790001
27.08
26.58
25.59
25.91
26.1
26.58
27.02
27.700001
27.549999
27.02
27.030001
26.98
27.43
27.23
26.32
26.290001
26.51
26.91
27.09
26.959999
27.24
27.629999
27.85
27.76
27.34
27.370001
27.540001
27.370001
26.67
26.52
26.93
26.6
25.700001
26.209999
25.51
25.639999
25.85
25.200001
25.68
26.1
26.15
26.0
25.98
26.450001
26.83
27.6
27.52
27.75
27.92
27.91
27.85
decrease
