52.450001
52.200001
52.860001
53.130001
53.209999
53.43
52.869999
52.849998
52.869999
52.91
54.599998
55.310001
54.900002
54.91
54.540001
55.009998
53.950001
54.040001
54.189999
54.400002
54.43
54.580002
54.950001
54.23
54.220001
54.279999
54.43
54.200001
54.560001
55.400002
55.73
55.470001
55.099998
54.75
54.990002
55.189999
55.32
55.380001
55.419998
55.529999
54.380001
54.5
53.860001
53.349998
52.779999
49.919998
49.950001
49.27
49.869999
49.860001
50.330002
50.540001
49.380001
49.110001
49.450001
49.369999
49.240002
50.200001
50.389999
50.57
50.720001
50.389999
51.0
50.82
51.080002
51.549999
51.970001
52.110001
52.560001
52.25
52.619999
52.580002
52.68
52.099998
52.330002
52.48
52.080002
51.32
50.869999
51.580002
51.09
51.59
51.189999
51.189999
51.169998
51.169998
51.610001
51.66
51.220001
52.32
52.139999
52.290001
52.709999
52.669998
52.970001
53.02
52.91
53.110001
52.919998
53.290001
52.849998
53.490002
52.68
53.66
53.93
53.919998
54.389999
53.869999
53.369999
54.09
54.110001
54.130001
54.049999
53.950001
53.98
53.740002
54.240002
54.290001
54.23
53.970001
53.93
53.779999
54.279999
54.450001
54.75
54.830002
54.869999
54.740002
54.889999
54.950001
54.740002
54.549999
54.860001
54.799999
54.689999
55.619999
55.560001
55.84
56.66
54.169998
52.59
53.98
54.02
54.189999
54.02
54.93
54.099998
54.48
54.889999
54.970001
54.650002
54.900002
54.919998
55.16
56.330002
57.700001
57.73
57.779999
59.529999
59.279999
59.52
60.91
62.639999
61.98
61.84
61.619999
60.900002
60.950001
61.34
61.02
60.779999
60.59
60.720001
60.759998
60.860001
61.060001
60.73
60.5
60.630001
60.84
61.450001
61.580002
61.380001
61.349998
61.220001
61.380001
61.720001
62.200001
62.220001
63.209999
63.59
63.34
63.73
63.990002
64.120003
63.389999
63.299999
62.869999
61.990002
61.18
57.48
59.639999
58.43
57.0
58.330002
58.130001
58.419998
58.349998
59.369999
60.0
58.880001
58.549999
58.860001
59.68
60.279999
59.849998
59.650002
59.459999
59.66
60.040001
60.869999
60.130001
60.48
61.279999
60.52
60.700001
59.880001
59.380001
60.119999
60.18
60.43
60.299999
59.77
59.32
59.959999
59.360001
59.369999
59.959999
58.360001
59.439999
61.209999
60.310001
59.720001
59.849998
60.619999
60.52
60.509998
60.419998
61.259998
62.5
61.849998
61.580002
decrease
