40.360001
39.93
40.02
39.939999
40.439999
39.91
39.630001
39.099998
38.950001
38.400002
38.009998
38.560001
38.57
38.220001
38.450001
38.439999
38.490002
38.59
38.189999
37.459999
37.950001
38.240002
38.25
38.310001
38.150002
38.23
38.119999
38.549999
38.529999
38.869999
38.869999
38.810001
38.73
38.759998
38.5
38.790001
39.07
38.68
38.720001
38.84
38.959999
38.91
38.66
38.150002
38.099998
37.950001
38.150002
37.700001
37.939999
37.619999
37.73
38.110001
38.119999
37.18
36.98
36.830002
36.599998
36.830002
36.209999
36.299999
36.389999
35.990002
36.130001
36.52
36.509998
36.23
36.220001
38.029999
39.41
39.0
39.0
38.880001
38.27
38.279999
38.43
38.52
38.360001
38.360001
38.189999
38.099998
38.5
38.16
38.23
37.599998
37.369999
37.580002
37.98
37.919998
37.68
37.990002
37.939999
37.849998
37.669998
37.459999
37.48
37.09
36.57
35.599998
35.59
35.740002
36.259998
36.549999
36.32
37.099998
37.419998
38.209999
38.43
38.220001
38.59
39.119999
38.720001
38.77
39.040001
39.169998
39.110001
39.48
39.5
39.509998
38.59
38.299999
38.5
38.189999
35.860001
35.700001
36.169998
36.23
35.709999
35.689999
35.540001
35.25
34.860001
33.490002
33.68
33.970001
33.540001
33.650002
33.549999
33.169998
33.299999
32.860001
33.07
33.439999
34.0
34.220001
34.169998
33.720001
33.810001
34.52
34.509998
34.639999
34.330002
34.869999
34.810001
34.68
35.419998
36.48
36.380001
36.5
37.27
36.549999
36.110001
36.169998
36.73
36.900002
38.099998
38.040001
37.740002
38.240002
38.459999
38.049999
38.549999
38.880001
38.939999
39.060001
38.889999
39.18
38.880001
38.540001
37.650002
38.0
38.139999
38.25
37.490002
36.619999
36.48
36.900002
36.720001
36.849998
37.150002
37.209999
37.869999
37.189999
37.02
37.450001
37.82
37.259998
37.439999
37.450001
39.16
38.07
36.630001
36.830002
36.93
35.57
36.049999
36.369999
36.599998
36.41
37.0
37.139999
36.77
36.310001
36.470001
36.720001
37.459999
36.869999
36.299999
36.0
36.349998
36.700001
36.869999
36.91
37.110001
37.049999
37.360001
37.389999
37.029999
37.040001
37.0
36.580002
36.34
36.0
35.369999
34.700001
34.689999
34.900002
35.560001
35.650002
35.099998
35.369999
35.880001
36.139999
35.630001
35.169998
35.810001
35.25
35.16
35.139999
35.639999
35.360001
35.209999
34.82
decrease
