95.050003
94.860001
96.040001
96.519997
95.830002
95.779999
95.889999
95.260002
95.360001
90.889999
91.730003
93.120003
93.93
92.800003
92.82
93.489998
93.739998
94.080002
94.07
93.029999
92.519997
94.129997
95.169998
94.849998
94.440002
94.660004
95.779999
95.279999
94.790001
96.589996
96.860001
96.25
96.019997
89.779999
87.160004
87.400002
88.260002
88.980003
88.120003
87.639999
86.849998
86.580002
86.660004
85.769997
85.949997
86.5
86.349998
86.379997
87.419998
86.459999
86.339996
86.410004
86.440002
86.199997
86.129997
85.610001
85.919998
86.75
86.989998
87.889999
87.510002
87.620003
88.529999
87.540001
87.980003
87.959999
88.580002
89.040001
89.57
89.110001
88.980003
89.190002
91.830002
90.870003
90.510002
89.849998
90.660004
90.5
90.199997
90.400002
90.870003
91.07
91.339996
89.959999
89.739998
89.730003
89.019997
89.389999
89.809998
91.0
89.489998
89.389999
89.629997
89.75
90.029999
88.879997
88.720001
87.940002
88.25
89.410004
89.699997
88.580002
87.769997
87.25
86.129997
85.470001
83.480003
82.809998
82.809998
82.220001
82.349998
81.860001
81.349998
81.639999
82.019997
81.919998
83.18
83.110001
83.18
82.260002
83.970001
84.139999
84.349998
83.589996
82.75
82.699997
82.599998
83.580002
83.25
83.610001
83.57
82.260002
80.370003
78.43
78.949997
80.870003
81.040001
79.080002
79.760002
78.889999
78.879997
79.629997
80.529999
80.339996
80.839996
80.519997
78.790001
79.489998
79.68
79.199997
79.32
79.540001
79.669998
79.379997
78.580002
76.519997
78.099998
79.209999
80.510002
80.32
81.07
79.949997
80.139999
80.790001
80.150002
79.5
79.370003
79.800003
80.849998
80.699997
80.589996
81.18
81.099998
81.82
81.68
82.029999
82.07
82.239998
81.449997
82.0
82.93
83.82
83.629997
85.209999
84.489998
84.879997
84.720001
84.68
83.25
83.769997
84.059998
83.260002
83.889999
83.790001
84.389999
83.480003
83.480003
84.019997
83.550003
81.059998
77.68
77.980003
76.160004
74.510002
74.209999
75.769997
75.699997
80.449997
81.739998
81.470001
79.75
78.75
78.449997
78.660004
77.93
76.580002
76.25
76.839996
78.339996
78.029999
78.790001
78.260002
80.550003
81.089996
80.959999
80.459999
81.099998
81.410004
80.190002
79.470001
76.879997
76.050003
74.389999
72.160004
73.910004
74.230003
75.410004
75.330002
73.089996
73.639999
74.099998
73.879997
73.160004
73.18
73.989998
73.889999
73.610001
72.980003
73.550003
73.709999
73.230003
73.059998
decrease
