239.949997
240.210007
248.330002
248.169998
250.729996
250.889999
246.729996
249.880005
250.839996
247.619995
250.039993
254.979996
255.029999
242.419998
244.940002
243.149994
243.300003
248.440002
248.960007
242.809998
247.800003
255.559998
257.399994
263.279999
265.440002
267.029999
264.410004
266.390015
268.079987
269.140015
271.670013
270.589996
270.170013
270.040009
273.25
269.929993
262.779999
269.290009
270.589996
271.320007
270.26001
271.119995
266.0
267.950012
267.5
268.119995
268.25
265.380005
267.480011
265.01001
268.869995
265.089996
268.309998
263.600006
266.660004
270.609985
270.630005
274.600006
275.290009
282.140015
282.200012
280.549988
286.440002
283.859985
286.5
287.019989
287.600006
286.049988
282.48999
282.660004
282.140015
283.079987
282.450012
280.130005
280.600006
284.390015
285.700012
277.720001
273.380005
274.359985
278.730011
278.920013
280.359985
274.690002
273.109985
271.429993
275.339996
271.820007
271.429993
270.649994
271.079987
274.75
276.51001
260.660004
256.859985
254.100006
250.429993
253.75
254.020004
255.0
254.179993
252.399994
254.720001
256.149994
264.640015
265.200012
259.25
264.269989
260.399994
258.220001
256.549988
254.470001
253.550003
255.649994
258.179993
262.329987
262.880005
268.25
264.970001
266.399994
266.529999
264.559998
266.160004
265.48999
263.619995
266.0
265.700012
264.5
268.600006
267.579987
267.820007
272.619995
273.0
277.5
277.200012
277.5
280.950012
282.549988
282.519989
283.0
283.329987
284.970001
265.579987
267.0
262.0
268.019989
265.149994
268.399994
263.079987
266.640015
267.149994
268.98999
275.649994
273.98999
277.059998
279.320007
283.790009
279.869995
275.01001
271.950012
274.0
275.149994
274.619995
274.380005
270.0
272.600006
274.480011
276.549988
275.399994
270.920013
271.420013
272.859985
270.649994
273.109985
273.809998
275.769989
274.619995
275.109985
270.220001
272.839996
274.910004
276.019989
282.410004
281.230011
287.51001
292.5
293.850006
294.440002
294.100006
299.170013
296.850006
300.369995
303.899994
306.850006
314.130005
317.279999
317.369995
316.910004
315.200012
307.279999
296.859985
290.660004
292.100006
283.0
282.549988
286.200012
285.799988
290.390015
298.440002
298.350006
298.75
292.720001
292.98999
297.779999
295.160004
291.380005
288.309998
284.559998
285.149994
285.579987
284.089996
287.019989
286.01001
292.0
288.0
289.51001
295.119995
296.0
299.230011
302.5
308.140015
309.339996
302.730011
302.799988
309.390015
305.140015
300.790009
306.940002
301.070007
305.470001
308.109985
310.940002
306.359985
303.200012
306.23999
306.73999
308.190002
309.220001
320.25
323.630005
326.369995
329.059998
decrease
