74.120003
73.610001
75.209999
75.599998
76.650002
76.989998
77.370003
76.699997
75.620003
75.07
75.650002
75.449997
75.82
75.809998
76.260002
76.470001
75.669998
75.989998
76.43
73.949997
73.889999
74.669998
75.459999
75.970001
76.849998
78.169998
78.010002
79.010002
78.849998
79.82
79.470001
79.879997
79.43
79.730003
79.949997
79.589996
78.339996
78.769997
78.709999
78.839996
78.709999
80.029999
79.300003
78.970001
78.809998
78.769997
78.650002
77.949997
78.910004
78.089996
78.68
78.150002
78.839996
78.239998
79.080002
79.43
79.239998
81.190002
81.220001
81.489998
81.599998
81.800003
83.110001
82.589996
82.029999
81.669998
83.220001
80.650002
80.57
81.889999
80.389999
79.849998
80.639999
79.720001
80.379997
80.900002
80.68
81.190002
78.790001
78.660004
79.68
78.889999
79.459999
77.610001
77.709999
78.309998
78.75
78.529999
78.230003
78.489998
77.769997
78.529999
78.860001
79.599998
79.739998
79.120003
79.150002
78.800003
78.93
80.970001
81.440002
81.470001
81.279999
82.150002
82.620003
82.529999
82.510002
82.209999
82.360001
81.139999
82.050003
82.769997
82.629997
83.059998
83.790001
84.860001
85.760002
86.080002
86.230003
86.230003
86.510002
86.75
87.440002
87.739998
88.269997
87.730003
87.519997
87.440002
88.470001
88.080002
89.089996
88.900002
88.589996
89.419998
89.5
90.970001
91.870003
91.57
92.730003
92.970001
93.230003
93.699997
92.919998
93.529999
93.360001
93.82
92.769997
95.150002
95.040001
95.889999
95.949997
94.510002
95.260002
94.800003
95.699997
94.25
94.440002
93.730003
92.870003
92.559998
92.279999
93.889999
94.82
95.040001
95.650002
95.269997
95.510002
96.220001
95.989998
95.910004
96.230003
95.540001
94.949997
95.260002
95.190002
95.239998
95.040001
95.32
96.93
97.379997
99.599998
99.809998
98.82
98.519997
99.260002
100.169998
100.110001
100.57
99.970001
100.730003
101.260002
100.699997
102.389999
102.639999
104.349998
103.879997
102.330002
102.529999
103.779999
102.18
98.720001
99.139999
99.610001
95.269997
96.400002
98.699997
98.790001
99.739998
101.400002
102.099998
102.510002
102.169998
101.019997
102.269997
104.440002
104.389999
103.089996
100.080002
101.379997
101.589996
101.93
102.169998
102.830002
105.75
105.239998
104.620003
103.93
104.510002
104.440002
103.370003
104.540001
104.68
100.489998
96.839996
98.959999
97.800003
96.339996
99.900002
96.910004
98.300003
98.339996
98.790001
95.910004
96.25
99.160004
98.720001
99.099998
99.370003
99.620003
100.849998
102.18
101.050003
decrease
