54.639999
54.779999
54.82
55.150002
55.98
56.09
55.849998
55.77
56.16
57.34
57.290001
57.32
57.299999
58.080002
58.41
56.060001
55.799999
55.349998
54.529999
55.040001
55.830002
55.990002
55.459999
54.490002
54.130001
54.200001
54.400002
54.939999
55.150002
55.66
55.52
55.630001
54.580002
54.470001
54.630001
56.900002
57.869999
57.380001
57.860001
55.459999
52.610001
51.709999
50.91
50.52
50.630001
50.759998
51.48
52.07
52.060001
52.09
52.290001
52.650002
52.16
51.439999
51.07
50.18
50.41
50.869999
53.310001
53.23
53.73
53.73
54.099998
54.580002
54.84
54.049999
55.099998
54.959999
56.049999
56.110001
56.669998
56.860001
56.799999
57.040001
57.580002
57.880001
58.740002
57.869999
55.639999
55.650002
55.790001
54.349998
56.310001
56.119999
55.650002
56.560001
56.540001
56.459999
54.209999
55.009998
54.439999
54.549999
54.32
54.529999
56.220001
57.349998
58.02
58.419998
57.27
57.290001
57.889999
59.509998
59.470001
59.959999
59.09
59.349998
59.259998
58.330002
58.990002
58.549999
58.59
58.869999
58.91
59.009998
58.889999
58.580002
58.66
58.380001
57.119999
56.25
57.599998
59.150002
60.189999
60.849998
60.150002
60.169998
60.029999
60.43
61.759998
62.580002
62.93
61.919998
62.009998
60.259998
59.549999
59.040001
58.860001
59.790001
59.360001
59.290001
57.889999
58.369999
59.900002
61.400002
60.400002
60.09
54.16
55.099998
58.139999
57.880001
57.25
57.490002
55.880001
55.84
56.619999
61.68
59.900002
59.509998
62.560001
62.200001
60.720001
61.09
61.369999
61.759998
61.02
62.669998
61.939999
62.610001
64.080002
64.059998
64.480003
65.220001
65.389999
65.82
65.139999
64.82
65.25
67.629997
67.169998
65.849998
66.550003
67.18
69.139999
70.730003
74.0
76.800003
74.959999
76.82
77.900002
78.099998
78.580002
78.120003
76.889999
76.300003
76.949997
76.800003
75.099998
75.220001
74.970001
72.949997
70.769997
72.709999
73.25
71.110001
72.449997
71.879997
73.879997
75.349998
76.040001
75.699997
72.860001
72.959999
75.029999
75.410004
76.900002
75.57
75.410004
74.129997
75.150002
75.139999
71.790001
71.43
69.75
70.489998
70.669998
71.169998
70.650002
70.629997
70.989998
70.339996
71.559998
70.139999
68.889999
67.879997
70.279999
68.510002
69.18
69.43
68.980003
69.529999
71.860001
72.440002
72.290001
71.480003
72.790001
72.82
72.43
71.519997
72.0
72.449997
72.529999
70.980003
decrease
