92.139999
91.690002
92.589996
92.830002
93.099998
92.370003
91.650002
91.300003
92.07
92.169998
91.0
92.489998
91.400002
92.459999
92.949997
92.019997
92.5
92.25
92.449997
91.059998
91.970001
92.919998
93.669998
93.139999
85.029999
85.82
86.18
85.93
86.959999
89.239998
89.989998
91.040001
91.599998
92.269997
93.660004
94.690002
93.139999
91.839996
91.5
91.019997
92.080002
93.900002
92.279999
91.309998
91.43
91.790001
92.309998
93.690002
93.889999
92.519997
93.870003
93.68
93.07
93.050003
93.839996
91.330002
90.839996
92.459999
94.040001
91.900002
92.160004
91.790001
91.860001
92.629997
93.709999
93.440002
95.040001
95.089996
95.190002
96.339996
95.510002
95.860001
92.440002
92.849998
93.0
92.160004
91.32
91.239998
89.339996
90.290001
90.730003
88.110001
89.379997
88.370003
88.029999
87.82
88.5
88.720001
87.550003
88.0
89.349998
88.279999
87.650002
91.400002
92.370003
92.25
93.480003
93.510002
93.160004
95.599998
96.480003
95.510002
90.949997
90.309998
89.470001
90.32
89.93
89.849998
87.839996
88.029999
89.660004
89.870003
90.940002
91.779999
92.699997
93.019997
94.0
94.139999
94.610001
93.440002
92.870003
93.269997
92.080002
94.400002
94.690002
94.940002
94.419998
93.599998
94.540001
93.669998
93.949997
93.480003
94.099998
94.050003
93.550003
93.620003
93.980003
93.010002
92.559998
92.989998
92.349998
90.870003
91.0
91.57
93.080002
93.550003
92.510002
92.940002
94.830002
94.330002
93.540001
94.089996
93.040001
93.290001
94.040001
92.550003
94.5
97.25
95.540001
95.019997
95.190002
95.519997
95.75
96.339996
95.5
96.099998
99.339996
101.339996
100.610001
100.419998
100.050003
102.459999
102.839996
105.199997
105.239998
104.220001
103.949997
106.43
107.029999
106.75
106.57
106.839996
106.540001
105.839996
107.459999
108.459999
107.580002
108.989998
108.050003
107.769997
109.879997
108.860001
109.120003
109.129997
109.709999
109.300003
108.519997
106.650002
106.849998
105.510002
100.739998
103.050003
103.080002
99.620003
101.879997
100.730003
100.959999
103.110001
101.690002
101.470001
100.699997
101.5
101.790001
104.169998
103.709999
102.400002
101.040001
101.440002
101.699997
101.029999
101.349998
100.580002
102.089996
101.760002
100.419998
101.290001
101.019997
102.709999
97.510002
97.620003
97.769997
97.040001
95.160004
95.940002
97.790001
96.540001
98.029999
97.660004
94.870003
94.199997
96.559998
98.120003
95.580002
96.059998
97.519997
97.699997
98.449997
99.019997
99.809998
100.519997
100.0
98.029999
increase
