78.169998
78.559998
78.620003
78.779999
78.919998
78.970001
78.639999
77.650002
78.910004
79.139999
78.970001
78.690002
78.5
78.980003
80.720001
79.470001
77.309998
76.900002
73.760002
74.769997
74.480003
74.269997
75.290001
74.400002
73.989998
75.370003
75.529999
74.849998
75.209999
75.900002
75.220001
75.029999
73.970001
74.190002
72.779999
73.68
73.769997
73.910004
73.169998
72.540001
72.440002
72.349998
70.18
69.400002
68.75
69.269997
69.940002
69.959999
71.410004
71.080002
72.169998
71.57
71.18
70.290001
70.349998
68.68
68.599998
68.93
69.980003
69.800003
70.360001
69.949997
70.300003
69.599998
68.919998
66.900002
68.699997
68.470001
69.639999
69.599998
70.309998
70.720001
70.510002
69.599998
70.160004
70.68
71.5
71.260002
70.260002
71.07
69.620003
70.160004
71.589996
70.25
70.470001
71.459999
71.599998
71.589996
70.889999
71.669998
71.800003
71.489998
72.050003
72.300003
72.379997
72.339996
73.029999
72.919998
72.389999
72.839996
73.540001
73.489998
73.209999
73.739998
73.419998
72.830002
72.419998
72.82
72.449997
73.830002
73.779999
74.160004
73.949997
73.730003
73.400002
73.82
73.650002
73.809998
73.599998
73.029999
72.25
72.550003
71.779999
72.07
71.169998
71.800003
71.300003
71.410004
72.089996
72.199997
71.739998
71.440002
71.470001
70.540001
69.349998
69.800003
69.720001
70.209999
68.599998
68.230003
68.300003
67.980003
69.25
70.220001
70.760002
67.940002
69.040001
69.059998
71.019997
71.190002
71.230003
70.57
70.870003
70.959999
72.650002
74.779999
75.550003
75.349998
77.0
75.599998
75.050003
73.839996
73.879997
73.300003
73.620003
73.900002
73.419998
74.169998
75.470001
76.059998
75.800003
76.300003
76.25
77.449997
76.970001
76.379997
76.459999
76.690002
75.309998
75.43
77.150002
75.650002
75.5
76.269997
76.879997
78.279999
76.589996
76.580002
77.25
78.889999
79.459999
79.32
79.25
79.260002
80.510002
80.830002
80.349998
80.32
80.099998
78.470001
76.059998
75.989998
76.199997
74.360001
75.639999
75.709999
75.550003
76.57
77.980003
77.879997
76.370003
75.839996
76.400002
77.959999
78.849998
77.309998
82.68
82.839996
83.650002
83.830002
84.389999
82.629997
82.660004
82.669998
82.470001
82.300003
81.879997
81.339996
81.410004
81.389999
81.839996
82.879997
81.0
79.879997
81.07
80.440002
80.690002
81.559998
80.559998
82.330002
83.970001
84.959999
83.440002
82.610001
82.370003
82.050003
82.529999
81.260002
82.739998
83.449997
83.18
82.639999
decrease
