76.0
76.330002
77.279999
77.269997
77.07
77.43
76.709999
76.900002
76.760002
76.879997
76.709999
76.830002
76.620003
76.040001
76.120003
75.580002
75.239998
76.019997
75.639999
74.110001
74.57
74.370003
74.75
75.059998
74.760002
75.650002
75.230003
75.269997
75.5
76.589996
76.470001
75.860001
74.800003
74.709999
75.290001
76.760002
76.629997
76.959999
76.940002
76.989998
77.239998
77.769997
77.209999
76.139999
75.639999
75.68
75.959999
75.669998
76.809998
76.32
76.5
77.25
76.800003
76.730003
77.639999
77.860001
77.449997
77.800003
78.230003
78.150002
78.370003
78.089996
78.209999
78.239998
78.32
78.489998
78.790001
77.959999
78.800003
78.889999
78.970001
79.120003
78.93
78.839996
79.07
78.980003
79.269997
79.230003
78.449997
78.160004
78.769997
78.860001
78.75
76.849998
76.610001
76.519997
77.43
77.300003
77.099998
77.699997
77.209999
76.809998
76.940002
76.970001
77.519997
75.870003
76.050003
74.68
76.07
76.839996
77.779999
77.160004
76.93
77.220001
77.529999
77.889999
78.620003
78.650002
78.639999
78.919998
78.870003
79.839996
79.739998
80.089996
80.330002
80.410004
80.32
80.809998
80.809998
80.529999
80.93
81.099998
81.529999
81.610001
82.050003
81.889999
82.160004
82.529999
83.120003
83.699997
83.879997
84.580002
85.080002
84.959999
84.519997
84.129997
84.760002
85.540001
85.419998
85.68
85.18
85.239998
84.5
84.260002
84.690002
85.18
85.370003
85.010002
85.440002
85.080002
85.269997
85.169998
85.160004
85.739998
87.529999
89.089996
88.849998
88.529999
89.400002
89.0
89.029999
89.169998
89.949997
89.629997
89.769997
89.309998
88.860001
89.610001
89.870003
90.139999
90.419998
90.510002
90.690002
90.629997
90.690002
91.160004
90.709999
90.209999
90.470001
90.699997
91.059998
91.330002
92.07
92.760002
92.860001
92.25
91.419998
92.029999
91.660004
92.150002
92.779999
92.769997
93.07
92.709999
93.32
92.339996
91.330002
90.849998
90.739998
88.209999
83.959999
83.419998
83.279999
80.519997
82.639999
83.529999
84.040001
86.300003
86.120003
86.650002
86.379997
86.169998
85.639999
86.510002
87.599998
86.989998
85.370003
83.169998
82.959999
84.110001
84.720001
84.839996
85.620003
87.339996
87.019997
86.379997
85.239998
85.540001
85.589996
85.440002
86.029999
86.059998
83.830002
80.910004
84.120003
83.169998
83.699997
84.169998
82.199997
83.580002
84.589996
84.959999
82.980003
83.150002
84.169998
83.419998
84.230003
84.339996
85.089996
85.360001
85.709999
87.220001
decrease
