155.360001
155.039993
157.339996
158.809998
168.009995
166.699997
165.330002
166.619995
167.25
168.320007
170.119995
171.059998
170.389999
172.119995
170.970001
171.009995
171.520004
172.259995
172.270004
170.970001
171.740005
171.529999
172.100006
171.830002
172.330002
172.899994
173.419998
173.25
172.789993
174.820007
176.389999
176.440002
176.070007
176.339996
174.809998
174.929993
173.380005
174.929993
174.570007
174.130005
174.860001
176.25
175.669998
175.600006
175.470001
174.440002
173.229996
173.699997
175.770004
173.889999
174.470001
174.410004
175.740005
175.039993
177.490005
177.669998
178.639999
180.199997
180.029999
180.949997
180.789993
179.350006
180.149994
181.550003
182.179993
182.160004
180.130005
175.059998
175.270004
175.970001
175.529999
175.470001
176.440002
175.740005
176.330002
177.350006
173.990005
173.259995
171.740005
173.229996
174.029999
173.559998
175.440002
172.889999
172.570007
174.009995
176.789993
175.809998
175.960007
177.220001
178.429993
180.520004
182.949997
187.139999
186.0
186.020004
189.410004
190.589996
191.630005
193.570007
194.039993
191.470001
191.690002
190.630005
191.860001
189.619995
188.600006
187.910004
188.300003
187.320007
187.669998
188.470001
186.449997
189.199997
191.539993
190.330002
193.509995
193.429993
193.210007
193.259995
192.639999
193.460007
193.389999
192.419998
191.279999
188.770004
189.220001
192.440002
193.860001
194.369995
194.380005
199.669998
200.369995
192.419998
192.020004
193.830002
194.190002
191.279999
193.710007
193.529999
193.210007
193.860001
191.889999
186.179993
188.210007
189.080002
188.509995
190.610001
190.169998
191.0
192.929993
192.75
193.509995
193.919998
196.300003
192.619995
192.759995
192.199997
182.029999
182.449997
183.869995
185.630005
187.960007
189.490005
189.490005
191.470001
188.320007
192.270004
193.570007
193.889999
192.289993
191.130005
190.419998
190.339996
191.169998
191.169998
189.880005
192.979996
196.520004
198.979996
202.389999
202.720001
206.100006
206.289993
208.660004
210.169998
208.009995
211.479996
212.410004
213.509995
215.320007
214.550003
215.320007
217.880005
219.779999
218.809998
214.619995
224.110001
222.360001
217.690002
208.309998
209.479996
207.550003
198.729996
200.179993
204.509995
203.5
208.309998
210.720001
210.610001
207.839996
209.789993
209.130005
211.710007
214.070007
210.679993
208.580002
205.210007
206.440002
206.759995
210.119995
212.160004
211.699997
217.889999
217.490005
215.119995
213.460007
212.449997
210.440002
211.720001
214.720001
212.960007
207.330002
204.649994
209.679993
206.619995
205.919998
206.460007
203.139999
206.679993
209.320007
211.860001
205.559998
209.550003
215.190002
212.789993
213.330002
214.350006
215.910004
218.229996
219.529999
216.990005
decrease
