39.779999
39.110001
39.299999
39.57
39.419998
39.82
39.389999
38.740002
43.150002
42.66
42.560001
42.66
44.709999
45.200001
45.939999
45.73
45.27
45.41
44.990002
44.75
44.669998
45.32
45.740002
46.009998
46.110001
46.07
46.330002
46.07
46.209999
46.16
46.0
46.560001
46.5
46.349998
46.490002
46.720001
46.369999
46.139999
46.290001
46.07
46.23
46.549999
45.700001
46.549999
46.48
46.709999
47.259998
47.119999
47.330002
46.860001
47.34
47.330002
47.099998
46.68
47.68
47.57
47.009998
47.049999
47.439999
47.990002
47.939999
47.75
48.150002
48.080002
48.740002
48.549999
48.52
47.889999
47.970001
48.689999
47.139999
47.790001
46.220001
46.150002
47.009998
47.57
47.830002
47.759998
47.09
47.549999
47.919998
40.639999
40.720001
41.0
40.380001
40.889999
40.98
40.950001
41.32
41.880001
41.900002
41.709999
41.200001
41.700001
41.970001
41.369999
41.52
40.66
40.43
40.799999
41.279999
42.099998
41.630001
41.400002
40.470001
40.349998
39.459999
39.610001
39.950001
39.150002
39.68
40.240002
40.119999
40.279999
40.669998
39.830002
39.720001
39.810001
39.830002
39.68
40.0
38.869999
39.419998
39.57
39.32
39.639999
39.470001
39.470001
40.349998
39.799999
40.259998
40.259998
40.389999
40.279999
39.900002
40.950001
40.68
41.349998
41.150002
41.48
41.93
40.080002
40.16
40.82
40.439999
40.200001
40.259998
41.0
41.66
42.07
41.25
41.029999
40.860001
40.59
40.650002
41.509998
41.689999
41.540001
41.650002
41.650002
41.709999
41.98
42.259998
41.389999
41.509998
42.27
42.82
42.830002
43.490002
43.48
43.279999
44.27
44.380001
44.950001
44.650002
44.34
44.23
45.259998
45.27
45.200001
45.41
45.290001
45.349998
45.23
45.52
45.779999
45.900002
46.990002
47.310001
47.759998
47.509998
47.580002
47.540001
47.43
47.740002
48.439999
47.849998
47.040001
46.959999
45.959999
44.970001
49.02
50.099998
48.849998
49.060001
49.91
50.139999
50.490002
50.630001
50.060001
49.41
49.580002
49.77
50.650002
51.16
50.650002
50.91
50.27
50.950001
50.98
51.200001
50.689999
51.959999
52.490002
52.459999
52.98
52.48
52.369999
52.77
52.209999
53.18
52.970001
51.950001
51.740002
53.240002
53.110001
52.509998
52.610001
51.48
51.810001
52.619999
54.0
52.470001
52.610001
53.07
52.459999
52.68
52.509998
53.189999
53.700001
53.330002
53.290001
decrease
