42.709999
42.650002
43.34
43.650002
44.5
45.099998
45.009998
44.959999
46.099998
45.110001
45.889999
46.169998
47.029999
46.919998
47.990002
45.630001
46.25
46.669998
45.619999
43.970001
44.610001
44.080002
42.970001
40.869999
40.799999
39.82
39.07
39.060001
38.509998
39.970001
39.130001
39.040001
38.07
37.279999
37.389999
37.48
37.810001
38.779999
38.57
37.91
37.91
36.099998
36.009998
35.82
35.740002
36.959999
36.669998
36.490002
38.139999
38.0
38.200001
38.48
37.779999
36.66
36.639999
36.189999
36.41
37.310001
38.029999
38.130001
38.0
38.279999
39.599998
37.889999
37.540001
37.27
38.82
39.060001
38.529999
39.380001
39.02
37.349998
37.57
37.810001
39.509998
39.560001
39.549999
40.540001
39.709999
42.18
41.48
40.66
40.169998
39.209999
39.919998
40.48
41.09
41.34
43.32
41.720001
41.98
41.689999
42.57
42.73
42.740002
44.549999
44.310001
45.810001
45.060001
44.48
44.82
44.41
42.970001
43.93
43.59
43.599998
43.919998
44.240002
44.369999
41.23
41.130001
41.939999
40.459999
40.529999
40.98
41.84
43.400002
43.610001
41.610001
42.040001
40.990002
40.330002
39.529999
39.400002
39.720001
40.360001
40.009998
40.48
40.299999
39.740002
39.299999
37.59
37.75
37.049999
37.349998
37.5
37.869999
38.490002
38.880001
39.529999
30.35
31.66
31.559999
31.190001
30.75
30.059999
30.530001
30.33
30.59
30.48
32.810001
34.189999
34.169998
34.400002
34.709999
34.57
34.619999
34.290001
34.759998
34.389999
34.419998
34.450001
34.5
35.32
35.099998
34.709999
34.490002
35.029999
35.459999
34.77
34.459999
34.740002
34.57
34.529999
34.529999
34.5
34.459999
34.77
34.970001
34.919998
34.73
34.669998
34.59
34.490002
35.279999
36.540001
35.889999
35.900002
35.619999
35.450001
37.200001
36.299999
36.310001
36.490002
36.779999
36.330002
34.900002
34.669998
34.619999
34.349998
35.619999
40.84
41.049999
40.049999
38.310001
37.709999
39.880001
40.720001
42.400002
43.32
42.650002
42.369999
41.650002
42.299999
41.450001
39.73
40.080002
39.759998
39.689999
41.970001
42.380001
42.580002
42.450001
43.029999
43.169998
42.279999
44.049999
43.740002
43.77
42.720001
41.779999
41.59
40.110001
40.040001
41.939999
40.330002
40.610001
40.889999
39.119999
40.009998
41.419998
41.369999
40.150002
39.799999
40.830002
40.330002
40.709999
40.52
41.139999
41.98
42.099998
41.639999
decrease
