72.300003
71.790001
72.629997
69.589996
70.160004
70.519997
70.889999
70.620003
71.379997
71.860001
71.779999
71.900002
71.050003
71.519997
72.050003
71.25
71.260002
72.050003
71.830002
69.230003
69.709999
70.629997
71.300003
71.059998
68.68
69.660004
69.699997
69.779999
70.440002
71.800003
71.529999
71.879997
71.059998
71.900002
71.959999
73.269997
73.919998
73.360001
73.239998
73.25
73.349998
74.029999
73.339996
73.040001
73.199997
73.739998
73.830002
74.089996
75.040001
74.029999
74.209999
75.099998
75.309998
74.230003
76.160004
77.050003
75.160004
75.580002
79.190002
80.230003
80.160004
80.110001
80.809998
81.080002
80.830002
81.099998
83.830002
84.919998
82.669998
82.349998
82.720001
83.150002
82.610001
82.650002
82.790001
83.370003
83.190002
83.18
82.849998
82.790001
83.839996
83.900002
84.139999
82.610001
82.300003
82.370003
83.610001
82.849998
82.459999
83.900002
84.139999
84.029999
83.82
84.360001
84.279999
82.779999
82.779999
82.25
82.129997
83.349998
84.860001
84.269997
84.269997
84.720001
85.349998
85.099998
85.720001
85.970001
86.690002
87.32
86.559998
88.089996
90.129997
90.650002
90.68
90.919998
91.410004
91.75
91.720001
91.980003
92.18
92.849998
94.459999
94.940002
94.82
94.730003
95.760002
95.629997
96.860001
96.129997
96.480003
95.150002
95.07
93.980003
92.419998
92.900002
92.57
94.629997
94.57
94.949997
93.760002
93.489998
92.720001
93.57
93.410004
94.480003
94.349998
95.529999
95.980003
96.300003
97.730003
97.720001
97.879997
97.970001
99.75
101.269997
102.919998
102.790001
102.82
101.639999
101.790001
102.739998
102.75
101.849998
102.639999
101.900002
101.589996
102.57
103.440002
103.139999
103.760002
104.599998
105.239998
105.360001
105.019997
105.339996
104.93
103.080002
104.489998
105.309998
107.230003
109.879997
111.75
112.269997
113.059998
115.349998
114.470001
116.379997
115.790001
117.349998
117.400002
118.080002
117.709999
117.349998
119.989998
117.550003
112.510002
111.629997
112.160004
109.889999
105.25
106.970001
106.519997
101.989998
103.410004
104.93
105.730003
108.32
109.559998
110.489998
109.910004
109.949997
110.419998
112.300003
114.150002
112.389999
111.900002
110.080002
110.330002
111.849998
113.360001
113.089996
114.169998
117.599998
117.089996
116.970001
115.5
115.410004
115.540001
113.360001
112.0
112.580002
107.639999
104.650002
108.339996
106.099998
105.790001
107.970001
104.669998
106.440002
107.57
107.529999
104.379997
104.93
106.739998
106.199997
108.050003
107.110001
107.949997
109.230003
108.879997
108.830002
decrease
