118.879997
119.099998
120.57
121.32
122.010002
122.160004
121.660004
121.18
120.360001
120.809998
120.809998
121.300003
121.010002
119.949997
120.690002
120.540001
120.589996
120.25
119.93
120.25
120.879997
120.790001
121.650002
121.660004
122.050003
123.720001
123.660004
123.730003
124.849998
125.400002
125.150002
125.379997
124.029999
123.5
123.779999
125.230003
125.669998
126.099998
127.959999
129.020004
129.440002
128.270004
128.75
128.580002
128.309998
127.660004
127.949997
127.379997
127.779999
126.389999
126.529999
127.339996
126.370003
126.18
127.169998
125.769997
125.050003
125.25
125.43
125.720001
126.230003
125.529999
126.459999
124.57
125.150002
126.379997
127.459999
126.0
125.879997
127.209999
128.089996
129.210007
128.729996
129.559998
129.690002
128.800003
128.550003
130.149994
129.690002
128.179993
128.789993
129.050003
129.470001
128.190002
127.889999
127.449997
127.769997
127.160004
125.57
126.470001
123.230003
123.010002
121.809998
121.18
119.900002
115.43
117.730003
115.18
119.760002
122.559998
122.480003
121.510002
119.959999
120.699997
120.720001
120.580002
121.910004
121.489998
122.040001
122.669998
122.57
122.589996
122.800003
122.519997
123.32
123.699997
123.900002
124.440002
125.07
124.949997
125.940002
125.610001
125.949997
126.669998
128.820007
128.649994
130.020004
133.169998
133.320007
134.449997
133.190002
131.779999
131.940002
131.059998
132.619995
132.449997
133.470001
134.690002
133.320007
133.440002
133.720001
133.520004
134.529999
135.539993
133.320007
133.860001
133.710007
130.809998
129.919998
129.770004
130.630005
130.009995
129.830002
130.479996
133.009995
134.529999
135.570007
136.210007
136.360001
135.320007
135.360001
134.210007
133.75
133.160004
134.350006
133.559998
132.580002
134.889999
135.210007
135.539993
135.259995
134.440002
134.389999
134.779999
134.770004
135.660004
135.639999
131.979996
132.399994
132.399994
132.160004
131.449997
132.470001
132.110001
132.339996
134.729996
135.520004
136.860001
137.339996
137.850006
139.350006
146.259995
147.619995
148.470001
149.419998
148.960007
148.720001
149.919998
150.0
147.949997
141.520004
140.850006
142.139999
135.009995
137.080002
138.139999
138.580002
140.600006
140.880005
141.160004
139.070007
138.539993
137.639999
139.740005
142.580002
141.539993
139.0
138.970001
137.880005
139.580002
141.389999
138.880005
139.669998
142.300003
141.490005
140.690002
139.520004
140.470001
141.320007
140.020004
141.479996
141.100006
138.149994
134.899994
138.220001
136.75
138.789993
138.860001
134.839996
136.990005
138.630005
139.289993
137.25
137.229996
137.860001
136.589996
137.289993
136.289993
137.550003
137.339996
136.470001
136.589996
increase
