64.910004
65.599998
65.559998
64.959999
65.300003
62.169998
61.91
61.400002
62.639999
62.599998
61.540001
61.950001
61.66
61.84
60.950001
60.259998
60.07
59.25
58.689999
57.73
57.970001
57.57
56.299999
54.290001
53.119999
54.380001
54.880001
54.82
55.150002
56.110001
55.610001
55.900002
55.02
54.490002
54.439999
57.02
57.720001
57.150002
56.119999
55.830002
55.470001
55.630001
53.639999
52.82
52.529999
52.650002
52.849998
53.759998
53.130001
53.080002
54.209999
54.959999
53.0
51.5
51.060001
50.66
50.049999
49.990002
50.349998
51.52
52.279999
51.810001
51.84
52.029999
52.610001
51.52
53.529999
53.400002
57.529999
56.619999
56.119999
56.189999
55.68
55.509998
56.990002
56.610001
55.73
55.490002
53.189999
53.490002
54.029999
52.59
53.73
54.919998
54.700001
54.759998
56.169998
57.040001
57.689999
59.580002
58.959999
58.759998
58.950001
59.509998
59.540001
59.380001
60.02
60.939999
60.310001
60.93
61.700001
62.400002
62.5
63.16
61.349998
61.25
60.610001
60.75
61.119999
62.84
62.849998
62.91
63.110001
63.290001
62.990002
63.189999
62.189999
62.450001
61.049999
60.220001
60.299999
59.43
58.200001
58.82
58.639999
59.099998
58.68
58.43
58.889999
58.43
58.299999
57.919998
57.349998
58.259998
60.490002
60.259998
59.279999
59.66
58.970001
59.619999
59.139999
60.639999
61.880001
62.669998
61.330002
61.650002
62.84
63.299999
64.5
65.730003
64.870003
64.720001
64.290001
64.720001
67.75
69.360001
68.239998
68.160004
68.269997
68.75
67.010002
66.480003
67.660004
67.150002
67.839996
67.919998
66.779999
68.419998
69.199997
70.5
72.970001
74.389999
74.480003
75.300003
74.879997
75.080002
74.75
75.68
76.25
77.620003
79.440002
79.25
79.489998
78.529999
78.489998
79.610001
79.18
80.580002
80.900002
82.389999
81.940002
81.040001
80.68
78.150002
79.099998
79.099998
78.059998
76.25
71.440002
67.879997
65.650002
67.279999
67.370003
65.940002
66.5
66.669998
66.160004
68.0
69.139999
67.32
67.220001
66.300003
65.790001
65.860001
64.860001
65.029999
64.93
63.860001
64.220001
64.419998
64.779999
63.779999
64.410004
65.339996
63.66
62.93
62.619999
62.98
64.379997
63.200001
62.82
61.869999
60.02
59.380001
60.169998
59.439999
60.0
63.02
60.389999
60.810001
61.880001
61.360001
59.700001
59.400002
61.450001
61.34
60.200001
58.32
59.77
58.650002
60.66
59.880001
increase
