65.040001
65.139999
65.389999
65.129997
64.529999
64.610001
64.260002
63.869999
63.220001
62.650002
62.970001
63.330002
59.48
57.880001
58.040001
58.049999
58.240002
58.07
57.849998
58.02
57.830002
58.560001
58.439999
58.419998
58.43
58.099998
58.34
57.939999
57.34
58.48
57.889999
58.27
59.369999
60.470001
60.52
60.75
61.27
62.380001
62.509998
61.959999
61.610001
61.560001
61.389999
61.380001
61.720001
62.790001
62.759998
61.700001
61.57
61.57
62.630001
62.580002
61.57
60.209999
60.220001
59.279999
58.580002
59.919998
60.889999
61.389999
61.669998
60.84
61.130001
60.93
61.880001
61.610001
62.720001
63.029999
63.360001
63.0
63.360001
62.900002
63.630001
63.240002
63.299999
66.900002
65.019997
64.660004
64.870003
65.550003
65.849998
65.959999
65.650002
64.900002
65.139999
65.110001
64.949997
64.559998
63.860001
63.25
62.549999
62.18
62.490002
63.299999
64.529999
64.470001
64.949997
64.650002
65.389999
65.5
65.82
65.949997
66.32
66.870003
67.410004
66.209999
65.779999
65.330002
65.410004
65.650002
65.830002
66.18
65.449997
70.449997
70.989998
71.339996
71.639999
71.07
70.660004
70.639999
70.110001
70.040001
70.800003
70.209999
70.550003
70.940002
71.550003
71.410004
71.540001
71.519997
71.160004
71.089996
71.300003
71.040001
71.470001
72.910004
73.309998
73.150002
72.800003
72.18
73.089996
74.0
73.82
74.139999
75.589996
76.07
76.209999
77.260002
77.970001
78.959999
79.059998
79.629997
80.470001
81.239998
81.150002
82.019997
82.25
82.389999
83.559998
83.349998
83.290001
82.82
83.620003
82.599998
82.669998
82.699997
80.709999
81.279999
82.849998
81.459999
81.330002
81.160004
80.620003
81.730003
81.480003
81.550003
81.07
80.620003
79.709999
80.220001
80.830002
81.709999
82.260002
81.0
79.959999
79.900002
78.669998
79.25
78.879997
80.190002
80.889999
81.129997
79.779999
79.800003
80.169998
78.910004
78.889999
76.110001
75.760002
74.489998
73.230003
74.190002
73.379997
73.919998
74.870003
74.529999
74.730003
75.839996
75.879997
76.010002
76.129997
75.400002
74.690002
75.080002
75.709999
74.559998
74.379997
73.419998
73.650002
73.599998
74.050003
74.529999
74.970001
75.690002
75.269997
75.620003
75.379997
73.730003
74.269997
74.129997
74.019997
73.690002
72.699997
71.540001
73.940002
74.029999
72.93
73.190002
68.639999
69.93
71.540001
70.970001
70.110001
70.269997
70.709999
70.720001
70.150002
70.169998
71.290001
71.449997
71.099998
70.379997
decrease
