53.639999
53.490002
53.810001
54.310001
58.189999
57.880001
57.310001
57.09
57.450001
57.5
57.540001
57.459999
58.299999
57.93
58.060001
57.950001
57.759998
58.66
58.52
57.950001
57.77
58.5
59.43
58.77
59.349998
59.639999
59.580002
59.349998
59.549999
59.490002
59.23
59.310001
59.349998
59.369999
59.349998
59.470001
59.310001
59.630001
59.240002
59.380001
58.950001
59.110001
58.790001
58.790001
59.220001
58.77
58.73
58.43
58.759998
58.02
58.25
57.990002
58.389999
57.619999
58.66
58.889999
59.400002
60.18
60.66
60.669998
60.5
61.529999
61.700001
61.41
61.57
62.400002
62.900002
64.019997
63.09
63.810001
63.459999
64.0
63.689999
63.720001
64.110001
64.18
64.029999
64.25
63.43
63.060001
63.84
64.139999
65.410004
64.900002
64.949997
65.879997
66.330002
67.120003
66.699997
66.400002
67.5
67.769997
68.199997
69.120003
68.949997
68.870003
68.919998
70.040001
69.480003
69.75
68.779999
67.540001
67.160004
66.699997
66.370003
66.07
67.449997
68.809998
69.07
65.639999
65.739998
65.040001
65.029999
65.5
65.559998
66.059998
66.32
67.010002
66.860001
67.330002
67.68
67.57
67.809998
67.68
67.68
67.400002
67.160004
67.330002
67.879997
68.150002
68.18
70.419998
70.709999
70.510002
70.980003
72.050003
72.139999
72.169998
72.260002
73.660004
72.0
71.989998
72.230003
72.330002
72.769997
73.410004
73.040001
74.019997
73.779999
73.379997
74.019997
73.769997
74.510002
74.050003
74.160004
72.330002
74.360001
73.879997
73.099998
74.019997
74.809998
75.93
76.580002
76.620003
77.0
76.5
76.629997
77.809998
79.010002
79.669998
79.989998
78.559998
78.800003
79.110001
79.300003
79.699997
79.089996
78.480003
78.779999
79.419998
79.940002
81.139999
80.690002
81.489998
82.18
82.0
82.220001
82.940002
82.730003
83.25
83.75
83.919998
87.279999
88.279999
88.940002
87.43
87.68
88.860001
88.419998
86.830002
84.239998
85.120003
85.370003
81.169998
83.349998
84.040001
84.980003
84.620003
86.25
87.080002
87.010002
86.559998
86.800003
88.82
88.849998
87.989998
87.949997
87.220001
87.57
88.470001
88.910004
89.389999
89.220001
90.739998
89.949997
89.510002
89.860001
89.760002
89.970001
89.18
89.93
89.169998
87.220001
85.379997
87.610001
85.589996
84.849998
86.260002
84.739998
85.080002
85.690002
86.860001
83.980003
84.580002
85.529999
84.580002
85.419998
85.480003
86.639999
87.879997
88.260002
88.019997
decrease
