62.029999
62.290001
62.549999
62.630001
62.779999
63.150002
62.849998
63.98
64.089996
63.990002
63.66
65.419998
65.059998
65.110001
68.68
68.589996
67.980003
69.269997
70.370003
66.519997
68.599998
67.580002
69.040001
72.830002
77.730003
78.529999
77.07
76.07
76.739998
78.120003
77.650002
77.32
77.660004
79.769997
79.32
75.300003
73.830002
74.620003
74.379997
74.010002
74.160004
74.099998
73.099998
73.050003
73.050003
72.879997
73.57
71.169998
73.269997
72.519997
73.379997
72.07
73.279999
73.199997
74.589996
74.480003
75.900002
77.309998
76.330002
76.209999
76.099998
77.470001
78.43
78.029999
79.25
79.669998
80.849998
81.459999
79.709999
80.099998
79.480003
79.93
79.389999
89.089996
87.709999
90.519997
91.519997
90.970001
88.32
89.300003
90.709999
90.660004
92.019997
90.940002
92.07
91.980003
94.949997
94.400002
95.25
94.639999
95.809998
95.790001
97.650002
97.790001
95.879997
97.089996
95.82
99.5
99.620003
100.110001
99.949997
98.779999
99.389999
100.389999
100.82
102.379997
102.959999
101.720001
102.839996
97.620003
97.480003
100.129997
100.889999
102.230003
100.43
101.07
102.980003
104.470001
107.230003
104.110001
102.669998
103.599998
103.440002
104.580002
104.779999
103.900002
104.610001
104.559998
104.93
105.010002
105.220001
104.870003
105.43
107.839996
109.709999
110.650002
110.559998
108.5
108.93
107.0
106.389999
117.650002
115.160004
115.68
118.260002
118.879997
117.370003
118.900002
117.82
117.400002
119.019997
117.940002
117.879997
117.790001
116.190002
111.449997
111.550003
110.760002
102.110001
104.190002
104.889999
106.540001
106.809998
108.230003
107.620003
107.739998
109.019997
111.190002
110.32
109.279999
108.75
110.459999
109.139999
108.25
107.800003
109.589996
109.779999
112.879997
113.879997
114.019997
116.910004
117.370003
114.910004
115.550003
116.980003
117.300003
113.959999
116.089996
117.269997
118.050003
118.400002
116.809998
116.239998
117.199997
119.370003
119.290001
118.309998
126.669998
124.639999
121.669998
117.330002
118.269997
117.190002
103.510002
108.449997
109.93
107.779999
106.559998
108.160004
107.040001
107.480003
108.540001
108.629997
111.650002
114.580002
112.230003
111.870003
107.540001
110.769997
111.93
110.709999
110.940002
113.580002
116.610001
115.739998
113.489998
109.230003
108.900002
107.290001
104.5
105.239998
104.730003
102.389999
99.699997
103.099998
98.040001
97.459999
97.779999
95.919998
95.860001
96.959999
98.629997
94.629997
96.510002
97.639999
96.620003
97.839996
97.190002
98.470001
102.209999
102.5
100.769997
decrease
