100.0
99.839996
99.959999
100.040001
100.199997
99.900002
99.269997
99.059998
99.330002
99.050003
98.300003
98.370003
98.389999
98.129997
98.739998
98.839996
98.709999
98.529999
97.870003
96.75
97.010002
97.629997
97.900002
98.230003
98.400002
99.370003
99.07
98.940002
99.489998
99.699997
99.18
99.699997
99.5
99.339996
98.900002
99.190002
99.949997
99.199997
99.139999
99.120003
99.199997
99.900002
99.519997
99.25
99.400002
99.699997
99.82
99.309998
99.629997
99.779999
100.410004
101.379997
101.57
101.5
101.239998
100.550003
99.849998
99.730003
99.129997
99.790001
99.209999
99.099998
99.150002
99.419998
99.470001
100.110001
99.809998
101.650002
103.199997
102.730003
102.419998
102.419998
102.519997
102.349998
102.519997
102.43
102.169998
102.279999
101.940002
101.900002
102.290001
101.699997
101.919998
101.610001
101.190002
102.110001
101.800003
101.650002
101.32
101.419998
101.699997
101.379997
101.339996
101.099998
101.599998
101.220001
100.800003
100.470001
100.199997
100.57
101.0
101.300003
101.010002
101.870003
101.970001
102.779999
102.889999
102.489998
102.400002
103.220001
102.93
102.400002
102.239998
102.449997
103.080002
103.279999
103.5
103.639999
103.300003
103.349998
103.349998
103.379997
101.449997
100.940002
101.120003
101.459999
101.480003
102.199997
101.830002
101.330002
100.5
98.720001
98.970001
98.790001
98.489998
98.290001
98.389999
94.699997
93.279999
94.459999
94.660004
88.5
87.050003
90.599998
88.489998
87.510002
87.370003
88.010002
88.720001
87.709999
89.559998
90.010002
89.5
89.07
89.620003
90.919998
91.510002
91.300003
92.709999
91.080002
90.379997
90.370003
90.709999
90.82
90.650002
90.059998
89.650002
90.25
89.790001
89.879997
90.580002
92.949997
92.379997
91.650002
91.370003
91.610001
91.470001
91.910004
91.5
92.629997
93.599998
93.059998
92.279999
92.089996
91.889999
92.050003
91.910004
92.169998
92.970001
93.360001
94.0
93.660004
93.830002
94.080002
94.830002
94.5
94.449997
95.349998
97.0
96.75
95.389999
95.160004
95.110001
93.019997
92.400002
93.610001
94.309998
94.519997
94.989998
95.370003
95.07
94.800003
94.370003
94.699997
95.279999
94.32
92.959999
93.160004
93.580002
94.589996
95.120003
95.0
94.790001
95.260002
96.75
96.160004
96.400002
96.879997
96.279999
95.050003
95.18
95.290001
94.260002
92.57
93.989998
94.199997
94.199997
94.580002
94.800003
95.110001
95.910004
96.389999
95.519997
95.489998
96.709999
96.269997
96.339996
96.68
97.339996
97.410004
97.099998
96.580002
decrease
