80.760002
79.809998
81.080002
82.360001
81.110001
80.800003
79.18
79.290001
79.25
79.769997
79.300003
79.629997
79.459999
79.449997
80.489998
80.400002
80.690002
81.550003
82.269997
78.68
79.230003
80.300003
80.370003
79.690002
80.050003
80.790001
81.120003
81.970001
82.489998
81.489998
81.629997
81.889999
82.220001
82.889999
84.339996
80.900002
81.050003
80.989998
80.160004
80.080002
79.699997
81.419998
79.57
79.669998
79.050003
79.580002
78.309998
76.949997
78.059998
76.900002
76.93
76.410004
76.910004
76.860001
78.480003
78.779999
79.040001
80.519997
80.540001
82.0
81.660004
82.160004
82.160004
82.690002
81.699997
80.919998
81.389999
82.529999
80.970001
80.709999
81.379997
81.709999
81.309998
81.360001
81.43
82.169998
82.449997
82.279999
80.360001
80.889999
82.050003
81.949997
82.459999
80.150002
79.970001
79.889999
80.75
80.889999
81.25
80.980003
80.760002
81.029999
82.309998
82.82
82.540001
81.849998
82.07
82.0
81.379997
82.220001
82.889999
82.699997
83.290001
84.839996
86.139999
86.809998
85.830002
86.050003
88.269997
87.5
87.699997
88.809998
89.650002
89.639999
89.650002
89.940002
90.489998
91.139999
91.349998
91.580002
92.379997
92.870003
92.620003
93.589996
94.230003
94.269997
93.43
93.449997
95.18
96.209999
96.440002
95.82
96.150002
97.5
96.059998
96.690002
96.349998
96.790001
97.980003
98.540001
98.400002
98.440002
97.050003
96.940002
97.029999
96.959999
96.769997
98.32
97.739998
98.279999
99.190002
98.080002
99.300003
98.629997
99.480003
96.879997
97.290001
97.18
95.970001
96.900002
97.019997
97.779999
98.019997
98.830002
98.43
98.860001
100.25
101.220001
103.269997
104.099998
104.800003
104.07
104.129997
104.150002
104.529999
104.82
104.440002
105.57
108.43
108.290001
109.120003
109.639999
110.389999
109.699997
110.669998
112.720001
112.919998
119.160004
116.410004
116.830002
119.440002
119.889999
109.699997
110.150002
113.690002
112.650002
109.889999
109.669998
110.080002
107.660004
104.209999
105.870003
101.980003
97.660004
100.489998
101.940002
100.980003
102.68
104.57
104.470001
105.290001
103.660004
103.93
107.040001
109.629997
108.339996
108.349998
106.529999
108.220001
109.010002
109.690002
108.559998
109.489998
111.529999
111.629997
110.589996
109.970001
109.709999
109.970001
107.860001
109.459999
108.639999
103.900002
101.360001
106.599998
102.559998
101.910004
103.889999
100.650002
102.18
104.209999
102.239998
99.459999
99.809998
102.360001
102.339996
104.239998
102.160004
103.5
105.389999
105.349998
101.290001
decrease
