45.91
46.66
46.950001
47.029999
47.150002
47.080002
46.66
46.130001
45.75
46.23
46.25
46.619999
46.689999
47.080002
46.880001
48.57
48.080002
47.970001
48.18
46.189999
46.130001
46.490002
46.779999
47.119999
47.470001
48.169998
48.16
47.990002
47.799999
47.720001
47.75
47.040001
46.959999
46.84
46.990002
47.290001
47.240002
47.68
47.400002
47.290001
47.439999
48.099998
46.880001
46.189999
45.369999
45.779999
45.57
46.450001
46.98
46.639999
47.099998
47.73
48.029999
47.43
48.060001
48.52
48.73
48.810001
49.189999
49.639999
49.52
49.540001
48.669998
48.630001
48.490002
48.790001
49.290001
49.110001
48.5
49.25
49.130001
49.389999
49.360001
49.040001
49.310001
49.400002
49.060001
49.130001
48.240002
48.48
48.950001
49.09
49.130001
48.119999
47.689999
47.529999
48.060001
47.990002
47.939999
48.43
48.09
48.16
48.970001
49.09
49.23
48.700001
48.790001
48.709999
49.240002
51.189999
52.41
52.349998
51.759998
51.610001
52.459999
52.740002
53.119999
53.060001
53.09
53.07
53.130001
53.959999
53.580002
53.880001
54.57
54.5
54.990002
55.650002
55.490002
55.330002
54.400002
53.919998
53.549999
53.259998
53.34
53.07
53.57
53.099998
53.740002
53.700001
54.419998
53.709999
53.759998
53.029999
52.599998
52.740002
53.400002
54.279999
54.549999
54.43
54.279999
54.849998
54.400002
54.27
53.700001
53.57
52.470001
52.900002
52.970001
53.48
53.689999
53.529999
53.299999
53.48
54.32
54.84
55.709999
54.889999
55.18
54.009998
53.919998
54.790001
54.84
54.630001
54.57
54.619999
54.380001
55.220001
56.189999
56.349998
57.0
57.18
56.759998
56.880001
56.970001
57.0
56.59
57.299999
57.630001
57.580002
58.5
58.349998
58.450001
58.400002
59.09
60.150002
58.779999
59.169998
58.810001
58.900002
59.09
59.099998
59.709999
60.529999
60.860001
61.220001
60.18
58.669998
59.84
59.060001
56.66
57.099998
57.91
55.540001
56.310001
57.549999
57.549999
58.799999
59.68
60.330002
60.060001
59.52
59.52
59.279999
61.029999
60.25
59.849998
58.240002
57.66
58.380001
58.59
58.52
59.049999
60.400002
59.0
58.900002
59.09
59.0
58.830002
58.939999
59.119999
59.299999
57.549999
56.959999
58.299999
57.450001
57.599998
58.970001
57.650002
58.18
58.279999
59.580002
57.869999
57.720001
58.380001
58.639999
59.049999
58.52
59.43
59.939999
63.990002
65.480003
increase
