18.110001
17.530001
17.93
17.969999
18.139999
19.82
19.41
19.02
18.73
18.690001
18.809999
19.09
19.120001
19.809999
19.65
19.450001
18.9
18.65
17.969999
17.700001
17.629999
17.860001
17.92
18.040001
18.110001
18.01
18.07
18.01
17.83
18.389999
18.719999
18.950001
18.969999
19.219999
19.6
20.209999
21.200001
21.25
21.09
20.33
19.68
19.67
19.01
18.75
19.24
19.65
19.92
19.9
20.0
19.799999
20.16
20.52
20.4
19.1
19.219999
19.129999
18.92
18.58
18.629999
18.93
18.82
18.68
18.91
19.049999
18.84
18.26
18.120001
17.549999
17.370001
17.360001
18.110001
16.23
16.469999
16.34
16.610001
16.629999
17.209999
17.17
16.82
16.799999
17.110001
16.66
16.68
16.280001
15.64
15.15
15.42
15.55
15.73
15.94
15.78
15.34
15.18
15.1
15.39
15.62
15.8
15.98
16.120001
16.34
16.25
16.870001
16.52
16.459999
16.139999
15.7
15.24
15.13
15.04
15.39
15.14
15.06
15.07
15.02
15.08
15.26
15.03
15.03
15.46
15.3
15.51
15.15
15.22
14.95
14.98
15.11
14.98
15.02
15.91
15.22
14.83
14.65
14.65
14.4
14.74
11.53
11.29
10.84
10.59
10.97
10.74
10.83
10.99
11.37
10.95
10.92
11.11
11.28
11.73
12.07
11.36
11.67
11.59
11.35
11.51
12.18
11.93
11.73
11.98
11.72
11.55
11.93
12.19
12.18
12.38
12.36
12.45
13.62
14.24
14.1
13.72
13.95
13.8
14.07
14.23
14.14
13.32
13.97
14.4
14.75
14.73
14.78
14.1
13.94
14.13
14.14
12.48
12.39
12.37
12.85
13.28
13.59
13.61
13.31
13.27
13.18
12.99
12.85
12.7
12.41
11.87
12.05
12.15
11.95
12.46
13.18
15.29
16.139999
16.540001
15.78
15.41
15.32
14.97
15.3
15.42
15.09
15.05
14.39
15.23
15.56
15.73
15.5
15.29
15.18
15.24
14.58
14.02
13.83
14.08
14.07
14.01
14.07
13.71
13.72
14.46
14.32
14.19
14.35
13.99
14.73
15.64
15.19
14.75
14.4
14.58
14.71
14.99
14.34
14.35
14.2
14.02
14.01
decrease
