19.389999
18.99
19.440001
19.530001
19.709999
21.67
21.49
21.17
21.049999
20.34
20.42
20.59
20.530001
21.389999
21.18
20.99
20.58
20.290001
19.48
18.940001
18.889999
19.1
19.280001
19.49
19.559999
19.49
19.690001
19.559999
19.16
19.719999
20.110001
20.280001
20.219999
20.540001
21.16
21.879999
23.139999
22.950001
22.700001
21.709999
20.99
21.02
20.48
20.309999
20.65
21.200001
21.559999
21.77
21.629999
21.309999
21.76
22.280001
22.139999
20.65
20.639999
20.6
20.25
19.959999
19.93
20.389999
20.450001
20.219999
20.49
20.639999
20.639999
20.27
20.110001
19.65
19.42
19.440001
20.02
18.299999
18.559999
18.309999
18.389999
18.559999
19.25
19.1
18.709999
18.549999
18.83
18.219999
18.18
17.809999
17.120001
16.59
16.780001
16.99
17.049999
17.18
16.93
16.43
16.23
16.15
16.370001
16.76
17.030001
17.33
17.42
17.42
17.540001
18.120001
17.950001
17.790001
17.370001
16.809999
16.540001
16.49
16.41
16.74
16.540001
16.42
16.459999
16.48
16.6
16.709999
16.469999
16.530001
17.02
16.65
16.84
16.52
16.549999
16.190001
16.25
16.309999
16.33
16.450001
17.48
16.85
16.299999
16.01
16.379999
16.040001
16.41
12.52
12.05
11.78
11.61
12.02
11.88
11.97
12.01
12.52
12.17
12.15
12.41
12.76
13.08
13.44
12.85
13.09
12.99
12.68
12.88
13.57
13.29
13.15
13.35
13.01
12.89
13.28
13.63
13.5
13.59
13.62
13.82
15.17
15.65
15.43
15.17
15.51
15.5
15.66
15.73
15.52
14.43
15.03
15.72
15.92
15.87
15.98
15.11
15.06
15.3
15.12
13.81
13.83
13.7
14.21
14.55
14.99
14.93
14.57
14.62
14.53
14.11
13.86
13.95
13.65
12.92
13.1
13.26
13.14
13.75
14.23
16.700001
17.76
18.41
17.360001
17.139999
17.030001
16.620001
17.02
17.25
16.75
16.58
16.139999
17.02
17.42
17.620001
17.379999
17.16
17.049999
17.18
16.559999
16.08
15.9
16.190001
16.15
16.0
15.95
15.73
15.78
16.67
16.440001
16.33
16.35
16.1
16.82
17.889999
17.469999
16.98
16.639999
16.82
16.74
17.040001
16.49
16.450001
16.35
16.1
16.08
increase
