69.800003
69.559998
71.0
70.970001
71.330002
70.699997
70.209999
70.269997
73.940002
74.209999
74.910004
75.300003
74.980003
78.550003
78.550003
77.360001
76.410004
77.790001
79.059998
76.18
75.980003
77.980003
78.919998
79.029999
78.940002
81.410004
81.25
79.25
79.669998
80.980003
82.029999
81.669998
81.239998
81.660004
80.519997
78.830002
77.730003
77.480003
77.559998
77.339996
76.779999
78.629997
77.279999
77.589996
77.449997
76.790001
77.029999
76.0
76.699997
75.440002
75.25
75.080002
76.540001
77.709999
78.940002
78.260002
76.919998
80.529999
80.169998
79.849998
79.779999
78.900002
74.239998
72.080002
71.57
70.43
69.480003
70.239998
68.089996
67.879997
67.68
67.860001
67.440002
68.190002
68.910004
68.389999
67.790001
67.059998
65.239998
65.870003
66.709999
66.959999
66.919998
64.699997
64.75
64.849998
64.699997
62.830002
61.48
63.360001
63.150002
62.889999
62.02
61.959999
62.43
61.099998
60.330002
58.580002
58.380001
60.459999
61.240002
61.66
61.25
59.799999
58.110001
57.540001
58.060001
58.529999
58.799999
59.439999
59.68
60.919998
61.16
60.880001
60.43
64.139999
64.470001
64.32
65.25
64.699997
67.720001
67.400002
66.639999
67.57
66.949997
67.510002
67.989998
59.779999
59.900002
59.099998
59.91
59.919998
59.950001
60.25
59.040001
58.48
58.639999
58.27
59.650002
59.919998
58.709999
58.919998
58.389999
58.52
57.810001
57.200001
57.490002
58.68
58.200001
58.759998
59.709999
59.689999
59.43
59.09
60.189999
62.09
63.32
62.57
62.59
62.200001
62.189999
63.529999
63.549999
64.239998
63.360001
63.029999
63.130001
63.759998
64.559998
64.43
65.900002
67.279999
67.25
67.349998
67.120003
67.540001
67.400002
68.940002
68.489998
69.260002
69.360001
68.510002
68.480003
73.080002
76.449997
78.400002
77.489998
76.580002
76.300003
76.5
76.870003
77.970001
69.050003
66.080002
66.559998
65.779999
67.010002
67.82
67.150002
65.68
63.400002
63.950001
65.360001
63.369999
62.98
64.139999
65.699997
65.68
66.739998
66.519997
66.589996
67.0
66.699997
67.57
69.260002
67.860001
67.790001
67.540001
67.510002
67.209999
67.519997
67.809998
69.870003
71.550003
72.0
72.599998
70.739998
70.139999
70.879997
70.129997
70.480003
69.940002
68.449997
67.389999
68.480003
68.18
67.910004
69.470001
66.769997
69.190002
69.989998
70.690002
68.629997
68.519997
67.589996
64.870003
66.099998
66.540001
67.309998
67.339996
70.580002
70.230003
increase
