36.259998
36.209999
35.970001
37.060001
37.18
37.029999
37.34
37.610001
37.43
37.209999
37.619999
37.98
37.93
37.549999
37.52
37.610001
37.66
37.799999
37.650002
37.400002
37.860001
37.84
38.099998
38.279999
38.389999
38.299999
38.330002
38.34
38.610001
38.470001
39.349998
39.860001
39.419998
39.990002
39.939999
40.220001
39.73
39.650002
39.700001
40.0
40.189999
40.490002
40.259998
40.099998
39.630001
39.669998
39.73
39.209999
39.040001
39.200001
38.970001
39.299999
39.349998
38.07
38.169998
37.830002
37.75
38.0
37.799999
38.16
38.549999
38.610001
39.119999
39.27
39.369999
39.139999
38.68
39.189999
38.68
39.32
39.09
39.099998
39.029999
38.779999
38.639999
38.73
38.650002
38.82
38.799999
38.470001
39.009998
39.130001
38.93
39.23
38.959999
39.34
39.259998
39.34
39.139999
39.040001
38.93
38.720001
38.740002
38.82
38.84
39.07
39.060001
39.43
39.549999
39.790001
39.189999
38.709999
38.950001
38.93
38.919998
38.459999
38.43
38.150002
38.009998
38.119999
38.080002
37.84
38.049999
38.029999
37.970001
37.959999
38.389999
38.549999
38.16
38.360001
38.639999
38.610001
38.93
39.0
38.759998
38.77
38.549999
38.52
38.419998
38.549999
38.029999
38.209999
38.25
38.509998
38.560001
38.790001
39.099998
38.130001
38.470001
38.889999
39.290001
40.049999
39.830002
39.740002
39.939999
39.990002
39.400002
39.509998
39.169998
39.389999
39.75
39.66
39.669998
39.5
39.43
39.360001
39.330002
39.220001
39.290001
38.799999
38.869999
38.830002
39.029999
39.23
39.369999
39.029999
39.099998
39.360001
39.369999
38.139999
38.029999
37.68
38.16
38.330002
38.360001
38.619999
38.52
38.060001
38.34
37.560001
37.509998
37.610001
36.939999
36.41
36.080002
35.700001
36.07
36.080002
35.880001
35.970001
36.360001
37.029999
36.82
36.73
36.509998
36.049999
35.889999
36.529999
35.310001
35.200001
34.18
34.310001
33.799999
32.919998
33.790001
33.73
34.0
33.790001
34.400002
34.610001
34.240002
33.220001
33.439999
34.139999
34.139999
33.580002
33.619999
33.700001
33.380001
33.669998
33.880001
34.150002
34.48
35.240002
35.32
35.41
35.540001
35.669998
35.959999
35.650002
35.43
35.290001
34.77
34.139999
34.450001
34.700001
35.599998
35.619999
35.18
35.689999
36.02
36.029999
35.709999
35.57
35.790001
35.75
35.259998
35.5
35.779999
36.099998
35.900002
35.380001
decrease
