119.129997
118.839996
120.900002
121.419998
118.470001
118.209999
120.760002
120.440002
124.400002
123.709999
122.5
121.989998
121.32
122.5
123.610001
122.830002
122.290001
121.849998
120.860001
118.599998
118.419998
118.68
119.879997
118.839996
116.059998
117.309998
116.07
115.129997
113.660004
115.800003
114.150002
114.839996
113.5
112.940002
112.330002
113.43
115.589996
115.839996
116.889999
116.029999
115.07
115.519997
114.129997
113.220001
115.209999
115.43
115.879997
118.040001
120.419998
121.879997
122.080002
121.540001
122.32
119.739998
122.040001
121.75
122.139999
122.809998
123.07
124.160004
124.099998
123.459999
123.68
125.0
124.419998
124.330002
122.900002
112.879997
110.360001
111.5
110.830002
111.18
108.639999
108.379997
108.089996
107.25
107.360001
106.849998
105.370003
107.589996
107.690002
108.25
108.68
107.18
107.989998
107.839996
108.480003
107.970001
108.620003
108.940002
109.07
106.93
106.540001
108.129997
109.099998
108.050003
107.470001
110.050003
110.5
112.589996
112.459999
111.559998
111.559998
110.669998
108.919998
107.989998
110.150002
108.43
109.290001
107.889999
109.010002
109.779999
109.730003
110.940002
112.230003
112.610001
112.099998
112.139999
110.139999
107.129997
106.580002
107.75
105.919998
105.550003
105.599998
108.459999
108.519997
110.540001
112.849998
112.959999
111.5
110.75
103.860001
103.489998
102.279999
102.699997
102.120003
102.400002
101.610001
101.75
101.050003
100.739998
99.790001
97.709999
97.760002
97.0
95.769997
98.379997
97.220001
96.879997
98.769997
100.580002
100.480003
100.739998
102.330002
107.470001
108.349998
108.059998
106.260002
105.949997
107.660004
110.339996
111.559998
110.980003
112.440002
113.879997
112.93
113.440002
113.120003
113.040001
112.779999
114.769997
115.059998
114.379997
114.160004
114.370003
113.349998
115.599998
113.389999
112.790001
111.970001
110.150002
110.790001
110.360001
114.93
116.650002
116.419998
116.050003
117.32
118.089996
117.809998
117.25
117.989998
119.129997
121.230003
120.269997
122.529999
121.5
121.290001
119.300003
113.540001
116.860001
117.120003
114.870003
115.279999
115.610001
116.199997
116.849998
118.5
117.900002
117.18
115.470001
116.709999
116.410004
116.720001
117.599998
114.199997
116.019997
123.839996
123.849998
124.949997
126.199997
127.269997
126.660004
126.279999
123.889999
123.260002
123.830002
123.510002
123.07
122.900002
124.220001
123.029999
121.169998
120.230003
120.440002
121.379997
118.410004
116.379997
118.040001
119.349998
121.669998
118.5
119.150002
120.07
119.07
120.099998
119.639999
120.550003
120.830002
121.5
121.510002
decrease
