278.730011
279.5
278.209991
277.98999
279.690002
281.679993
281.440002
283.220001
288.589996
290.359985
292.209991
295.470001
297.540009
299.570007
299.470001
299.910004
297.549988
295.410004
293.329987
292.089996
297.820007
294.079987
294.940002
290.549988
280.51001
293.040009
302.399994
303.0
304.839996
306.720001
311.470001
313.730011
306.959991
307.940002
307.269989
307.869995
301.019989
302.690002
302.209991
300.130005
295.940002
294.170013
296.5
288.839996
284.140015
284.709991
289.720001
282.859985
285.279999
285.880005
287.339996
283.359985
279.040009
273.23999
276.970001
268.820007
255.979996
261.859985
257.399994
261.73999
253.940002
258.75
256.75
255.740005
253.399994
252.080002
256.609985
247.240005
249.429993
248.600006
251.210007
255.270004
247.970001
251.279999
250.199997
248.809998
250.639999
253.080002
246.869995
251.050003
248.470001
237.669998
243.429993
241.429993
244.199997
234.210007
231.649994
232.059998
233.710007
212.360001
207.75
211.779999
213.570007
221.009995
221.729996
223.899994
228.0
230.529999
226.979996
228.600006
226.880005
226.410004
223.929993
224.669998
227.080002
224.449997
223.839996
219.740005
219.169998
218.889999
218.990005
227.660004
226.889999
226.059998
223.800003
227.619995
223.520004
220.630005
219.910004
217.339996
212.690002
207.889999
190.160004
198.580002
193.699997
202.279999
198.369995
204.619995
204.839996
202.360001
203.309998
201.289993
200.509995
198.929993
201.690002
201.789993
204.830002
202.899994
202.050003
201.330002
198.009995
195.899994
199.190002
200.759995
198.029999
199.050003
199.990005
205.960007
215.100006
209.160004
209.960007
212.300003
210.369995
206.690002
217.070007
223.100006
221.710007
212.580002
221.639999
223.970001
223.139999
221.589996
224.539993
216.139999
214.869995
215.029999
217.169998
218.25
222.660004
227.470001
226.0
228.570007
226.270004
226.679993
225.649994
225.330002
223.660004
229.630005
245.119995
244.880005
237.960007
231.139999
232.919998
230.449997
233.149994
237.320007
237.119995
238.690002
243.149994
244.130005
235.009995
228.789993
224.309998
227.289993
227.690002
229.149994
226.050003
222.100006
219.399994
219.470001
212.990005
218.589996
218.059998
209.089996
218.550003
209.479996
206.789993
206.759995
204.0
203.149994
201.130005
201.190002
204.050003
207.110001
198.929993
203.059998
203.350006
200.710007
194.0
197.880005
200.220001
201.070007
206.539993
205.919998
207.619995
208.399994
201.990005
206.139999
221.880005
215.600006
215.630005
213.0
207.360001
202.289993
207.899994
204.919998
205.110001
204.270004
203.130005
204.380005
206.320007
206.919998
208.259995
212.149994
221.059998
213.300003
217.809998
220.880005
227.929993
233.589996
233.039993
234.160004
increase
