171.539993
171.160004
172.330002
174.039993
174.380005
174.630005
174.880005
174.589996
174.139999
172.539993
174.020004
174.119995
174.440002
173.240005
173.389999
173.320007
171.809998
171.529999
168.119995
168.860001
171.449997
172.589996
174.699997
175.220001
175.589996
178.050003
177.5
176.589996
175.179993
179.580002
179.389999
179.369995
180.820007
183.210007
181.690002
181.460007
179.25
181.050003
182.360001
180.380005
181.630005
183.020004
183.270004
184.919998
186.5
185.25
185.119995
184.600006
185.699997
185.270004
185.419998
186.649994
188.25
186.940002
187.960007
186.949997
185.949997
186.690002
185.479996
186.899994
186.350006
186.850006
189.190002
191.5
191.779999
190.889999
190.399994
190.75
188.929993
191.149994
191.809998
192.229996
193.0
194.770004
194.880005
194.779999
194.899994
194.830002
192.570007
193.020004
193.710007
194.5
193.770004
192.699997
190.820007
192.029999
194.789993
194.240005
194.75
194.360001
195.089996
196.729996
195.880005
198.899994
199.75
199.309998
198.380005
198.169998
197.75
199.580002
197.470001
198.330002
197.729996
198.179993
198.190002
194.649994
195.75
195.210007
193.029999
191.75
192.699997
194.490005
196.100006
195.850006
197.440002
198.630005
200.479996
197.899994
198.059998
196.300003
194.679993
195.259995
192.919998
192.520004
193.199997
203.889999
205.229996
203.25
207.490005
207.009995
208.149994
207.559998
209.149994
212.600006
209.389999
210.220001
209.529999
211.100006
212.869995
212.119995
212.699997
210.770004
211.559998
211.070007
212.660004
211.710007
209.860001
211.130005
209.899994
210.25
212.600006
211.220001
212.509995
212.399994
216.139999
222.880005
228.169998
226.779999
221.419998
220.089996
219.940002
220.149994
223.910004
222.770004
222.490005
224.350006
221.25
221.820007
222.669998
222.039993
222.380005
221.690002
220.0
219.600006
220.419998
222.770004
220.460007
221.160004
223.479996
224.449997
228.729996
224.759995
225.880005
224.199997
225.389999
228.639999
232.899994
238.429993
243.160004
243.350006
243.559998
245.210007
244.850006
245.179993
248.470001
247.410004
236.649994
236.779999
235.220001
231.880005
220.020004
225.179993
225.820007
216.460007
220.960007
225.690002
226.639999
228.779999
226.020004
229.369995
226.660004
225.130005
227.089996
230.160004
234.059998
232.520004
226.160004
224.449997
225.190002
228.380005
226.179993
227.270004
224.729996
225.429993
222.770004
226.940002
225.380005
229.479996
227.860001
225.050003
226.779999
222.820007
215.210007
212.550003
219.070007
217.960007
218.5
214.0
217.199997
224.580002
228.789993
229.070007
223.960007
222.729996
226.789993
221.899994
224.240005
224.279999
230.320007
238.550003
236.399994
235.759995
decrease
