45.759998
45.52
46.77
47.139999
46.93
46.849998
46.330002
46.610001
46.43
46.52
46.669998
46.580002
46.759998
46.389999
46.380001
46.200001
45.779999
46.310001
46.57
44.91
45.259998
45.490002
45.34
45.700001
45.389999
45.400002
45.049999
45.009998
44.98
45.599998
45.220001
44.790001
43.799999
44.080002
45.099998
46.490002
46.810001
47.16
47.099998
47.25
47.5
47.900002
47.02
45.830002
45.349998
45.110001
45.369999
45.57
46.439999
46.57
46.630001
47.23
47.110001
47.32
47.540001
47.639999
47.459999
47.41
48.150002
47.66
47.799999
47.66
48.139999
47.740002
47.799999
48.16
48.66
48.23
48.439999
49.799999
50.130001
50.32
50.23
50.18
50.799999
50.599998
50.75
50.759998
49.939999
49.700001
49.860001
50.060001
49.5
48.16
47.93
47.330002
47.84
47.939999
48.380001
48.549999
48.27
47.93
48.150002
48.18
48.599998
47.580002
47.77
46.43
47.110001
48.040001
48.529999
48.470001
48.060001
48.43
48.970001
49.259998
49.68
50.029999
50.119999
50.389999
50.52
51.330002
51.09
51.130001
51.610001
51.529999
51.639999
52.299999
52.540001
52.290001
52.43
52.23
52.009998
51.970001
52.419998
52.0
52.189999
52.279999
52.290001
52.360001
52.82
52.209999
52.93
52.450001
52.400002
52.040001
52.0
52.91
52.459999
53.07
52.700001
52.639999
52.529999
52.419998
52.82
52.810001
52.889999
53.25
53.459999
53.880001
53.869999
53.900002
54.09
53.939999
55.23
56.419998
56.619999
56.48
57.02
56.52
56.34
56.790001
57.490002
56.650002
56.400002
54.939999
54.259998
54.029999
53.950001
54.209999
54.799999
54.830002
54.790001
54.75
54.75
55.139999
54.889999
54.860001
55.259998
55.75
55.990002
56.470001
56.959999
57.52
58.220001
58.59
55.540001
56.349998
56.139999
55.990002
56.099998
56.200001
55.959999
55.029999
55.740002
55.259998
53.669998
53.189999
53.279999
52.709999
50.43
50.639999
50.580002
47.869999
49.209999
50.48
50.82
52.450001
52.150002
52.450001
52.34
51.98
51.259998
51.73
52.41
51.939999
50.959999
49.310001
49.150002
49.959999
49.959999
49.939999
49.630001
51.189999
50.689999
50.32
49.509998
49.810001
50.279999
49.869999
50.27
50.630001
48.619999
46.98
48.240002
47.470001
47.290001
47.610001
46.68
47.169998
47.68
47.950001
46.59
46.450001
47.630001
46.810001
47.990002
47.509998
47.950001
47.560001
48.029999
48.73
increase
