107.900002
108.279999
109.330002
110.480003
110.169998
113.529999
111.959999
111.599998
111.089996
110.879997
110.330002
110.720001
110.019997
109.959999
109.32
110.099998
110.480003
111.279999
111.0
106.559998
107.139999
107.050003
107.830002
108.0
108.050003
109.699997
110.57
110.809998
110.300003
110.589996
111.199997
110.190002
108.959999
109.110001
109.839996
109.75
110.129997
111.540001
109.800003
110.669998
111.379997
111.830002
108.349998
107.620003
107.389999
108.099998
108.029999
107.349998
108.769997
107.889999
108.910004
110.040001
108.25
107.760002
108.349998
108.5
108.589996
109.209999
108.849998
109.529999
109.050003
109.25
107.839996
106.139999
104.849998
103.660004
104.959999
104.419998
101.400002
103.300003
102.959999
101.980003
102.330002
102.550003
102.480003
102.57
103.059998
103.769997
102.690002
103.57
104.730003
104.849998
105.849998
103.18
103.900002
104.309998
106.209999
105.040001
104.57
105.25
104.550003
104.970001
104.940002
105.300003
105.470001
104.099998
105.010002
105.489998
107.209999
108.099998
108.480003
108.660004
110.860001
113.400002
112.029999
113.0
115.0
115.440002
115.339996
115.790001
115.43
116.639999
115.970001
115.970001
115.260002
114.889999
113.769997
114.019997
113.949997
113.879997
112.629997
113.050003
113.690002
112.279999
112.089996
110.57
110.379997
112.010002
112.989998
113.190002
112.900002
110.269997
116.470001
117.080002
116.370003
115.790001
117.0
118.389999
117.18
117.330002
117.040001
117.800003
117.07
116.699997
116.480003
116.230003
115.699997
116.57
115.629997
116.010002
117.120003
117.860001
118.25
117.160004
118.800003
122.940002
126.5
124.620003
130.080002
128.009995
127.949997
128.460007
129.110001
129.050003
130.699997
130.309998
129.169998
130.600006
132.470001
133.240005
134.679993
133.729996
134.470001
134.649994
136.320007
135.119995
134.100006
135.779999
136.539993
135.800003
137.529999
139.440002
141.0
139.699997
140.350006
141.169998
140.309998
140.460007
140.429993
141.25
141.970001
141.360001
141.190002
133.600006
134.229996
136.050003
135.360001
133.5
132.380005
129.360001
124.139999
131.149994
128.960007
124.860001
127.279999
128.639999
128.300003
133.190002
133.889999
134.270004
130.229996
132.5
133.600006
134.970001
138.789993
133.740005
130.25
128.410004
128.5
130.320007
131.289993
131.110001
132.279999
137.279999
136.660004
136.830002
134.830002
136.259995
137.160004
136.979996
137.770004
138.559998
134.869995
131.940002
133.0
131.300003
130.759995
134.429993
133.100006
134.380005
132.899994
133.100006
130.279999
130.020004
130.119995
131.199997
134.419998
134.320007
137.080002
137.690002
138.960007
137.990005
decrease
