105.529999
105.769997
106.970001
107.360001
107.620003
108.830002
107.459999
106.540001
106.919998
107.349998
107.050003
107.43
107.519997
106.510002
105.099998
104.150002
104.129997
105.290001
104.5
102.870003
103.190002
103.419998
103.779999
104.199997
104.720001
105.940002
105.870003
106.809998
105.970001
107.660004
107.669998
107.949997
107.43
106.68
106.75
107.029999
108.940002
109.849998
109.389999
110.260002
110.589996
110.870003
109.610001
109.190002
109.07
110.269997
111.010002
109.669998
110.080002
109.779999
110.589996
110.610001
110.519997
109.239998
110.360001
110.209999
110.07
110.57
111.160004
112.410004
112.029999
111.830002
112.989998
112.580002
112.68
112.150002
113.220001
112.290001
107.790001
109.660004
110.290001
110.169998
111.260002
111.519997
112.050003
111.860001
111.889999
112.410004
110.919998
111.440002
113.690002
114.18
114.760002
112.919998
113.339996
113.830002
114.599998
113.550003
113.349998
113.400002
113.790001
114.889999
114.970001
114.360001
114.389999
113.919998
113.809998
114.669998
115.050003
116.199997
117.150002
117.059998
117.379997
117.900002
117.589996
116.970001
117.830002
117.260002
117.669998
118.220001
118.919998
118.620003
119.610001
120.089996
120.790001
119.709999
119.0
118.199997
117.699997
117.150002
118.120003
118.919998
119.57
118.360001
118.339996
117.68
118.150002
119.419998
119.760002
119.68
119.699997
118.550003
119.330002
120.75
118.089996
117.529999
117.459999
116.870003
115.459999
113.919998
113.949997
113.129997
112.550003
113.230003
114.809998
114.07
112.889999
113.699997
112.940002
113.199997
113.919998
113.769997
113.139999
114.540001
115.190002
119.040001
121.449997
120.309998
123.720001
120.370003
118.290001
119.730003
119.559998
118.050003
118.160004
118.400002
116.839996
118.0
118.809998
119.0
118.330002
118.580002
118.639999
118.260002
119.080002
119.050003
119.150002
123.669998
126.410004
127.230003
127.620003
129.169998
129.110001
129.789993
133.460007
134.089996
132.880005
134.009995
133.589996
133.080002
132.860001
132.070007
131.690002
131.289993
132.720001
130.639999
128.110001
127.32
119.510002
116.470001
113.300003
112.709999
111.910004
109.279999
106.389999
106.309998
107.559998
106.599998
108.309998
106.400002
104.709999
104.699997
105.080002
105.610001
108.07
105.690002
104.410004
106.43
105.370003
105.809998
109.800003
109.209999
108.800003
110.379997
108.910004
109.330002
108.760002
109.720001
110.910004
108.459999
108.029999
107.650002
104.449997
101.660004
103.699997
102.169998
102.68
104.660004
103.839996
105.540001
106.410004
107.18
105.330002
104.599998
106.019997
106.089996
106.989998
107.25
109.25
109.519997
110.900002
109.68
decrease
