113.239998
111.459999
113.559998
113.300003
113.400002
109.519997
109.660004
108.879997
108.620003
107.699997
107.360001
108.959999
111.68
111.699997
114.230003
114.43
112.160004
113.830002
111.720001
105.099998
106.5
110.099998
110.599998
111.300003
110.809998
111.400002
111.169998
110.650002
108.730003
109.970001
108.489998
105.739998
106.32
105.260002
106.540001
110.220001
111.82
111.660004
104.809998
103.489998
105.199997
106.949997
103.910004
101.620003
103.82
104.849998
106.110001
105.779999
108.489998
109.699997
112.709999
113.209999
114.269997
112.349998
112.550003
113.540001
113.690002
114.260002
114.739998
117.209999
117.790001
117.480003
118.699997
122.540001
119.309998
118.389999
121.18
120.169998
120.769997
119.730003
118.959999
116.559998
115.029999
116.309998
118.370003
118.099998
117.379997
115.309998
111.620003
111.540001
112.199997
111.989998
111.970001
111.82
111.860001
108.400002
112.440002
108.690002
107.610001
107.260002
110.709999
114.940002
119.190002
118.059998
120.559998
119.089996
121.160004
123.089996
126.690002
125.029999
127.690002
128.820007
127.360001
128.100006
129.429993
129.889999
130.740005
130.119995
132.309998
132.210007
133.940002
135.690002
137.970001
138.740005
139.199997
142.710007
140.75
141.979996
142.240005
142.490005
141.550003
142.160004
144.009995
144.210007
145.789993
143.339996
144.320007
144.399994
144.399994
141.479996
143.940002
138.910004
141.240005
145.940002
143.589996
141.479996
143.669998
145.580002
144.710007
148.399994
147.550003
148.740005
145.089996
146.309998
144.610001
144.869995
143.380005
148.360001
150.089996
151.5
153.690002
153.270004
153.160004
153.360001
156.600006
157.839996
159.479996
157.089996
159.75
159.190002
158.279999
162.380005
164.0
163.820007
163.649994
163.809998
161.169998
164.289993
168.570007
166.380005
168.300003
170.470001
169.490005
170.610001
171.470001
173.330002
171.910004
173.580002
175.190002
172.0
171.380005
172.449997
172.429993
173.199997
179.990005
180.889999
178.970001
180.169998
181.240005
183.669998
187.119995
185.869995
185.520004
181.910004
185.369995
180.470001
182.139999
181.110001
179.649994
173.300003
166.710007
171.339996
173.580002
161.990005
164.259995
166.059998
166.330002
167.039993
167.240005
168.020004
172.25
171.899994
175.160004
179.089996
180.630005
178.419998
175.089996
173.240005
176.600006
180.710007
184.990005
181.350006
183.360001
189.399994
186.630005
186.649994
184.820007
182.910004
186.289993
185.399994
185.160004
187.270004
180.259995
174.179993
180.570007
177.149994
169.110001
172.729996
166.600006
169.5
173.679993
177.940002
172.139999
171.940002
177.970001
173.970001
176.320007
172.949997
174.130005
177.539993
180.0
168.220001
decrease
