50.68
50.509998
51.560001
52.130001
52.119999
51.919998
51.279999
51.700001
51.57
52.209999
52.310001
51.77
52.0
51.580002
51.970001
51.639999
51.41
51.77
51.959999
50.459999
50.740002
51.099998
51.439999
51.959999
51.790001
51.77
51.439999
51.099998
50.889999
51.529999
51.299999
51.330002
50.880001
51.139999
51.779999
52.889999
52.849998
52.939999
52.84
52.380001
52.27
52.57
52.34
52.0
51.299999
50.77
51.009998
51.419998
51.98
51.779999
51.919998
52.580002
52.66
52.18
52.459999
52.310001
51.77
51.900002
52.220001
52.080002
52.029999
51.630001
52.080002
52.48
52.119999
52.790001
53.169998
52.43
52.43
52.57
52.779999
52.950001
52.990002
52.68
53.119999
53.119999
53.189999
53.23
52.380001
52.049999
52.790001
52.98
52.849998
51.720001
51.68
51.669998
51.939999
51.810001
51.849998
52.07
51.959999
51.5
51.59
51.25
51.68
50.869999
50.91
49.860001
49.98
50.880001
51.57
52.040001
51.639999
51.810001
52.380001
53.16
53.52
53.740002
53.669998
53.610001
53.599998
54.150002
53.48
53.59
53.439999
53.470001
53.150002
53.759998
54.18
53.849998
54.23
54.259998
53.990002
54.130001
54.259998
53.880001
53.27
53.59
54.09
54.130001
54.209999
54.139999
54.299999
54.439999
54.259998
54.380001
54.48
54.880001
54.650002
54.849998
53.450001
52.68
52.110001
51.610001
51.68
51.830002
52.009998
51.810001
51.880001
51.93
51.889999
51.91
51.830002
51.720001
53.02
54.759998
55.150002
54.900002
55.630001
54.82
54.59
54.900002
55.360001
55.27
55.5
54.599998
54.150002
54.5
54.779999
54.560001
54.259998
54.529999
54.459999
54.009998
54.07
53.950001
53.580002
54.029999
54.560001
54.98
55.32
55.400002
55.779999
56.200001
56.68
56.98
57.169998
56.34
56.150002
56.459999
57.259998
57.18
57.75
57.98
58.110001
57.990002
57.400002
57.139999
57.459999
56.900002
54.619999
54.619999
54.799999
52.650002
53.75
53.970001
54.139999
55.310001
55.099998
55.610001
54.91
55.099998
54.27
55.490002
55.84
55.009998
54.360001
53.169998
53.41
53.970001
54.169998
53.66
53.939999
55.279999
55.009998
54.150002
53.27
53.360001
53.259998
52.799999
52.599998
52.549999
50.650002
49.25
51.290001
49.860001
50.07
50.5
49.68
50.27
50.68
51.080002
50.279999
50.59
51.080002
50.549999
51.240002
50.950001
51.41
51.02
50.0
50.700001
decrease
