113.940002
114.989998
116.32
116.870003
118.199997
118.779999
118.989998
118.919998
119.32
120.300003
121.0
121.349998
121.080002
121.459999
121.019997
121.279999
120.830002
120.919998
121.400002
119.580002
119.370003
121.160004
121.660004
122.07
122.080002
122.25
121.849998
121.269997
121.279999
121.790001
122.120003
120.980003
120.120003
119.779999
119.940002
120.639999
119.879997
120.059998
120.010002
120.75
120.43
121.849998
121.510002
121.75
122.169998
122.220001
121.870003
121.589996
122.5
121.650002
122.110001
122.080002
122.790001
121.889999
122.610001
123.059998
123.540001
123.709999
123.07
123.410004
123.110001
122.629997
123.080002
122.449997
123.489998
123.129997
120.419998
119.540001
118.690002
118.870003
118.57
118.879997
120.349998
121.099998
121.489998
118.519997
118.190002
117.199997
116.760002
116.889999
117.150002
115.959999
118.0
116.099998
115.480003
115.279999
115.690002
117.029999
115.300003
115.07
115.330002
118.699997
119.599998
119.720001
117.919998
111.209999
109.610001
109.980003
109.550003
109.639999
109.860001
110.279999
113.139999
113.080002
112.769997
113.650002
114.099998
114.5
115.010002
114.290001
114.720001
117.18
115.839996
116.080002
117.580002
117.709999
117.629997
118.169998
118.230003
118.629997
118.120003
117.75
118.82
118.720001
119.010002
119.360001
119.18
119.489998
120.93
120.889999
119.739998
118.989998
119.93
119.07
119.830002
119.760002
120.120003
121.459999
121.07
120.389999
120.75
120.279999
118.370003
118.110001
117.07
118.800003
117.57
117.889999
116.529999
116.379997
117.040001
116.730003
116.910004
117.120003
117.709999
118.160004
121.449997
120.120003
120.040001
120.290001
121.199997
122.400002
122.809998
123.300003
123.480003
124.300003
123.760002
126.169998
126.709999
126.779999
127.0
127.309998
127.230003
127.139999
127.580002
128.119995
127.57
128.160004
130.039993
130.449997
131.570007
132.820007
134.270004
134.899994
134.990005
136.580002
133.970001
134.419998
134.610001
135.899994
135.210007
136.029999
135.679993
137.75
137.979996
136.669998
136.5
138.009995
138.320007
134.610001
127.239998
129.809998
131.970001
127.480003
125.029999
127.379997
125.769997
126.699997
130.0
129.259995
126.459999
129.259995
133.580002
133.149994
135.470001
133.910004
134.740005
130.300003
129.940002
131.710007
131.610001
130.929993
131.259995
134.070007
131.5
130.149994
129.580002
129.25
128.330002
127.199997
127.160004
127.0
124.07
122.309998
126.639999
125.279999
124.449997
125.82
123.480003
124.910004
125.769997
125.760002
122.760002
122.220001
122.959999
122.449997
123.25
122.709999
123.809998
124.529999
124.800003
123.849998
decrease
