91.150002
91.150002
91.849998
92.110001
91.82
91.599998
91.220001
91.260002
92.540001
92.440002
92.620003
92.089996
91.919998
92.0
92.25
92.099998
92.730003
93.230003
93.150002
91.760002
91.709999
92.480003
93.309998
93.860001
94.809998
95.040001
94.669998
94.720001
95.230003
95.400002
96.150002
96.550003
95.790001
96.089996
96.089996
94.559998
93.5
95.080002
95.32
94.169998
94.169998
94.790001
94.379997
94.540001
93.949997
95.580002
95.220001
94.900002
96.230003
94.419998
93.779999
93.349998
94.010002
93.25
93.919998
95.089996
95.410004
96.18
95.940002
96.93
96.830002
97.580002
98.25
98.110001
99.599998
100.370003
99.989998
100.849998
99.57
99.150002
99.559998
100.870003
101.279999
100.589996
100.889999
101.489998
101.279999
100.970001
99.489998
100.089996
101.870003
102.629997
103.32
102.160004
102.510002
103.220001
104.07
103.18
103.220001
103.349998
103.779999
103.769997
103.730003
103.519997
103.900002
103.010002
103.18
104.559998
104.43
106.150002
106.209999
105.830002
106.080002
105.300003
104.830002
105.410004
104.970001
105.309998
105.559998
103.019997
102.940002
103.889999
104.580002
105.239998
105.440002
105.589996
105.309998
106.239998
106.730003
107.010002
107.309998
108.440002
108.110001
108.660004
108.300003
107.540001
107.800003
107.019997
107.550003
107.529999
108.410004
109.489998
109.800003
109.709999
110.040001
109.980003
111.07
110.980003
111.360001
111.919998
112.089996
112.470001
112.139999
111.879997
111.400002
111.980003
110.25
111.019997
109.82
109.949997
111.449997
110.82
111.970001
112.379997
113.360001
109.860001
112.589996
110.730003
107.43
108.580002
109.739998
111.400002
112.599998
112.370003
113.459999
113.309998
112.919998
113.82
113.550003
112.139999
112.120003
112.410004
112.690002
112.989998
114.019997
114.349998
114.019997
114.510002
115.650002
116.080002
118.860001
119.339996
119.110001
118.980003
119.839996
120.089996
120.389999
121.980003
123.110001
122.699997
124.330002
124.650002
124.550003
125.220001
126.32
124.839996
123.550003
124.230003
125.720001
120.910004
116.269997
119.970001
119.650002
113.860001
116.32
118.470001
118.349998
120.830002
122.279999
121.849998
122.010002
120.43
120.379997
122.93
124.589996
123.370003
122.940002
120.400002
120.769997
121.879997
121.059998
121.849998
122.220001
124.510002
124.239998
123.199997
122.580002
123.410004
124.529999
123.209999
124.910004
123.220001
119.989998
117.0
120.639999
117.400002
116.989998
119.620003
118.389999
119.199997
119.809998
121.190002
117.699997
118.790001
120.720001
119.779999
121.07
120.75
121.879997
123.800003
124.480003
123.959999
increase
