89.32
89.0
88.400002
88.370003
90.059998
89.019997
90.739998
90.830002
91.190002
91.760002
91.580002
92.129997
95.550003
96.010002
96.580002
96.410004
96.290001
96.720001
95.949997
95.110001
94.599998
95.050003
95.650002
95.949997
96.75
97.720001
97.870003
98.779999
99.019997
100.620003
101.529999
101.860001
101.910004
103.160004
103.220001
102.269997
102.050003
102.010002
102.480003
102.669998
102.959999
104.610001
104.07
104.349998
104.580002
105.029999
104.18
102.650002
102.25
102.68
103.190002
102.900002
103.720001
103.129997
103.639999
103.059998
103.739998
104.839996
104.739998
106.199997
106.010002
105.400002
105.419998
104.349998
103.879997
104.459999
103.769997
102.589996
100.190002
97.5
97.120003
97.900002
98.209999
97.139999
96.610001
96.480003
95.879997
96.199997
96.650002
97.739998
98.400002
99.220001
99.709999
99.260002
100.5
101.220001
102.57
100.910004
101.269997
101.989998
102.889999
102.889999
103.860001
106.25
105.309998
106.080002
106.730003
105.300003
106.419998
107.190002
107.800003
107.68
107.870003
106.330002
106.839996
106.18
106.980003
104.629997
105.190002
103.989998
103.480003
101.599998
99.730003
100.059998
100.099998
100.129997
101.959999
102.489998
102.389999
100.370003
100.400002
100.910004
102.269997
102.699997
102.830002
104.199997
104.400002
105.599998
106.690002
107.370003
107.360001
107.900002
104.410004
106.349998
103.519997
104.190002
104.220001
104.669998
106.089996
106.18
106.470001
107.599998
107.690002
107.550003
108.239998
109.339996
107.889999
109.220001
109.029999
109.239998
108.400002
108.790001
108.870003
109.459999
109.529999
111.220001
111.75
112.410004
109.559998
109.260002
111.040001
111.959999
111.980003
111.18
111.449997
112.419998
109.769997
111.870003
110.779999
110.699997
110.790001
110.709999
110.910004
110.82
111.099998
112.290001
111.150002
110.980003
111.309998
109.860001
110.870003
111.400002
112.93
111.68
111.529999
108.489998
108.080002
109.32
109.57
110.32
110.019997
110.809998
113.050003
127.010002
129.460007
128.570007
127.739998
127.5
127.32
124.860001
119.620003
118.580002
116.919998
112.82
114.5
116.699997
116.239998
119.529999
121.870003
121.260002
120.169998
120.129997
119.839996
121.169998
122.389999
121.610001
119.339996
117.389999
120.489998
122.660004
123.440002
123.699997
123.510002
126.550003
126.550003
125.489998
125.739998
125.379997
124.839996
123.870003
124.220001
123.410004
121.089996
119.449997
123.309998
121.839996
121.529999
122.650002
119.07
119.32
119.709999
120.470001
117.639999
118.199997
119.93
119.139999
121.010002
120.699997
121.839996
123.050003
126.129997
126.790001
decrease
