56.439999
55.849998
55.919998
56.110001
56.84
57.849998
54.630001
52.919998
53.470001
53.470001
54.02
54.470001
54.959999
55.580002
55.57
54.880001
54.0
53.790001
52.389999
51.619999
51.759998
52.400002
52.849998
52.990002
52.849998
53.189999
53.709999
53.779999
53.799999
53.650002
54.34
54.299999
53.720001
53.650002
53.599998
55.330002
55.880001
56.02
56.52
56.099998
56.330002
56.830002
54.889999
55.220001
55.82
56.43
57.119999
56.849998
57.029999
56.93
57.599998
57.689999
57.330002
56.130001
56.700001
56.529999
55.720001
55.91
56.02
56.02
56.200001
55.93
56.549999
57.709999
58.650002
58.880001
61.049999
60.869999
60.810001
61.849998
62.189999
62.52
62.75
63.23
63.209999
62.939999
62.610001
62.290001
61.240002
61.580002
63.5
63.900002
63.900002
63.09
62.779999
62.950001
63.099998
62.599998
62.939999
63.419998
63.220001
63.060001
62.540001
62.869999
63.580002
63.950001
63.369999
62.889999
62.48
63.360001
63.099998
63.080002
62.34
62.43
62.16
62.150002
62.130001
61.849998
62.200001
61.689999
62.790001
63.049999
63.5
63.57
63.709999
64.080002
64.910004
64.730003
65.650002
64.410004
64.510002
64.349998
64.440002
63.880001
64.089996
64.589996
65.07
65.349998
66.379997
69.949997
71.230003
71.25
70.5
70.900002
69.910004
69.650002
70.150002
69.910004
69.470001
69.07
68.68
69.489998
69.360001
69.629997
69.669998
69.919998
69.629997
70.080002
70.809998
71.949997
72.589996
73.349998
73.889999
73.440002
74.019997
74.129997
72.959999
71.790001
71.220001
70.389999
71.68
71.910004
73.349998
72.599998
72.529999
73.059998
73.349998
74.410004
74.139999
73.849998
74.400002
74.230003
73.870003
74.610001
74.519997
74.290001
74.0
74.419998
73.779999
75.459999
75.699997
77.360001
76.129997
76.120003
77.190002
77.800003
76.68
78.139999
78.43
79.790001
80.419998
80.870003
80.970001
80.940002
81.57
82.550003
81.970001
81.139999
80.620003
79.889999
78.629997
79.360001
80.470001
78.75
79.32
80.699997
82.110001
83.690002
83.940002
74.639999
73.57
74.5
75.209999
75.75
76.050003
74.900002
74.57
73.699997
73.519997
73.57
73.43
73.5
72.800003
73.589996
73.209999
73.470001
74.75
74.720001
75.459999
74.129997
74.959999
74.620003
72.389999
72.410004
74.629997
73.730003
73.669998
74.120003
73.120003
74.269997
76.190002
77.489998
76.309998
76.120003
77.919998
77.540001
77.709999
77.220001
77.919998
78.639999
78.040001
77.779999
decrease
