44.330002
43.099998
42.75
42.950001
43.380001
43.310001
42.560001
42.599998
42.459999
39.259998
36.459999
36.82
36.41
36.23
34.950001
34.52
34.610001
33.759998
33.869999
33.650002
33.990002
35.200001
35.240002
34.32
34.740002
34.919998
35.130001
35.049999
34.790001
35.310001
35.25
35.209999
35.07
34.849998
35.259998
35.400002
36.09
35.59
34.900002
34.959999
35.07
35.43
34.209999
34.57
34.119999
34.110001
35.09
35.41
35.07
34.349998
33.57
34.119999
33.0
33.07
33.200001
34.0
34.139999
34.5
34.5
34.93
35.32
35.459999
36.200001
35.889999
36.040001
36.220001
35.009998
34.369999
35.509998
35.66
34.919998
35.529999
34.09
35.07
30.219999
30.58
30.77
30.17
30.07
30.66
30.23
30.08
29.82
29.209999
28.59
28.110001
28.459999
28.610001
28.65
29.190001
29.43
29.280001
29.129999
28.6
28.52
27.43
28.219999
27.200001
27.27
27.190001
27.110001
27.91
27.360001
27.67
27.32
27.139999
27.719999
27.4
27.639999
27.9
27.59
27.93
27.85
27.84
27.41
27.549999
28.139999
27.299999
27.15
25.42
25.559999
25.209999
24.57
26.0
26.26
26.57
25.82
26.530001
26.700001
26.309999
25.65
25.48
25.299999
24.66
24.23
24.030001
24.780001
23.4
23.27
24.18
24.780001
24.299999
24.780001
24.889999
24.719999
24.540001
24.610001
23.690001
26.15
26.17
27.26
26.68
26.290001
26.540001
27.030001
28.42
28.32
28.4
29.18
28.940001
28.940001
29.639999
29.290001
29.459999
29.59
29.52
29.709999
30.24
30.66
30.93
31.190001
31.76
32.23
31.870001
30.98
30.809999
30.809999
31.190001
29.950001
29.559999
29.1
29.18
29.040001
29.16
30.809999
33.759998
31.379999
31.959999
33.950001
33.360001
33.939999
33.389999
33.130001
33.610001
34.09
33.709999
32.939999
33.419998
33.209999
32.220001
31.139999
31.25
30.51
32.709999
32.869999
32.880001
33.099998
33.93
33.93
33.5
33.98
33.029999
32.93
33.740002
33.880001
33.209999
33.34
33.130001
34.09
34.279999
34.209999
33.650002
32.849998
32.720001
32.82
32.799999
32.639999
32.830002
31.65
31.360001
30.99
31.299999
30.629999
30.139999
30.09
30.73
30.48
31.059999
30.549999
29.42
30.57
30.77
30.9
30.969999
31.040001
30.51
30.52
30.700001
31.459999
31.440001
31.26
30.76
decrease
