64.099998
65.230003
66.82
65.830002
64.900002
65.32
64.610001
64.360001
64.489998
64.900002
64.370003
65.339996
66.110001
66.629997
66.68
66.349998
66.419998
65.550003
64.540001
63.799999
63.540001
63.869999
63.84
64.120003
63.810001
63.189999
62.450001
62.09
61.470001
62.119999
62.099998
62.400002
62.290001
62.299999
63.18
65.260002
65.919998
66.529999
64.75
64.690002
65.800003
66.610001
65.650002
64.68
64.82
65.980003
66.040001
66.809998
67.470001
67.089996
67.459999
68.019997
67.07
66.459999
68.18
68.089996
67.93
68.029999
67.779999
68.040001
67.43
67.510002
68.029999
67.519997
67.779999
67.68
68.440002
67.989998
67.589996
66.690002
68.970001
68.82
68.5
68.5
68.529999
68.0
67.790001
66.93
66.199997
66.150002
66.790001
67.150002
65.989998
64.550003
64.75
64.699997
65.580002
65.709999
67.440002
67.669998
68.419998
67.919998
68.410004
68.099998
69.199997
67.910004
68.110001
68.860001
69.540001
69.809998
70.209999
71.0
69.940002
71.129997
72.199997
72.709999
73.18
73.360001
74.290001
75.120003
74.959999
75.470001
76.739998
76.93
77.050003
77.57
77.690002
77.269997
77.230003
77.129997
77.370003
77.919998
77.910004
78.080002
77.419998
77.620003
77.620003
77.629997
77.540001
77.400002
77.690002
77.68
76.290001
77.75
78.400002
78.889999
80.709999
81.589996
80.879997
81.449997
81.830002
81.669998
81.279999
81.370003
80.669998
81.370003
81.480003
82.120003
82.879997
82.089996
83.800003
82.349998
82.25
82.120003
83.239998
83.339996
85.620003
84.169998
83.629997
85.779999
84.970001
85.589996
87.599998
87.199997
86.940002
87.449997
87.480003
88.190002
88.93
88.07
90.160004
90.720001
91.129997
91.860001
92.139999
92.300003
91.910004
92.800003
93.290001
93.589996
94.029999
94.220001
94.099998
94.150002
94.550003
96.75
96.150002
97.559998
96.459999
97.260002
98.949997
98.690002
97.660004
97.18
98.690002
96.389999
94.339996
95.970001
94.690002
93.190002
89.769997
90.459999
89.839996
86.769997
88.220001
88.839996
89.480003
92.629997
93.0
93.269997
91.580002
90.830002
92.050003
92.459999
93.309998
92.769997
90.419998
90.82
92.199997
91.559998
91.720001
92.040001
93.309998
94.32
92.690002
93.489998
92.660004
92.330002
93.790001
92.940002
94.470001
95.449997
93.040001
91.220001
94.25
92.269997
90.279999
92.769997
91.559998
92.699997
93.349998
95.860001
95.18
96.010002
98.889999
100.309998
100.529999
101.830002
105.489998
106.690002
107.540001
108.199997
increase
