119.830002
120.970001
122.019997
121.449997
120.730003
122.800003
120.879997
123.349998
128.449997
127.589996
128.339996
127.739998
126.669998
126.110001
130.630005
129.039993
128.25
130.710007
128.330002
124.900002
126.059998
125.949997
126.93
126.650002
125.120003
127.75
126.43
125.050003
124.650002
126.830002
126.260002
125.910004
125.160004
126.709999
128.339996
130.330002
129.910004
132.259995
129.210007
128.639999
129.380005
130.240005
129.539993
128.169998
129.339996
132.229996
133.479996
131.380005
130.199997
127.010002
126.68
127.139999
130.0
129.449997
128.169998
125.919998
125.089996
126.160004
125.330002
124.959999
124.68
123.029999
125.470001
125.300003
126.190002
126.5
127.099998
125.650002
124.040001
124.0
123.120003
119.199997
123.120003
120.150002
121.839996
120.82
118.389999
117.879997
114.709999
114.199997
115.169998
116.610001
116.089996
114.110001
113.970001
112.57
115.160004
114.629997
114.339996
113.129997
115.940002
116.5
121.860001
121.260002
121.199997
118.139999
119.050003
119.730003
121.519997
117.0
118.0
117.019997
114.540001
113.209999
115.589996
115.18
118.199997
117.0
116.669998
115.730003
115.889999
118.830002
119.120003
119.599998
118.93
119.709999
118.589996
120.879997
120.25
120.190002
119.010002
117.279999
117.790001
116.279999
117.330002
117.010002
116.940002
120.040001
121.610001
121.080002
123.760002
122.330002
123.010002
122.449997
121.970001
121.75
121.019997
124.269997
126.43
124.610001
122.660004
123.900002
124.68
124.089996
123.989998
123.919998
121.559998
123.849998
123.040001
123.870003
122.739998
122.849998
122.32
119.629997
121.660004
124.860001
125.650002
121.209999
125.25
122.709999
121.110001
124.879997
125.879997
122.919998
121.510002
123.110001
120.239998
120.82
122.309998
119.260002
118.980003
122.849998
124.230003
126.720001
127.480003
127.599998
128.369995
131.869995
134.289993
133.380005
131.899994
133.940002
134.139999
132.399994
135.179993
133.970001
133.690002
134.580002
135.160004
135.029999
133.0
134.880005
135.490005
138.539993
141.110001
138.919998
139.830002
135.399994
134.229996
131.0
125.199997
126.779999
128.240005
121.470001
125.0
127.160004
129.369995
129.619995
133.470001
126.57
124.470001
122.040001
122.120003
121.690002
121.75
118.870003
117.730003
117.07
117.739998
117.730003
119.410004
119.089996
119.18
121.199997
120.989998
121.669998
120.43
117.919998
117.120003
114.900002
114.139999
114.809998
113.599998
115.599998
116.699997
114.730003
111.300003
114.169998
112.239998
112.709999
114.410004
116.989998
113.559998
112.910004
116.099998
115.0
114.889999
112.809998
114.739998
117.769997
118.379997
115.330002
decrease
