82.109947
82.134193
80.662895
81.293449
78.892479
78.019402
77.801132
77.833466
77.857719
76.556183
76.806793
77.364594
76.459175
76.289413
76.701698
75.990295
75.416328
75.481003
75.262733
74.777687
75.052544
76.038803
75.286987
75.327408
75.472916
75.141472
74.793854
74.494743
74.535164
75.02021
75.076797
75.392075
73.775261
74.373482
74.494743
75.707359
77.089737
76.701698
76.04689
76.394501
75.893288
75.481003
75.481003
74.915115
75.610344
76.135811
76.596603
75.877121
75.594177
75.464836
75.909462
77.469688
76.071136
74.680679
75.925629
75.594177
76.05497
76.984642
77.243332
77.526276
78.439774
77.589996
80.559998
79.199997
78.690002
78.110001
78.110001
78.059998
78.989998
78.959999
79.349998
79.510002
78.760002
79.150002
79.470001
79.25
78.5
77.879997
76.639999
75.730003
76.93
76.25
75.900002
75.300003
73.910004
73.879997
73.379997
74.059998
74.0
74.699997
74.449997
74.160004
74.260002
74.489998
74.989998
74.349998
74.370003
73.519997
73.900002
74.910004
74.300003
74.519997
75.18
75.110001
74.559998
73.370003
73.830002
75.629997
75.660004
76.110001
76.959999
76.849998
77.300003
76.879997
77.010002
77.290001
77.660004
78.139999
78.089996
77.800003
78.93
79.360001
79.57
79.889999
78.93
78.279999
77.0
74.849998
74.5
74.57
73.639999
72.809998
72.980003
72.919998
72.379997
74.860001
74.599998
74.029999
73.25
74.25
73.970001
74.239998
75.260002
75.610001
75.970001
76.139999
76.629997
76.82
76.599998
76.260002
76.639999
76.75
76.150002
76.290001
76.720001
76.93
77.620003
77.919998
77.32
76.910004
76.419998
76.059998
76.989998
77.010002
77.709999
77.419998
77.480003
77.839996
79.440002
78.18
76.82
77.129997
77.199997
77.57
77.760002
78.07
78.18
77.32
77.099998
74.800003
75.440002
74.580002
73.730003
72.660004
72.879997
71.919998
71.209999
71.300003
71.339996
71.790001
73.120003
73.489998
72.739998
72.230003
71.57
71.150002
70.199997
71.68
70.489998
70.330002
67.580002
67.790001
67.300003
66.18
67.690002
67.599998
67.459999
66.080002
67.150002
67.660004
67.290001
65.190002
66.529999
67.669998
68.099998
66.400002
66.470001
66.300003
66.389999
67.220001
67.599998
67.639999
67.620003
68.209999
68.360001
68.220001
68.220001
68.620003
69.510002
68.43
68.080002
67.639999
67.160004
65.150002
65.160004
65.959999
67.519997
67.300003
66.800003
67.150002
67.43
67.769997
66.739998
66.610001
67.290001
66.75
66.0
66.5
67.25
67.209999
66.900002
66.199997
decrease
