81.370003
81.650002
82.660004
82.970001
83.18
83.150002
82.809998
82.769997
82.18
76.75
78.010002
79.760002
79.300003
79.260002
78.699997
78.279999
78.099998
78.970001
78.82
78.5
78.519997
79.410004
79.910004
79.519997
80.410004
81.18
80.550003
81.050003
80.889999
81.169998
81.860001
81.470001
80.669998
80.739998
80.379997
80.07
81.5
82.419998
82.970001
83.25
83.139999
83.779999
83.910004
84.059998
83.029999
82.360001
83.18
82.82
83.959999
83.360001
84.370003
84.169998
84.290001
83.480003
83.650002
83.449997
83.480003
84.550003
84.400002
85.440002
85.239998
85.870003
85.989998
86.269997
86.510002
87.110001
86.879997
87.059998
87.150002
87.32
87.260002
87.169998
83.839996
82.309998
82.879997
82.519997
81.889999
81.529999
80.580002
80.620003
81.440002
81.400002
81.650002
80.900002
80.650002
81.07
82.050003
81.209999
80.260002
79.669998
79.230003
79.519997
80.160004
81.050003
80.980003
80.620003
81.059998
82.0
82.480003
82.029999
82.900002
81.449997
80.690002
81.029999
81.769997
81.709999
82.089996
81.949997
82.309998
82.029999
81.900002
81.980003
82.400002
83.190002
83.519997
83.75
83.870003
83.800003
83.5
83.330002
83.739998
83.360001
83.82
84.0
84.07
84.309998
84.800003
84.910004
84.849998
84.769997
84.879997
84.199997
84.830002
84.940002
84.699997
85.050003
89.879997
91.019997
91.029999
91.099998
92.290001
92.57
90.82
90.209999
90.120003
91.110001
90.830002
90.82
91.860001
92.529999
93.580002
93.82
93.879997
94.220001
95.230003
94.980003
96.419998
95.639999
96.010002
95.940002
95.870003
95.440002
96.160004
94.32
94.599998
94.410004
94.730003
95.0
95.940002
96.0
96.32
95.580002
95.330002
95.650002
95.769997
96.449997
96.0
95.830002
95.550003
96.029999
96.879997
97.0
96.730003
96.339996
96.669998
97.5
97.199997
98.010002
98.199997
98.900002
99.519997
99.25
99.0
98.589996
98.309998
98.25
99.120003
100.050003
100.260002
98.830002
94.889999
95.010002
94.690002
92.279999
92.910004
94.300003
94.879997
96.629997
98.230003
98.790001
97.040001
99.230003
99.610001
101.540001
103.589996
103.07
102.190002
101.059998
101.370003
103.089996
104.269997
104.129997
104.379997
105.839996
104.860001
104.480003
104.089996
104.260002
104.769997
103.949997
105.239998
105.050003
103.989998
102.110001
103.589996
101.660004
101.760002
104.0
101.589996
103.5
104.519997
105.449997
104.129997
104.769997
106.470001
106.050003
106.339996
105.419998
106.910004
107.379997
107.989998
107.57
decrease
