88.709999
88.449997
88.5
89.279999
88.839996
88.529999
88.919998
89.739998
90.839996
90.5
90.559998
89.599998
89.220001
89.0
90.550003
89.419998
89.110001
90.110001
89.93
88.07
88.550003
89.190002
89.93
89.050003
90.099998
90.669998
90.139999
90.639999
90.160004
92.279999
92.550003
92.519997
92.07
92.260002
92.949997
92.330002
91.110001
91.599998
91.660004
92.190002
92.459999
93.650002
92.650002
93.230003
93.519997
93.959999
93.559998
92.800003
93.769997
93.510002
92.959999
93.900002
94.440002
93.25
94.419998
95.290001
95.610001
96.870003
97.18
96.919998
98.0
98.43
98.610001
98.839996
98.949997
99.959999
100.980003
101.82
101.949997
102.5
101.169998
99.370003
99.410004
100.050003
99.309998
99.32
98.730003
99.769997
97.739998
97.949997
98.849998
98.57
99.230003
97.93
98.199997
98.959999
100.239998
101.019997
101.5
101.440002
102.209999
101.620003
102.519997
103.75
103.940002
102.540001
102.790001
103.480003
103.309998
104.650002
103.730003
103.32
103.389999
104.389999
105.080002
105.410004
105.889999
105.769997
104.580002
103.349998
104.220001
104.720001
105.620003
106.389999
106.489998
107.989998
108.57
108.919998
109.919998
109.769997
108.120003
108.290001
108.0
108.220001
108.459999
108.550003
109.260002
108.190002
108.940002
107.959999
108.889999
107.75
109.199997
109.07
107.580002
107.519997
108.860001
109.379997
108.489998
109.849998
109.099998
109.970001
109.419998
109.75
111.18
111.169998
110.419998
112.970001
113.75
115.18
116.059998
115.769997
117.239998
117.089996
117.010002
114.739998
115.099998
114.959999
112.559998
112.440002
112.400002
112.82
112.980003
114.32
114.370003
113.779999
114.139999
115.029999
116.099998
115.550003
116.010002
114.190002
113.989998
113.910004
114.379997
115.5
114.440002
109.470001
110.900002
111.470001
113.0
114.309998
112.970001
111.959999
112.230003
113.610001
112.650002
114.0
114.540001
114.480003
114.459999
115.769997
115.769997
115.989998
115.309998
112.410004
112.150002
114.919998
114.699997
112.510002
108.730003
109.410004
109.110001
105.620003
109.089996
111.029999
110.57
113.980003
116.349998
120.550003
116.339996
115.699997
114.919998
117.639999
117.25
116.410004
116.019997
115.019997
115.779999
117.260002
117.449997
117.93
118.349998
120.459999
120.239998
120.510002
123.010002
125.309998
125.919998
124.220001
125.199997
124.599998
122.650002
119.480003
121.470001
117.480003
116.400002
118.559998
115.739998
117.150002
117.839996
119.220001
117.690002
118.300003
120.529999
120.389999
121.709999
122.0
123.790001
125.760002
126.639999
125.190002
decrease
