117.260002
116.699997
117.660004
117.269997
116.339996
117.419998
118.300003
120.620003
118.470001
119.050003
116.389999
114.839996
115.059998
116.629997
115.349998
115.360001
114.599998
116.230003
118.089996
114.379997
117.93
118.019997
118.940002
116.589996
117.800003
118.599998
119.919998
120.389999
123.599998
127.160004
129.899994
130.169998
127.720001
124.989998
125.910004
122.660004
122.349998
122.489998
124.709999
124.040001
123.139999
125.580002
126.330002
134.830002
135.529999
133.5
133.410004
129.229996
131.110001
127.239998
128.869995
128.229996
129.0
128.460007
130.350006
128.660004
132.169998
131.440002
130.919998
130.990005
129.210007
132.160004
159.690002
159.330002
163.169998
166.110001
161.970001
163.419998
156.190002
154.149994
151.820007
153.199997
157.550003
154.029999
154.539993
156.470001
153.259995
152.580002
148.539993
153.779999
154.490005
152.720001
151.369995
148.539993
148.130005
149.009995
155.479996
153.25
156.080002
153.270004
153.399994
152.889999
156.289993
160.539993
162.240005
159.070007
157.080002
159.410004
158.830002
157.809998
156.820007
156.800003
153.380005
153.610001
153.199997
153.0
152.720001
152.059998
151.259995
149.100006
148.460007
149.070007
149.619995
152.039993
152.229996
152.509995
152.509995
152.300003
155.100006
155.550003
154.520004
154.020004
153.979996
152.910004
154.699997
155.050003
154.759995
154.600006
154.630005
151.059998
151.110001
146.800003
143.759995
150.110001
149.529999
146.229996
142.630005
144.899994
149.970001
148.979996
151.309998
147.399994
148.169998
148.740005
148.029999
147.820007
148.660004
147.940002
147.410004
144.639999
145.110001
147.039993
146.550003
148.550003
147.320007
143.75
144.289993
140.789993
138.789993
138.360001
137.279999
138.779999
143.610001
141.679993
140.910004
144.800003
142.529999
145.860001
145.440002
145.149994
145.119995
148.820007
149.970001
150.600006
151.550003
151.169998
149.860001
152.910004
152.009995
153.070007
155.690002
156.889999
156.009995
157.380005
158.399994
157.929993
155.710007
156.990005
157.190002
157.970001
161.910004
166.580002
167.449997
166.240005
169.210007
167.139999
166.539993
166.869995
172.990005
166.240005
155.139999
159.270004
155.669998
151.600006
152.960007
152.009995
154.139999
157.259995
160.940002
160.720001
160.979996
157.889999
157.589996
165.899994
169.539993
165.880005
166.029999
165.830002
170.059998
173.160004
168.720001
170.169998
171.880005
176.259995
177.130005
174.960007
174.380005
173.970001
175.660004
170.770004
171.470001
170.339996
166.100006
160.929993
166.100006
160.339996
159.580002
162.979996
156.309998
158.360001
162.119995
157.660004
154.25
156.759995
161.169998
158.889999
161.979996
161.389999
158.699997
164.990005
163.360001
159.550003
decrease
