65.949997
65.779999
64.629997
64.68
64.010002
64.120003
64.010002
63.970001
63.669998
62.790001
62.650002
63.75
63.529999
62.630001
64.019997
64.970001
65.669998
65.230003
65.019997
66.32
67.43
67.139999
67.25
67.5
67.779999
67.239998
66.580002
66.540001
66.489998
66.870003
67.099998
66.949997
66.57
66.739998
66.580002
66.870003
68.169998
68.260002
68.699997
69.040001
69.519997
69.75
70.339996
70.739998
71.18
71.720001
71.93
71.169998
71.099998
69.209999
69.480003
69.980003
69.18
67.610001
67.470001
66.940002
66.919998
67.800003
67.519997
68.050003
68.800003
68.660004
68.529999
68.400002
68.650002
68.050003
67.900002
68.080002
67.410004
67.120003
67.349998
66.0
66.019997
66.449997
65.809998
65.650002
65.459999
65.620003
64.800003
64.949997
66.129997
66.18
66.589996
66.529999
66.120003
67.449997
66.910004
67.540001
67.769997
67.889999
67.510002
67.790001
68.129997
68.440002
68.779999
68.93
68.349998
69.029999
69.470001
69.379997
68.529999
68.389999
68.940002
69.360001
68.879997
68.199997
68.07
67.519997
66.040001
66.620003
66.160004
65.110001
65.410004
65.129997
63.889999
63.68
63.650002
63.310001
63.34
63.310001
63.259998
63.049999
63.080002
63.360001
63.139999
63.200001
63.310001
63.02
63.0
62.5
61.82
61.5
61.099998
62.5
63.25
62.75
63.07
63.84
64.099998
64.089996
64.330002
64.650002
64.809998
64.910004
65.389999
65.040001
64.379997
64.510002
64.400002
64.25
64.32
64.239998
64.68
63.860001
63.610001
64.07
64.010002
64.809998
62.82
62.73
62.990002
63.529999
63.310001
63.32
63.82
63.869999
63.459999
64.25
64.389999
61.830002
60.689999
59.84
60.139999
60.18
60.139999
60.43
60.009998
59.759998
60.119999
58.650002
58.349998
58.450001
57.689999
56.84
56.23
54.830002
54.52
54.98
54.380001
54.470001
54.490002
55.950001
55.889999
56.41
55.889999
55.529999
54.650002
55.970001
54.400002
54.330002
52.880001
53.189999
52.970001
50.919998
51.59
50.459999
50.720001
49.619999
50.639999
51.389999
50.27
49.34
49.669998
50.509998
50.73
48.91
48.32
49.580002
49.860001
50.77
50.450001
51.220001
50.52
49.689999
50.380001
50.349998
49.68
49.459999
50.150002
49.529999
49.0
48.459999
49.32
48.110001
48.209999
49.009998
50.459999
49.529999
49.389999
49.560001
50.32
50.040001
50.419998
49.810001
49.27
49.0
48.349998
48.540001
48.68
48.84
48.610001
47.799999
decrease
