48.41
47.25
47.049999
46.700001
47.360001
46.669998
45.91
45.880001
45.91
46.150002
45.880001
46.689999
46.630001
46.419998
46.380001
46.02
45.84
45.380001
45.310001
44.48
45.040001
45.419998
45.48
45.48
45.040001
45.310001
45.32
46.200001
46.639999
46.509998
46.439999
46.369999
46.439999
46.5
46.189999
46.720001
47.189999
46.459999
46.689999
46.639999
46.630001
46.57
45.939999
45.41
45.419998
45.389999
45.75
44.84
44.84
44.41
44.66
45.0
44.650002
43.52
43.48
43.200001
42.889999
43.220001
43.490002
43.560001
43.66
43.360001
43.450001
44.220001
44.23
43.709999
43.98
44.400002
47.810001
47.939999
48.400002
48.889999
48.209999
48.610001
48.91
48.860001
48.599998
48.220001
48.02
48.060001
48.779999
48.48
48.41
47.889999
47.689999
48.139999
48.349998
48.279999
48.310001
48.68
48.610001
48.509998
48.119999
47.970001
47.919998
47.360001
46.91
46.200001
46.110001
46.299999
46.790001
47.25
47.18
47.860001
48.09
49.34
49.48
48.939999
49.900002
49.900002
49.509998
49.509998
49.41
49.490002
49.360001
49.849998
49.900002
49.77
48.810001
49.049999
49.139999
48.860001
48.349998
47.860001
48.09
48.400002
48.650002
49.209999
49.529999
48.990002
48.939999
48.639999
48.889999
48.869999
47.830002
47.869999
47.830002
47.459999
47.419998
45.529999
45.57
45.459999
45.07
44.880001
44.75
44.220001
44.110001
44.77
45.419998
46.200001
46.18
47.099998
47.009998
47.66
48.82
49.900002
50.889999
51.25
51.720001
50.919998
50.68
50.419998
51.09
51.84
53.189999
52.889999
52.34
52.669998
53.25
52.830002
52.77
53.009998
53.189999
53.220001
53.279999
53.43
52.93
53.529999
52.43
52.599998
52.48
52.389999
51.610001
51.689999
52.110001
51.860001
51.66
51.720001
51.549999
51.91
53.459999
53.23
54.220001
54.290001
54.720001
54.130001
53.900002
54.07
54.299999
52.98
50.5
50.830002
51.009998
49.040001
49.880001
50.110001
50.080002
49.509998
49.740002
50.150002
48.919998
47.959999
47.869999
48.290001
49.09
48.040001
47.740002
47.959999
48.259998
48.709999
48.889999
48.84
49.009998
49.009998
48.799999
48.650002
48.450001
48.290001
48.560001
48.310001
47.689999
47.279999
46.880001
46.290001
47.07
47.310001
48.0
47.82
47.16
47.5
47.93
48.240002
47.48
46.919998
48.27
47.580002
47.740002
47.66
48.389999
48.849998
48.619999
48.43
decrease
