158.990005
158.520004
160.270004
171.460007
170.940002
170.729996
169.889999
173.050003
173.75
172.479996
173.699997
174.0
173.070007
174.5
174.110001
172.220001
172.410004
174.710007
174.910004
174.389999
176.330002
175.5
175.550003
176.100006
177.539993
178.600006
178.070007
178.559998
179.619995
181.009995
183.960007
183.789993
183.589996
185.809998
186.330002
184.990005
183.350006
184.970001
184.970001
184.949997
184.160004
185.580002
184.279999
185.429993
184.889999
185.470001
184.919998
183.210007
184.210007
182.839996
183.839996
182.520004
183.779999
182.240005
184.080002
180.389999
180.839996
182.910004
182.740005
183.389999
185.220001
183.5
182.910004
184.110001
185.240005
185.009995
175.110001
172.580002
173.229996
174.110001
173.440002
175.740005
176.690002
178.160004
177.850006
177.949997
176.639999
176.699997
175.660004
177.029999
179.759995
179.520004
182.399994
180.220001
179.699997
180.179993
182.839996
179.940002
180.960007
179.419998
179.940002
180.330002
181.059998
183.479996
183.029999
182.899994
183.910004
184.880005
186.559998
189.110001
190.0
189.649994
189.320007
187.729996
188.949997
184.75
183.860001
181.789993
181.160004
180.320007
178.979996
178.740005
178.779999
179.520004
182.039993
182.830002
183.830002
183.949997
185.880005
183.800003
185.009995
185.669998
185.800003
185.789993
184.639999
180.919998
181.160004
185.449997
188.139999
187.550003
187.630005
190.350006
194.630005
199.75
196.220001
196.050003
198.050003
197.910004
197.919998
195.630005
196.350006
196.179993
194.970001
193.210007
194.639999
195.639999
194.839996
199.600006
198.210007
200.270004
198.059998
196.570007
195.949997
196.710007
197.800003
195.679993
197.169998
198.160004
194.669998
194.259995
195.199997
196.470001
199.289993
197.759995
197.5
197.199997
193.979996
196.559998
197.720001
198.080002
196.059998
194.520004
193.789993
193.820007
193.449997
194.809998
193.190002
195.690002
197.770004
199.660004
202.229996
204.759995
208.960007
207.320007
207.729996
209.75
208.940002
209.160004
207.869995
210.720001
214.770004
210.990005
214.300003
217.210007
218.139999
218.699997
214.869995
215.610001
217.369995
212.490005
203.259995
202.720001
201.979996
191.789993
193.589996
198.449997
200.199997
204.619995
206.899994
206.179993
203.869995
204.229996
204.470001
208.470001
208.449997
206.110001
204.639999
198.169998
200.110001
201.380005
205.320007
207.5
208.960007
212.699997
212.869995
212.130005
211.220001
212.339996
213.179993
212.979996
214.460007
211.179993
204.610001
199.509995
204.199997
200.520004
198.570007
198.649994
195.979996
198.809998
201.619995
201.699997
194.880005
198.479996
203.320007
200.630005
202.320007
202.320007
206.190002
207.600006
210.050003
207.389999
increase
