84.139999
84.029999
84.279999
85.919998
85.919998
85.889999
86.540001
86.459999
85.809998
85.790001
86.050003
85.889999
85.839996
85.980003
85.620003
85.5
85.25
84.959999
84.510002
81.730003
81.449997
80.610001
81.339996
81.239998
80.580002
80.75
81.25
80.160004
81.019997
82.18
83.099998
83.379997
81.449997
81.459999
81.470001
80.989998
81.809998
81.800003
82.879997
82.559998
78.440002
79.809998
78.300003
78.120003
76.370003
76.339996
77.529999
77.260002
77.089996
78.370003
78.309998
78.129997
78.639999
77.720001
77.470001
77.160004
77.290001
77.519997
78.010002
78.910004
79.18
78.669998
79.559998
79.800003
78.900002
79.599998
80.059998
78.68
78.779999
79.620003
80.669998
81.129997
81.029999
81.050003
81.059998
81.510002
81.080002
81.279999
79.75
80.720001
81.529999
81.129997
81.260002
80.889999
80.029999
80.599998
81.279999
81.360001
80.5
81.129997
81.160004
81.419998
81.779999
81.5
81.220001
81.459999
81.760002
81.559998
81.389999
82.279999
82.739998
82.730003
82.010002
82.5
82.599998
81.209999
78.839996
78.199997
78.410004
78.959999
79.080002
78.150002
77.519997
77.220001
76.599998
76.790001
75.830002
76.949997
73.199997
70.870003
69.849998
68.919998
69.0
67.559998
67.309998
67.400002
67.739998
67.199997
68.059998
67.510002
67.290001
69.360001
67.110001
64.480003
66.260002
66.269997
67.010002
66.779999
66.870003
65.940002
67.919998
68.900002
69.540001
70.989998
70.370003
70.589996
70.199997
71.300003
71.25
70.779999
71.160004
71.330002
70.279999
69.389999
72.239998
71.919998
72.760002
71.449997
71.57
70.18
71.050003
69.610001
71.550003
71.879997
72.010002
71.720001
70.360001
71.940002
72.550003
72.190002
72.720001
73.25
72.709999
73.300003
72.860001
72.940002
72.620003
74.949997
75.510002
71.599998
72.919998
73.849998
73.419998
74.080002
75.379997
76.07
76.029999
75.779999
76.0
76.470001
77.400002
77.019997
77.330002
78.269997
79.150002
80.269997
76.129997
75.260002
76.059998
73.559998
70.43
71.790001
71.529999
68.220001
68.459999
68.459999
68.290001
68.489998
69.779999
70.919998
70.910004
69.629997
69.669998
70.360001
70.599998
69.139999
68.889999
70.199997
70.580002
70.550003
69.790001
69.5
68.970001
70.599998
70.150002
69.860001
68.550003
67.379997
67.57
66.620003
66.050003
66.269997
65.830002
65.43
67.470001
65.959999
67.589996
65.470001
63.099998
63.169998
65.510002
64.650002
63.470001
62.849998
63.759998
64.110001
64.040001
63.82
66.220001
65.970001
66.260002
65.279999
decrease
