84.410004
83.110001
85.769997
86.879997
84.610001
85.709999
89.07
87.699997
87.290001
89.220001
89.169998
90.720001
89.900002
88.879997
89.540001
89.68
89.650002
89.019997
88.959999
85.220001
86.110001
86.660004
87.980003
88.029999
89.699997
89.269997
90.010002
91.290001
90.059998
91.589996
91.519997
89.419998
89.940002
89.93
91.019997
86.010002
86.639999
90.050003
87.800003
87.309998
87.120003
88.639999
88.230003
91.029999
90.25
93.339996
92.660004
91.849998
93.669998
91.650002
88.599998
85.290001
86.410004
86.120003
86.940002
89.269997
91.75
94.129997
92.800003
94.440002
94.57
94.269997
94.480003
95.010002
94.82
94.620003
93.75
92.959999
91.900002
84.970001
85.120003
85.669998
84.370003
84.510002
81.169998
80.970001
81.339996
80.989998
79.190002
79.900002
82.830002
83.82
85.849998
82.480003
83.199997
83.860001
86.650002
88.309998
89.449997
90.25
90.559998
90.07
90.300003
88.269997
90.410004
89.5
89.559998
88.419998
87.0
87.379997
88.779999
85.739998
85.790001
88.519997
89.18
89.919998
86.370003
85.489998
86.480003
86.089996
86.279999
88.720001
86.709999
86.400002
83.389999
83.0
84.349998
83.580002
83.849998
84.269997
86.010002
85.620003
85.760002
87.800003
86.830002
85.779999
85.5
85.480003
86.410004
87.989998
87.889999
87.290001
89.379997
87.110001
85.790001
89.269997
89.239998
88.599998
87.010002
87.849998
86.089996
87.120003
87.629997
88.919998
88.440002
91.580002
90.360001
91.209999
91.300003
90.879997
92.349998
92.910004
92.779999
86.550003
86.889999
81.0
78.860001
79.360001
77.110001
78.559998
77.860001
78.349998
81.470001
81.199997
81.769997
83.629997
82.639999
81.620003
83.620003
84.239998
82.769997
80.830002
80.68
80.0
80.959999
80.639999
79.529999
81.379997
82.669998
82.169998
82.690002
81.440002
80.620003
80.910004
82.25
83.120003
83.879997
85.160004
86.400002
85.599998
86.239998
87.339996
86.970001
87.989998
89.599998
87.449997
87.080002
88.980003
87.650002
85.25
81.449997
84.25
83.709999
80.089996
80.589996
82.339996
82.970001
83.330002
84.540001
84.910004
86.459999
85.669998
85.529999
89.139999
89.220001
87.190002
87.040001
87.269997
88.25
89.949997
93.800003
95.269997
97.220001
99.550003
102.860001
102.910004
103.199997
102.230003
106.449997
103.160004
103.669998
102.839996
100.830002
92.339996
94.269997
92.18
90.800003
92.269997
89.989998
91.209999
92.510002
90.529999
87.769997
88.559998
90.720001
89.629997
90.5
89.93
90.519997
91.370003
91.699997
89.510002
increase
