59.77
60.299999
60.720001
60.73
60.540001
60.830002
60.52
60.34
60.650002
60.68
61.27
61.599998
61.560001
60.939999
60.43
60.490002
60.790001
61.009998
60.59
60.779999
60.91
61.009998
61.580002
61.630001
61.959999
62.48
62.450001
62.57
62.759998
63.169998
63.57
63.040001
62.84
63.380001
62.98
63.130001
63.27
63.330002
63.759998
63.880001
64.230003
63.830002
64.139999
63.869999
63.630001
63.459999
63.650002
62.669998
62.189999
61.470001
61.380001
61.110001
60.830002
60.720001
60.919998
60.82
60.84
61.369999
60.830002
61.23
61.599998
62.110001
62.700001
62.790001
63.369999
62.5
62.18
62.619999
62.5
62.360001
62.970001
63.110001
63.639999
64.110001
64.089996
64.300003
64.730003
64.470001
64.660004
63.84
64.050003
64.470001
64.57
64.059998
64.589996
64.739998
64.849998
65.050003
64.919998
65.099998
65.379997
65.260002
65.110001
65.220001
65.129997
65.559998
65.580002
66.120003
66.639999
67.040001
65.629997
65.139999
65.809998
66.07
65.480003
65.0
64.5
64.269997
63.610001
64.239998
63.91
62.889999
63.16
62.779999
63.599998
63.32
64.089996
64.07
64.300003
64.260002
64.510002
64.730003
65.57
65.099998
65.029999
65.5
65.699997
66.589996
66.809998
66.800003
66.82
66.769997
67.279999
67.839996
67.470001
67.389999
66.949997
67.610001
68.169998
67.650002
68.239998
68.169998
68.230003
67.919998
68.349998
69.529999
68.760002
68.769997
68.190002
67.980003
68.190002
68.269997
68.529999
68.769997
68.93
69.260002
69.489998
69.139999
68.580002
68.239998
68.419998
68.720001
68.959999
69.169998
67.660004
67.910004
67.699997
68.169998
67.470001
66.129997
65.940002
65.620003
65.720001
65.360001
65.879997
66.43
66.43
65.769997
65.540001
65.309998
64.870003
65.43
64.910004
63.669998
63.580002
63.630001
63.150002
63.57
63.27
63.110001
63.009998
63.580002
63.240002
64.139999
64.010002
63.02
63.32
64.300003
62.599998
62.009998
61.169998
60.189999
59.860001
59.5
61.099998
61.279999
61.110001
60.139999
61.32
61.919998
60.900002
60.119999
60.34
61.849998
61.619999
60.57
59.919998
59.630001
59.470001
60.91
60.080002
59.66
60.279999
60.549999
60.889999
60.799999
61.299999
61.970001
62.450001
61.77
61.540001
61.290001
61.419998
60.5
61.150002
62.299999
62.279999
62.700001
62.290001
62.549999
62.990002
63.369999
63.040001
62.639999
62.34
62.259998
61.549999
61.580002
62.41
63.02
62.59
62.540001
decrease
