53.5
53.0
53.650002
54.560001
54.540001
54.439999
53.84
54.459999
54.540001
54.849998
55.18
55.110001
55.040001
54.68
54.720001
53.740002
53.02
53.32
53.259998
52.240002
52.380001
53.060001
53.009998
53.389999
53.09
52.779999
52.41
52.16
51.139999
52.080002
51.810001
51.720001
51.810001
52.09
52.560001
53.799999
54.09
54.450001
54.529999
53.900002
53.889999
54.240002
53.459999
52.98
52.490002
52.450001
52.900002
53.16
54.330002
55.779999
55.41
55.779999
55.779999
55.560001
55.740002
55.59
55.040001
55.169998
55.599998
54.990002
54.709999
54.799999
54.939999
54.880001
54.169998
54.27
55.060001
54.91
54.709999
53.299999
53.939999
54.080002
53.619999
53.400002
52.84
52.540001
52.709999
52.790001
51.950001
51.939999
52.84
52.849998
52.689999
51.799999
51.68
51.82
52.220001
52.029999
52.16
51.77
51.630001
51.419998
51.360001
51.07
50.970001
50.099998
49.880001
49.68
49.580002
50.66
51.57
51.459999
51.290001
51.66
52.709999
53.360001
53.75
54.060001
54.25
54.029999
53.799999
54.209999
54.25
55.150002
55.470001
55.580002
54.959999
55.389999
55.580002
55.139999
55.610001
55.66
55.209999
53.689999
53.799999
53.189999
53.41
53.75
54.919998
54.91
55.419998
55.25
55.619999
55.869999
55.849998
56.139999
56.209999
56.48
56.349998
56.18
55.049999
54.259998
54.0
53.810001
53.720001
54.040001
53.75
54.599998
54.150002
54.049999
54.52
54.060001
54.09
53.950001
55.57
56.68
56.470001
56.200001
57.389999
58.549999
58.57
59.360001
59.310001
58.869999
60.330002
59.400002
59.220001
59.869999
60.919998
60.360001
60.139999
61.610001
61.549999
61.130001
60.950001
61.299999
60.669998
61.09
61.560001
62.330002
62.75
62.040001
62.259998
63.119999
63.009998
62.549999
62.5
63.880001
63.950001
64.220001
64.730003
64.489998
65.480003
65.650002
65.93
65.82
65.279999
65.779999
65.510002
64.07
58.16
57.279999
57.540001
55.400002
56.130001
56.5
58.0
59.549999
60.02
59.950001
59.950001
59.73
58.810001
59.169998
59.970001
59.209999
58.41
57.310001
57.41
57.59
57.07
56.599998
56.720001
58.23
58.02
57.560001
56.630001
56.830002
55.900002
55.48
54.900002
54.790001
52.529999
50.98
52.290001
51.099998
51.48
52.41
51.349998
52.080002
52.91
53.259998
52.23
52.25
52.619999
51.93
52.700001
50.889999
50.799999
50.57
50.389999
51.540001
increase
