171.639999
171.509995
174.800003
180.940002
185.119995
185.860001
185.679993
185.910004
187.660004
187.149994
183.929993
185.139999
183.679993
184.5
185.25
185.649994
183.190002
187.830002
186.940002
182.279999
177.199997
179.080002
180.130005
180.779999
179.979996
180.399994
179.130005
183.199997
185.539993
187.809998
189.889999
191.860001
188.910004
189.169998
189.089996
190.979996
190.610001
193.899994
196.539993
196.240005
195.869995
196.869995
194.559998
193.809998
195.160004
188.679993
190.720001
188.520004
188.539993
188.039993
191.619995
191.970001
193.210007
189.699997
192.110001
192.830002
191.25
192.259995
192.25
192.289993
195.520004
196.199997
198.339996
189.740005
191.220001
190.080002
190.949997
190.190002
178.240005
177.759995
177.880005
176.479996
176.580002
175.910004
177.820007
178.389999
178.539993
175.050003
171.740005
171.240005
173.649994
173.190002
174.110001
171.490005
170.080002
167.800003
169.309998
168.369995
167.350006
168.449997
168.190002
168.020004
168.910004
171.619995
173.289993
172.139999
170.199997
168.960007
172.289993
173.600006
176.339996
175.889999
175.130005
171.860001
170.839996
171.059998
170.380005
172.690002
175.229996
177.289993
181.630005
181.529999
183.570007
184.440002
183.899994
185.089996
185.820007
183.440002
181.330002
179.960007
177.179993
176.910004
177.100006
178.779999
176.770004
176.339996
176.789993
177.960007
182.460007
182.5
163.259995
160.940002
161.509995
161.410004
161.660004
163.929993
164.419998
163.410004
163.860001
163.419998
162.559998
162.770004
162.740005
162.050003
161.669998
161.0
161.570007
162.880005
165.399994
165.199997
168.880005
166.639999
167.820007
165.0
167.479996
168.990005
168.570007
167.460007
169.630005
169.119995
169.110001
170.490005
169.699997
167.869995
166.509995
167.039993
163.919998
164.490005
165.360001
166.100006
164.880005
169.610001
171.679993
170.160004
170.080002
170.669998
168.639999
167.990005
168.839996
168.820007
168.479996
169.050003
168.369995
166.210007
169.029999
172.75
168.949997
171.380005
167.389999
167.529999
166.649994
171.979996
178.970001
183.089996
185.970001
182.5
182.070007
181.419998
182.490005
178.059998
171.880005
173.809998
171.520004
164.949997
167.009995
171.050003
170.190002
171.210007
176.740005
172.699997
168.5
166.289993
168.479996
171.440002
168.089996
165.240005
162.429993
160.570007
158.649994
158.580002
161.419998
158.600006
158.779999
164.059998
163.309998
162.720001
160.119995
160.479996
159.820007
158.0
157.259995
158.240005
155.479996
152.630005
153.440002
152.800003
151.169998
153.110001
150.460007
151.229996
151.600006
152.610001
148.520004
146.789993
149.820007
148.929993
149.029999
148.589996
153.570007
153.529999
154.720001
152.009995
decrease
