129.860001
128.050003
130.080002
131.789993
132.529999
133.050003
132.619995
133.229996
133.710007
134.009995
142.339996
144.199997
144.289993
142.110001
141.960007
142.460007
142.320007
142.470001
142.649994
140.630005
139.850006
140.059998
140.679993
141.220001
142.759995
144.800003
145.0
145.039993
146.630005
146.630005
147.179993
147.050003
145.389999
145.369995
145.509995
145.660004
146.240005
147.179993
147.979996
148.419998
149.649994
149.570007
149.570007
148.600006
145.050003
145.360001
145.080002
144.910004
146.839996
146.710007
145.460007
146.389999
145.490005
145.029999
146.320007
146.210007
144.5
145.369995
145.710007
146.479996
147.919998
147.119995
146.729996
147.339996
147.619995
149.080002
149.869995
148.509995
147.029999
150.119995
148.880005
149.619995
148.869995
147.240005
149.639999
149.580002
149.660004
149.240005
147.970001
149.139999
151.309998
150.869995
150.009995
148.050003
148.440002
148.929993
149.490005
148.389999
148.360001
148.880005
148.0
147.869995
147.770004
148.470001
148.100006
147.470001
147.619995
147.860001
151.839996
151.529999
152.610001
152.880005
152.419998
153.139999
152.100006
151.839996
152.410004
151.369995
152.710007
153.520004
154.860001
155.830002
155.529999
154.229996
155.490005
154.889999
154.699997
155.25
155.020004
154.679993
155.949997
155.960007
156.429993
157.589996
158.949997
158.940002
159.800003
161.169998
162.820007
164.020004
163.279999
163.240005
162.820007
161.619995
161.009995
161.080002
160.910004
157.479996
159.589996
161.190002
161.600006
160.990005
161.5
161.570007
161.490005
162.029999
162.649994
159.929993
160.070007
159.889999
159.800003
158.789993
159.520004
158.5
159.399994
159.070007
160.800003
161.949997
158.479996
157.320007
157.100006
155.419998
155.460007
155.279999
155.199997
152.929993
153.479996
156.0
154.559998
154.149994
153.119995
152.369995
151.740005
151.869995
151.639999
151.389999
150.690002
146.990005
149.740005
151.259995
152.229996
151.410004
151.830002
153.610001
154.759995
155.460007
152.580002
154.550003
153.559998
153.889999
154.600006
157.869995
159.020004
160.169998
163.940002
161.710007
160.339996
160.470001
163.919998
161.660004
157.5
158.399994
157.380005
152.360001
152.139999
154.149994
155.309998
159.25
159.619995
159.229996
159.649994
157.570007
156.529999
159.960007
161.210007
161.009995
157.899994
154.990005
154.919998
156.919998
157.429993
158.850006
159.570007
164.139999
162.960007
162.389999
161.529999
162.279999
162.800003
159.179993
159.539993
158.149994
154.660004
151.509995
154.139999
151.380005
151.289993
152.190002
148.990005
148.220001
148.949997
148.5
146.149994
146.0
147.020004
147.029999
147.889999
150.080002
152.119995
152.940002
152.660004
152.690002
decrease
