72.839996
73.379997
74.099998
74.230003
72.300003
72.839996
72.779999
73.010002
72.860001
72.879997
72.949997
73.389999
73.260002
72.760002
73.089996
72.550003
71.959999
72.169998
71.25
70.730003
70.959999
70.5
70.970001
71.019997
71.379997
71.57
71.839996
72.139999
72.910004
73.459999
74.25
73.910004
73.410004
73.330002
72.540001
72.650002
72.879997
73.370003
73.419998
74.050003
74.139999
74.18
73.769997
73.400002
73.360001
73.43
73.459999
73.110001
73.519997
73.019997
73.349998
73.400002
73.720001
73.389999
73.989998
73.980003
73.860001
74.169998
73.989998
74.269997
74.5
74.790001
74.919998
75.0
75.370003
75.089996
75.639999
74.660004
75.449997
74.800003
75.150002
75.220001
75.25
75.620003
75.519997
75.389999
75.339996
75.230003
74.809998
74.610001
75.550003
75.699997
76.0
75.529999
75.25
75.540001
76.199997
76.029999
75.650002
75.889999
76.260002
76.75
76.949997
77.110001
77.190002
75.940002
76.129997
76.080002
77.120003
77.720001
78.32
77.809998
77.839996
78.0
78.18
78.260002
78.389999
78.279999
78.199997
78.599998
78.620003
78.32
78.410004
78.269997
78.769997
79.279999
76.330002
76.669998
76.279999
76.790001
76.739998
77.080002
76.919998
77.019997
76.690002
76.839996
76.940002
77.370003
77.730003
77.720001
77.949997
77.510002
81.309998
82.309998
81.870003
82.169998
81.099998
81.650002
81.699997
81.239998
81.629997
81.839996
81.400002
81.32
82.139999
82.379997
81.730003
81.699997
80.650002
80.919998
80.870003
80.260002
80.379997
80.849998
81.610001
82.620003
82.25
81.809998
83.150002
83.32
83.5
83.910004
84.57
85.370003
84.639999
85.339996
84.660004
85.870003
86.120003
85.650002
85.790001
85.790001
85.910004
85.879997
86.110001
86.290001
86.300003
86.099998
87.349998
88.099998
87.989998
88.050003
87.690002
87.269997
88.18
88.269997
88.160004
88.529999
87.959999
88.059998
88.660004
88.599998
88.5
88.559998
89.709999
88.220001
87.949997
88.43
87.849998
86.529999
81.75
81.800003
81.730003
79.120003
80.099998
80.57
80.790001
82.599998
84.019997
85.150002
84.870003
84.089996
84.5
85.489998
86.589996
86.949997
86.32
85.349998
85.519997
85.690002
85.82
85.300003
85.239998
87.209999
86.669998
86.660004
86.410004
86.25
86.389999
85.800003
86.269997
85.919998
84.239998
82.900002
84.129997
83.290001
83.18
84.120003
83.580002
84.919998
85.480003
86.019997
84.209999
83.589996
84.25
82.690002
83.019997
83.07
83.379997
83.519997
83.650002
82.620003
decrease
