30.26
30.01
29.98
30.809999
30.780001
30.75
30.629999
30.799999
30.33
30.709999
29.530001
30.25
30.629999
30.059999
30.76
30.27
30.32
30.780001
30.620001
30.09
29.9
30.200001
30.24
30.49
30.280001
29.860001
29.690001
28.690001
28.6
28.809999
28.879999
28.99
29.25
28.73
28.93
29.389999
29.469999
29.549999
28.790001
28.299999
29.120001
28.870001
28.43
27.85
28.17
28.75
28.969999
29.17
29.75
29.799999
30.280001
30.83
30.35
30.469999
30.41
30.440001
30.43
30.790001
31.16
31.43
31.440001
31.15
31.25
31.43
31.450001
31.67
31.6
31.610001
31.98
31.99
31.780001
31.719999
31.639999
31.059999
30.98
31.02
30.49
30.629999
30.049999
30.08
30.110001
29.969999
29.620001
29.08
29.07
29.01
29.5
29.49
29.469999
29.389999
29.17
29.17
29.129999
29.73
30.059999
30.15
30.110001
29.809999
29.690001
30.25
30.209999
30.42
30.41
30.299999
30.58
30.5
30.389999
29.99
30.0
30.59
30.23
29.98
30.0
30.01
30.049999
30.290001
30.040001
30.34
30.110001
30.059999
30.030001
30.16
30.17
29.870001
29.940001
29.92
29.690001
29.6
29.33
28.84
28.77
28.34
28.41
28.620001
28.540001
28.5
28.790001
28.110001
28.26
28.790001
28.77
28.379999
28.67
28.620001
28.23
27.719999
27.5
27.02
27.26
27.32
27.24
27.75
28.07
27.98
28.360001
28.32
29.049999
29.290001
29.049999
29.07
28.690001
28.469999
28.549999
28.9
29.08
29.059999
29.68
29.73
30.139999
30.059999
30.049999
30.32
30.309999
30.49
30.389999
30.51
30.49
31.139999
32.0
32.549999
32.459999
32.580002
32.73
32.75
33.099998
33.209999
32.59
32.52
32.279999
32.299999
32.849998
33.150002
33.099998
32.400002
32.529999
31.98
31.51
31.389999
31.68
30.700001
29.48
30.17
30.0
28.559999
28.610001
29.42
29.77
29.98
29.98
28.91
29.09
28.620001
28.559999
28.74
28.41
28.360001
27.76
27.379999
27.110001
27.24
27.629999
27.459999
27.15
28.0
28.26
28.02
28.139999
26.690001
27.209999
26.200001
26.200001
27.0
26.48
25.639999
25.450001
25.15
24.780001
24.860001
24.530001
24.450001
24.459999
24.799999
24.379999
24.379999
25.07
25.35
25.08
25.15
25.59
25.73
25.77
25.549999
decrease
