74.800003
74.940002
74.779999
75.050003
75.43
75.440002
75.18
75.230003
75.519997
75.760002
76.339996
76.5
76.120003
76.720001
76.699997
76.129997
75.709999
76.290001
75.110001
75.120003
77.540001
78.769997
78.550003
78.489998
78.150002
78.309998
78.129997
78.150002
78.599998
79.809998
79.620003
80.260002
78.93
79.150002
78.93
79.419998
79.239998
79.519997
79.900002
78.910004
75.239998
75.5
75.540001
76.239998
75.519997
74.839996
75.5
76.010002
76.510002
75.93
75.68
75.360001
75.32
75.470001
75.330002
73.230003
73.470001
73.940002
75.050003
76.339996
76.370003
76.199997
75.870003
76.019997
76.150002
76.889999
78.519997
78.900002
79.779999
79.809998
79.989998
80.5
80.529999
80.870003
80.480003
81.279999
81.589996
81.610001
80.660004
80.400002
80.699997
80.769997
80.980003
79.699997
79.309998
79.709999
80.019997
79.959999
78.339996
78.629997
78.029999
78.769997
78.540001
78.07
78.370003
79.800003
80.080002
80.120003
78.879997
79.080002
79.610001
79.860001
79.68
80.379997
80.0
80.050003
80.5
80.010002
79.529999
79.150002
79.389999
79.290001
78.949997
78.139999
78.449997
79.220001
79.089996
79.410004
79.0
80.529999
84.129997
85.730003
86.099998
86.620003
85.739998
85.980003
86.220001
86.400002
87.440002
88.650002
87.980003
88.480003
88.620003
88.169998
86.949997
87.309998
87.940002
88.800003
89.68
88.699997
88.949997
90.260002
90.300003
90.919998
90.989998
91.089996
89.830002
99.620003
97.470001
97.480003
96.519997
96.410004
96.620003
96.620003
96.769997
97.559998
97.230003
97.349998
97.010002
97.830002
97.279999
96.779999
96.550003
96.93
96.699997
97.760002
97.129997
97.110001
97.900002
98.800003
98.75
98.059998
98.209999
99.160004
99.260002
99.400002
98.75
98.589996
99.449997
99.540001
100.129997
101.610001
100.389999
99.669998
100.019997
100.870003
100.690002
102.699997
104.300003
104.589996
105.449997
105.900002
105.790001
106.599998
108.389999
109.550003
107.730003
106.599998
105.519997
104.480003
100.089996
100.900002
102.849998
100.019997
99.370003
99.550003
100.980003
101.699997
103.230003
104.779999
94.110001
91.519997
92.769997
92.889999
93.120003
91.519997
90.010002
89.080002
88.769997
89.980003
89.059998
87.739998
87.919998
88.720001
88.07
88.300003
87.669998
87.510002
89.169998
87.449997
87.949997
88.18
87.139999
85.419998
87.5
86.050003
87.769997
88.970001
85.550003
86.800003
87.220001
87.809998
86.690002
86.279999
86.449997
85.910004
85.43
86.019997
86.839996
87.900002
87.57
87.889999
decrease
