53.080002
53.02
54.02
54.360001
53.650002
54.290001
53.560001
54.110001
54.189999
53.990002
54.110001
55.02
54.610001
53.41
54.110001
54.279999
53.68
54.0
53.790001
52.139999
51.59
51.990002
52.310001
52.700001
54.310001
55.290001
55.150002
55.049999
54.419998
55.27
55.099998
54.650002
54.119999
55.740002
55.459999
57.299999
57.27
57.48
56.799999
57.360001
57.490002
57.950001
57.240002
56.98
56.849998
57.310001
57.029999
56.720001
56.689999
56.310001
56.66
57.119999
57.119999
56.41
57.310001
58.290001
57.869999
58.630001
59.689999
59.650002
59.73
59.119999
59.5
58.91
58.700001
58.619999
58.830002
58.150002
58.720001
57.32
57.419998
57.77
57.650002
56.59
57.330002
57.16
56.560001
56.139999
55.23
55.610001
56.540001
56.310001
57.299999
56.07
56.290001
54.330002
54.830002
54.599998
54.68
55.23
55.169998
55.259998
56.139999
56.91
57.93
56.84
56.790001
56.470001
56.470001
57.75
57.970001
57.330002
57.419998
57.560001
57.740002
57.34
58.25
57.610001
55.669998
55.209999
55.599998
56.330002
56.779999
56.73
58.07
58.060001
58.189999
57.889999
58.169998
58.540001
58.970001
58.57
58.709999
58.860001
59.130001
59.599998
59.599998
59.599998
60.529999
60.759998
61.07
60.970001
60.470001
60.830002
60.32
61.330002
61.330002
59.82
59.950001
59.27
58.950001
59.34
59.029999
58.66
58.84
58.66
58.759998
59.150002
59.5
58.450001
58.66
58.790001
58.860001
58.689999
59.279999
60.259998
62.41
62.400002
63.470001
63.310001
63.419998
63.560001
64.419998
64.419998
63.939999
64.300003
62.549999
63.110001
63.860001
63.400002
63.73
63.84
63.73
63.25
63.080002
63.200001
63.209999
64.709999
65.400002
67.040001
67.309998
67.760002
67.400002
67.410004
68.260002
69.199997
68.690002
69.269997
68.029999
69.160004
68.779999
68.410004
68.75
69.089996
70.269997
68.410004
68.160004
66.629997
66.279999
67.239998
63.959999
64.550003
64.419998
60.93
62.330002
63.27
63.43
64.300003
64.910004
66.32
65.110001
65.129997
65.279999
66.110001
67.330002
66.660004
65.760002
64.970001
65.400002
66.0
66.400002
66.199997
66.050003
67.07
67.050003
67.010002
66.199997
66.510002
66.370003
64.82
64.580002
64.839996
62.740002
61.040001
63.830002
63.450001
63.16
64.169998
61.950001
63.169998
63.860001
64.449997
62.650002
63.0
64.559998
64.25
64.839996
65.0
65.360001
66.099998
66.360001
66.610001
decrease
