19.99
19.76
20.08
20.120001
20.1
19.98
19.860001
19.969999
20.129999
19.26
19.4
19.389999
19.559999
19.49
19.639999
19.459999
19.280001
19.41
19.15
18.9
18.85
19.01
19.120001
18.82
19.27
19.309999
19.07
19.18
19.02
19.440001
19.280001
19.4
19.219999
19.129999
18.940001
19.01
19.26
19.450001
19.23
18.99
19.08
19.1
18.950001
18.84
18.780001
19.17
19.01
18.879999
18.969999
18.860001
19.049999
19.15
18.690001
18.469999
18.65
18.700001
18.790001
19.01
18.940001
19.02
19.0
18.959999
19.18
19.08
19.09
19.16
19.48
19.48
19.700001
19.65
19.75
19.73
19.49
19.58
19.719999
19.379999
19.299999
19.280001
18.91
18.9
19.139999
19.219999
19.379999
19.0
18.879999
18.879999
19.030001
18.969999
18.98
19.0
19.040001
19.07
18.93
18.92
18.790001
18.68
18.51
18.540001
18.690001
18.889999
19.219999
19.110001
18.940001
18.91
19.1
19.049999
18.950001
18.91
18.99
19.030001
18.73
19.0
19.059999
19.200001
19.4
19.379999
19.41
19.65
19.52
19.52
19.6
19.74
19.74
19.790001
19.76
19.700001
19.790001
19.860001
20.309999
20.200001
20.1
20.030001
20.25
20.26
19.719999
19.860001
19.98
20.08
19.5
19.43
19.16
19.75
20.08
20.139999
19.52
19.65
19.6
19.77
19.68
19.68
19.700001
19.549999
19.65
19.48
19.690001
19.700001
19.690001
19.709999
19.709999
19.549999
19.4
19.52
19.389999
19.530001
19.5
19.370001
19.35
19.48
19.559999
19.59
19.469999
19.26
19.08
18.889999
18.799999
19.07
19.01
19.08
19.07
19.450001
20.6
21.49
21.040001
21.23
21.18
21.120001
20.620001
20.24
20.190001
20.24
20.549999
20.73
20.52
20.799999
21.16
20.83
20.6
20.790001
20.690001
20.280001
19.540001
19.809999
19.49
18.809999
19.360001
19.77
19.75
20.299999
20.200001
20.26
20.25
20.09
20.09
20.24
20.299999
19.99
19.82
19.66
19.870001
19.9
19.9
19.959999
19.66
20.17
20.129999
20.370001
20.309999
20.02
20.040001
19.639999
19.75
19.68
19.35
19.0
19.209999
18.889999
19.219999
19.23
18.93
18.690001
19.09
19.08
18.65
18.709999
19.040001
18.92
19.01
18.879999
19.139999
19.41
19.370001
19.41
decrease
