34.779999
34.560001
34.889999
34.0
34.259998
34.669998
33.869999
33.580002
33.700001
33.259998
33.099998
33.549999
33.34
33.209999
33.209999
32.970001
32.869999
33.099998
33.119999
32.759998
32.700001
33.02
33.130001
33.07
33.18
33.169998
33.009998
33.139999
32.959999
33.509998
33.509998
33.380001
33.41
33.02
32.59
33.23
33.599998
33.810001
33.77
33.599998
33.66
34.040001
33.959999
33.759998
33.939999
34.139999
33.630001
32.849998
33.200001
33.07
33.5
33.689999
33.209999
32.060001
32.009998
32.220001
32.509998
32.93
32.720001
33.150002
33.400002
33.080002
33.82
34.0
34.43
34.130001
34.119999
33.919998
34.23
32.939999
33.02
33.220001
32.369999
32.860001
32.779999
32.720001
32.459999
32.43
32.119999
32.220001
32.240002
31.940001
31.91
31.280001
31.17
31.48
31.379999
31.360001
31.379999
31.700001
31.77
31.52
31.75
32.610001
32.07
32.299999
33.23
33.150002
33.580002
33.330002
33.240002
33.099998
33.060001
32.990002
33.369999
33.279999
33.400002
33.419998
33.580002
33.810001
33.720001
33.799999
34.009998
34.029999
34.119999
34.119999
34.32
34.220001
34.200001
34.119999
34.32
34.389999
34.59
34.900002
35.02
35.029999
35.23
35.18
35.279999
34.82
34.869999
34.68
34.880001
35.509998
35.610001
35.91
35.810001
35.610001
35.709999
35.66
35.990002
36.41
36.27
36.139999
35.959999
36.200001
36.549999
36.549999
36.279999
36.110001
36.110001
36.189999
36.169998
35.529999
35.68
35.369999
35.380001
35.400002
35.130001
35.189999
35.240002
35.619999
35.43
35.439999
35.630001
35.759998
35.650002
35.84
36.009998
35.48
35.419998
35.209999
34.939999
35.060001
35.099998
35.259998
35.259998
35.299999
35.610001
35.32
35.27
35.5
35.259998
34.830002
34.990002
35.259998
34.759998
35.209999
35.299999
35.799999
35.98
36.610001
37.59
37.73
37.849998
37.07
36.790001
37.540001
37.16
35.68
34.790001
34.68
34.52
33.599998
33.790001
34.360001
34.209999
34.959999
34.950001
35.18
34.939999
34.759998
34.860001
35.400002
35.66
35.259998
35.029999
34.360001
34.650002
34.009998
34.23
34.279999
34.470001
34.860001
35.119999
35.549999
35.240002
35.619999
35.82
35.529999
35.389999
35.380001
35.200001
34.049999
34.529999
34.900002
35.02
35.0
34.610001
34.68
35.240002
35.740002
35.48
35.279999
35.419998
35.759998
35.919998
36.189999
36.48
36.939999
36.849998
36.630001
decrease
