89.75
89.720001
91.790001
92.220001
100.540001
95.889999
95.309998
95.730003
95.980003
95.980003
95.629997
96.07
95.970001
96.669998
96.410004
96.220001
95.089996
96.239998
95.940002
94.5
95.620003
95.599998
95.989998
96.879997
97.419998
99.099998
99.629997
100.0
100.989998
102.839996
102.949997
101.779999
99.669998
99.790001
99.589996
98.900002
99.040001
100.459999
100.940002
100.800003
101.339996
103.239998
102.300003
103.199997
104.120003
104.379997
105.269997
102.550003
103.279999
100.699997
100.410004
100.730003
101.290001
100.099998
100.830002
101.370003
101.379997
102.019997
102.029999
102.099998
102.730003
102.949997
102.489998
102.639999
103.059998
103.07
104.419998
103.610001
104.080002
103.620003
104.370003
105.309998
103.0
102.300003
102.260002
103.339996
100.870003
100.309998
97.599998
97.330002
98.709999
99.57
99.099998
96.150002
96.720001
96.620003
98.709999
97.730003
96.970001
96.989998
96.309998
96.650002
98.32
99.68
100.25
98.599998
97.610001
96.919998
98.470001
99.830002
100.839996
102.5
102.669998
101.440002
101.470001
101.519997
102.68
103.190002
105.230003
103.650002
104.879997
104.830002
105.25
105.410004
106.019997
105.279999
105.900002
106.82
107.050003
107.900002
108.690002
108.970001
109.669998
110.370003
110.019997
109.629997
109.330002
109.300003
109.0
108.269997
108.519997
104.32
106.470001
106.559998
105.739998
106.849998
107.220001
107.459999
108.910004
109.040001
108.68
109.089996
106.940002
106.07
106.300003
107.540001
106.480003
108.230003
108.760002
109.529999
110.269997
109.639999
109.07
108.870003
110.349998
112.269997
112.389999
111.669998
112.209999
112.900002
112.769997
112.769997
113.050003
112.739998
111.980003
111.800003
110.769997
112.610001
114.480003
113.559998
112.830002
113.370003
113.580002
113.910004
115.370003
116.660004
115.870003
116.839996
117.5
115.730003
112.440002
113.860001
113.370003
112.709999
116.889999
117.93
117.080002
117.129997
122.730003
126.989998
127.349998
127.330002
125.269997
125.089996
124.959999
125.019997
123.470001
124.129997
125.120003
121.540001
116.769997
119.769997
118.720001
113.559998
115.019997
116.309998
117.919998
121.669998
122.620003
121.080002
120.769997
121.120003
119.75
119.589996
118.019997
115.959999
115.779999
115.610001
116.389999
116.690002
117.610001
117.370003
116.480003
121.089996
118.910004
118.400002
116.080002
116.150002
116.260002
116.610001
116.940002
117.919998
115.199997
112.389999
114.410004
112.93
112.790001
114.43
111.089996
112.150002
113.449997
113.440002
110.279999
109.860001
109.360001
111.489998
112.029999
110.059998
111.779999
113.769997
114.830002
114.099998
increase
