116.150002
115.900002
115.57
118.220001
125.190002
124.5
123.010002
125.919998
125.300003
125.849998
124.32
122.139999
120.199997
123.459999
123.269997
122.230003
125.290001
125.690002
127.910004
122.620003
122.419998
121.730003
125.160004
124.150002
124.0
124.440002
125.730003
126.580002
128.699997
133.589996
134.679993
133.279999
132.600006
132.309998
134.729996
129.589996
130.25
134.160004
133.490005
134.039993
134.460007
138.419998
137.130005
137.460007
137.050003
138.320007
137.149994
135.630005
135.940002
132.759995
134.119995
131.009995
132.419998
130.910004
132.460007
134.949997
134.289993
135.270004
134.979996
130.419998
129.850006
133.550003
133.169998
132.0
134.139999
138.529999
138.979996
132.0
128.020004
128.600006
129.339996
128.0
125.949997
126.339996
127.510002
130.229996
130.070007
129.850006
126.019997
125.629997
128.179993
136.389999
136.449997
134.619995
134.899994
135.639999
136.149994
134.75
134.100006
134.649994
133.899994
135.25
136.100006
138.990005
143.419998
142.5
143.380005
145.75
144.429993
145.899994
145.919998
145.470001
144.100006
143.220001
143.839996
147.009995
145.690002
145.399994
144.910004
141.130005
144.619995
145.279999
144.380005
148.919998
147.070007
147.089996
146.970001
146.960007
143.940002
143.369995
142.539993
143.270004
140.759995
142.330002
146.809998
146.399994
145.330002
145.529999
144.440002
144.759995
144.910004
143.509995
145.339996
143.149994
141.210007
147.490005
151.550003
150.050003
150.089996
151.389999
152.190002
152.789993
153.589996
154.029999
155.240005
153.600006
151.619995
153.199997
152.279999
156.960007
158.570007
158.690002
159.419998
158.490005
157.5
156.070007
158.080002
159.009995
158.070007
159.449997
157.850006
158.919998
159.539993
164.259995
162.309998
164.850006
165.0
166.029999
165.130005
166.139999
168.949997
168.509995
167.75
168.619995
170.210007
168.479996
168.589996
164.300003
162.520004
163.399994
164.490005
162.300003
163.399994
162.0
162.5
165.539993
168.729996
173.589996
175.479996
179.639999
195.229996
194.949997
200.580002
200.600006
180.289993
163.479996
171.389999
165.589996
170.490005
166.559998
165.479996
163.220001
177.320007
169.279999
166.220001
162.919998
164.660004
164.160004
164.009995
164.279999
164.919998
166.360001
164.190002
167.130005
169.0
168.75
167.5
163.419998
163.059998
165.059998
166.779999
168.410004
179.110001
188.889999
191.789993
185.410004
185.220001
186.210007
184.759995
181.619995
184.190002
178.919998
175.539993
175.880005
177.0
177.729996
176.039993
182.360001
181.0
180.300003
179.580002
181.240005
178.490005
180.380005
183.279999
179.830002
186.639999
183.809998
188.699997
190.649994
192.910004
191.649994
increase
