116.93
118.629997
119.339996
120.849998
119.440002
116.639999
116.68
116.330002
115.360001
118.239998
115.830002
120.300003
121.910004
119.010002
120.07
118.279999
117.290001
117.190002
117.160004
116.150002
115.839996
117.589996
115.949997
114.989998
113.559998
110.980003
110.949997
107.68
107.559998
107.25
104.580002
102.709999
103.940002
99.830002
98.610001
99.889999
100.18
101.139999
97.510002
93.879997
93.82
93.449997
94.010002
92.32
91.330002
93.0
93.099998
92.599998
93.32
94.25
94.010002
96.839996
94.25
92.080002
91.599998
92.220001
93.449997
92.139999
92.980003
93.82
94.129997
93.889999
96.730003
95.650002
95.019997
95.029999
97.440002
96.75
99.18
98.339996
99.029999
98.540001
98.169998
92.889999
94.0
92.480003
93.860001
100.860001
97.779999
97.519997
96.230003
96.620003
96.559998
96.300003
98.300003
97.800003
99.209999
99.839996
99.010002
99.559998
99.57
98.370003
98.43
99.690002
101.449997
101.739998
102.889999
102.080002
99.480003
100.32
101.309998
106.669998
106.709999
106.720001
107.25
107.169998
109.32
109.370003
110.849998
114.290001
113.239998
115.510002
114.25
113.669998
116.0
115.620003
115.629997
116.059998
115.639999
115.739998
114.839996
115.5
114.559998
114.860001
115.879997
116.32
115.029999
115.32
117.339996
114.279999
113.349998
113.040001
113.360001
115.449997
117.139999
116.93
121.209999
120.870003
122.529999
125.360001
125.970001
125.339996
125.760002
125.050003
121.870003
117.519997
115.529999
115.610001
116.57
115.279999
114.959999
115.410004
116.519997
112.650002
114.239998
114.230003
116.110001
116.889999
112.800003
112.75
110.099998
110.879997
111.900002
112.720001
113.57
113.279999
113.050003
112.330002
113.660004
113.050003
114.879997
118.779999
119.949997
122.18
121.510002
122.809998
122.010002
125.510002
126.199997
128.660004
127.82
128.240005
127.610001
125.550003
127.650002
127.139999
125.830002
126.449997
124.639999
124.040001
126.800003
125.050003
124.230003
120.25
119.779999
118.68
114.330002
112.199997
113.410004
110.949997
107.910004
108.459999
105.910004
100.190002
100.190002
100.900002
99.779999
102.190002
98.760002
98.730003
98.370003
95.129997
95.440002
98.699997
98.339996
97.919998
96.089996
95.349998
95.849998
96.690002
93.410004
92.690002
93.690002
92.889999
95.379997
92.559998
93.540001
92.139999
92.480003
91.650002
91.620003
94.669998
94.25
93.209999
94.769997
93.629997
92.75
93.5
89.809998
91.43
91.599998
93.949997
90.459999
90.440002
94.120003
94.93
93.540001
93.980003
96.720001
96.32
100.970001
100.440002
increase
