44.650002
44.830002
45.02
45.009998
44.84
45.130001
45.049999
44.799999
44.810001
44.709999
44.919998
45.049999
45.130001
44.77
44.889999
45.150002
45.580002
45.810001
45.57
45.610001
45.639999
45.849998
46.299999
46.509998
46.77
47.259998
47.299999
47.580002
47.91
48.130001
48.32
47.84
47.540001
47.900002
47.34
47.349998
47.18
47.07
47.369999
47.59
47.790001
47.59
47.68
47.549999
47.34
47.130001
47.380001
47.009998
46.470001
45.959999
45.880001
45.57
45.529999
45.57
45.689999
45.560001
45.540001
45.889999
45.669998
45.919998
46.119999
46.400002
46.619999
47.130001
47.419998
46.900002
46.700001
47.27
47.66
47.16
47.310001
47.57
47.709999
48.110001
47.970001
48.200001
48.439999
48.27
48.639999
48.189999
48.43
48.73
48.939999
48.669998
49.0
49.209999
49.130001
49.369999
49.349998
49.369999
49.540001
49.5
49.48
49.5
49.360001
49.650002
49.560001
49.889999
50.23
50.509998
49.529999
49.16
49.099998
49.080002
48.619999
48.439999
48.130001
48.009998
47.41
47.700001
47.709999
47.040001
47.369999
47.32
47.360001
47.18
47.77
47.580002
47.389999
47.580002
47.939999
48.279999
48.759998
48.610001
48.490002
48.720001
48.73
49.25
49.259998
49.27
49.459999
49.380001
49.049999
49.209999
49.290001
49.52
49.23
49.259998
49.59
49.400002
50.029999
50.25
50.509998
50.200001
50.790001
51.799999
51.18
51.18
50.889999
50.59
50.610001
50.529999
50.709999
50.860001
51.25
51.259998
51.610001
51.360001
51.080002
50.799999
51.09
50.84
51.200001
51.439999
50.540001
50.830002
50.389999
50.779999
50.09
49.330002
48.490002
48.389999
48.25
47.830002
47.799999
48.080002
48.110001
47.810001
47.490002
47.119999
46.790001
47.139999
46.59
46.130001
45.52
45.150002
45.290001
45.689999
45.380001
45.130001
45.23
45.720001
45.549999
46.0
45.700001
44.849998
45.209999
45.639999
44.810001
44.48
43.630001
42.73
42.459999
42.439999
43.349998
43.759998
43.959999
43.220001
44.189999
44.68
44.119999
43.700001
43.610001
44.77
44.540001
43.700001
43.279999
43.169998
43.029999
43.830002
42.91
42.720001
43.130001
43.279999
43.66
43.509998
43.540001
43.650002
44.130001
44.169998
44.259998
44.459999
44.57
43.740002
44.139999
45.110001
45.34
45.48
44.950001
45.200001
45.209999
45.689999
45.470001
45.509998
45.029999
44.84
44.02
44.48
45.279999
45.610001
45.32
45.389999
decrease
