40.360001
40.41
41.0
41.630001
41.93
42.91
41.849998
42.23
41.990002
42.279999
42.5
42.369999
41.900002
42.0
41.939999
41.84
41.860001
41.919998
42.009998
41.790001
42.259998
41.450001
41.889999
42.360001
42.66
43.360001
43.299999
43.400002
43.689999
43.619999
43.279999
42.779999
42.529999
42.5
42.220001
42.57
42.169998
42.369999
42.810001
43.48
44.040001
44.099998
44.200001
44.009998
43.27
43.41
43.619999
44.0
44.169998
44.139999
43.799999
44.509998
44.25
44.380001
44.950001
45.009998
44.880001
45.200001
45.029999
45.169998
45.279999
45.75
46.080002
46.279999
46.41
46.66
46.360001
45.98
42.880001
43.400002
44.400002
44.540001
44.5
44.299999
44.27
44.470001
44.279999
44.669998
44.5
44.41
44.700001
44.720001
44.619999
43.959999
43.790001
43.799999
44.0
43.34
42.52
43.009998
41.849998
41.790001
41.299999
40.959999
40.619999
38.27
38.450001
36.48
38.610001
40.549999
40.450001
40.639999
39.240002
39.369999
39.169998
39.029999
39.029999
39.639999
39.189999
39.41
38.23
37.990002
39.110001
39.450001
39.610001
39.799999
39.150002
39.540001
39.57
39.32
39.669998
39.349998
40.669998
41.509998
41.639999
42.02
41.34
42.459999
42.509998
42.209999
42.32
41.490002
40.849998
40.799999
41.259998
40.470001
40.34
39.48
40.040001
39.689999
39.91
39.529999
40.139999
39.709999
39.400002
39.0
39.23
38.669998
38.630001
38.720001
38.299999
38.25
38.080002
38.849998
39.029999
39.540001
38.82
38.450001
37.939999
37.32
37.450001
36.73
36.869999
36.82
37.029999
36.099998
35.110001
36.25
35.509998
35.32
35.189999
35.060001
35.169998
35.240002
35.200001
35.369999
35.16
34.02
34.43
35.240002
34.650002
34.459999
34.209999
34.23
35.27
35.490002
35.240002
35.330002
35.130001
35.450001
35.990002
36.779999
36.860001
36.880001
36.669998
36.610001
36.619999
36.84
36.790001
38.25
37.68
37.34
42.0
41.259998
41.860001
41.599998
41.900002
43.5
43.119999
43.799999
43.0
43.299999
43.099998
43.450001
43.119999
42.689999
42.310001
42.73
43.299999
55.919998
55.91
55.75
55.799999
55.669998
55.560001
55.599998
55.450001
55.419998
55.330002
55.439999
55.360001
55.389999
55.349998
55.330002
55.400002
55.41
55.349998
55.259998
55.099998
55.490002
55.259998
55.599998
55.349998
55.25
55.389999
55.360001
55.389999
55.5
55.5
55.669998
55.779999
55.610001
decrease
