57.709999
57.689999
60.650002
60.689999
59.990002
64.400002
63.110001
63.360001
62.689999
62.610001
62.939999
63.389999
64.57
64.690002
64.620003
64.580002
64.300003
64.790001
65.459999
64.760002
65.610001
66.669998
67.519997
63.970001
64.440002
65.43
65.849998
65.720001
66.709999
66.650002
66.879997
67.150002
67.610001
67.870003
68.07
65.400002
64.230003
64.779999
64.879997
64.860001
64.739998
65.900002
65.260002
66.120003
66.580002
67.529999
67.360001
65.099998
66.010002
64.18
64.32
63.259998
64.709999
64.43
65.349998
67.18
67.550003
68.279999
67.849998
66.25
65.860001
65.629997
65.589996
65.809998
64.879997
64.260002
64.459999
65.32
63.84
63.669998
63.259998
63.560001
62.25
62.900002
63.279999
63.830002
63.16
62.740002
61.77
62.419998
63.169998
62.639999
62.709999
61.32
61.02
61.130001
61.34
64.010002
64.230003
64.75
65.18
65.760002
66.089996
66.059998
65.989998
64.510002
64.110001
64.32
63.669998
64.720001
65.0
66.970001
67.839996
68.330002
69.699997
69.82
69.489998
68.910004
69.330002
69.449997
69.519997
70.43
70.190002
70.830002
70.470001
71.150002
71.129997
71.529999
72.010002
72.57
72.480003
72.760002
72.470001
72.809998
72.660004
72.370003
72.07
72.419998
72.169998
71.68
71.610001
70.720001
70.629997
72.760002
73.050003
73.690002
73.040001
72.480003
72.800003
74.5
73.910004
73.620003
70.760002
71.870003
72.330002
72.050003
70.940002
72.669998
71.809998
72.639999
73.209999
72.239998
72.879997
72.489998
72.169998
69.379997
69.510002
68.239998
68.160004
68.419998
68.389999
69.0
68.540001
68.379997
67.68
68.029999
68.07
67.980003
69.540001
69.800003
68.989998
68.370003
67.919998
67.599998
67.910004
68.5
67.419998
67.879997
69.239998
70.489998
74.150002
74.639999
74.839996
74.099998
74.339996
74.660004
73.769997
75.860001
76.300003
75.709999
75.440002
75.540001
73.480003
69.739998
71.940002
72.18
72.129997
73.019997
72.489998
70.639999
66.970001
68.989998
66.970001
62.82
65.379997
65.120003
65.290001
66.860001
67.220001
67.089996
69.190002
68.459999
68.93
70.050003
71.489998
71.440002
71.25
70.800003
72.230003
72.800003
73.980003
73.940002
75.690002
76.199997
77.07
76.139999
76.010002
75.830002
76.029999
75.0
76.190002
75.669998
73.940002
71.870003
74.199997
72.080002
71.349998
72.239998
69.040001
69.699997
71.139999
70.699997
66.300003
66.730003
68.059998
68.010002
69.529999
68.489998
68.18
69.889999
68.010002
64.900002
decrease
