81.010002
80.690002
81.110001
81.730003
81.400002
81.260002
81.650002
82.059998
82.050003
82.699997
81.639999
82.019997
82.889999
82.309998
81.910004
82.610001
82.550003
82.800003
82.550003
81.989998
81.75
81.93
82.290001
82.580002
82.290001
81.75
81.550003
81.099998
80.5
80.699997
79.5
80.120003
81.209999
80.910004
80.620003
82.129997
82.93
82.959999
82.07
82.260002
83.489998
82.760002
82.309998
81.440002
81.080002
81.610001
81.239998
81.110001
81.529999
80.699997
80.730003
82.099998
80.849998
80.120003
80.220001
80.160004
80.599998
80.959999
80.970001
81.279999
80.860001
80.599998
80.849998
80.860001
80.120003
79.870003
80.269997
80.370003
80.830002
79.599998
80.040001
80.169998
80.599998
80.489998
80.209999
80.160004
79.959999
80.209999
78.970001
78.209999
78.230003
78.040001
77.470001
76.260002
76.639999
76.379997
76.739998
76.610001
76.330002
76.720001
76.470001
76.449997
76.099998
76.330002
76.57
77.18
78.779999
79.029999
78.82
79.25
79.5
79.769997
80.089996
80.07
80.089996
80.220001
80.550003
79.889999
79.919998
80.980003
80.889999
81.43
82.190002
81.980003
81.629997
81.760002
81.790001
82.019997
81.709999
82.029999
82.260002
82.599998
82.43
82.410004
82.809998
82.959999
82.760002
82.739998
83.110001
83.239998
83.470001
83.169998
83.470001
83.709999
83.540001
83.349998
83.870003
83.529999
83.18
83.75
83.580002
83.470001
83.970001
82.940002
82.889999
82.239998
81.209999
80.559998
80.239998
80.550003
80.870003
81.099998
81.419998
81.110001
81.669998
82.269997
83.290001
83.459999
83.57
82.889999
82.279999
82.550003
82.660004
83.029999
82.760002
83.120003
82.900002
83.029999
82.940002
82.440002
82.870003
83.849998
83.970001
83.980003
83.900002
84.019997
83.639999
85.029999
86.699997
86.82
86.75
87.139999
86.769997
86.080002
86.93
87.519997
86.970001
88.0
87.43
87.150002
88.25
88.300003
88.529999
88.370003
89.0
88.010002
86.779999
87.300003
89.07
84.529999
79.720001
78.349998
76.940002
76.07
75.779999
76.419998
76.300003
76.459999
76.209999
76.540001
75.75
74.889999
75.860001
77.529999
78.839996
77.5
75.739998
75.199997
75.550003
76.269997
76.18
74.260002
74.120003
74.559998
75.239998
74.529999
73.599998
74.419998
75.120003
74.150002
73.989998
75.040001
73.5
72.889999
74.0
73.699997
72.809998
74.610001
73.220001
75.019997
74.870003
76.019997
74.870003
74.870003
77.07
77.43
77.220001
77.839996
78.540001
78.330002
79.220001
79.419998
decrease
