27.879999
27.68
28.24
27.959999
28.4
28.48
28.76
28.24
28.16
27.84
27.719999
28.280001
28.440001
28.16
28.4
28.32
28.200001
28.6
28.559999
27.52
27.959999
28.0
27.92
27.799999
28.08
27.959999
28.0
28.32
28.280001
28.4
28.32
27.92
28.0
28.16
28.0
27.76
28.24
28.040001
27.719999
27.790001
28.5
28.790001
28.33
27.879999
27.969999
28.440001
29.190001
28.98
29.290001
29.120001
28.73
28.85
28.450001
28.35
28.780001
28.879999
28.9
29.040001
29.24
29.42
29.35
29.299999
29.379999
29.41
29.450001
30.559999
31.030001
30.49
30.58
30.43
30.67
32.459999
32.549999
32.099998
32.220001
32.509998
32.310001
32.299999
31.440001
31.66
32.130001
32.279999
32.41
31.85
31.450001
31.23
31.5
31.84
32.049999
32.259998
32.310001
32.240002
32.299999
32.27
32.560001
32.119999
32.150002
31.879999
31.559999
32.060001
32.799999
32.720001
32.810001
32.639999
32.290001
32.439999
32.880001
32.93
33.130001
33.25
33.709999
33.950001
33.860001
33.290001
33.459999
33.099998
32.860001
33.029999
32.919998
32.610001
32.709999
32.740002
32.709999
33.009998
33.09
32.75
32.84
33.099998
33.380001
33.279999
33.450001
33.099998
30.65
30.48
30.23
30.309999
30.290001
29.48
29.059999
29.08
28.59
29.370001
29.27
29.17
28.17
28.08
28.17
28.26
28.360001
28.5
28.43
28.290001
28.49
28.23
29.0
29.299999
29.66
29.719999
29.370001
29.440001
29.639999
29.59
29.59
29.59
29.74
29.42
29.309999
29.65
30.299999
30.01
29.99
29.709999
29.58
29.41
29.48
29.450001
29.15
29.370001
29.33
29.690001
29.91
30.26
30.190001
30.35
31.860001
32.77
32.349998
31.92
31.370001
31.799999
32.639999
32.580002
32.360001
32.380001
32.830002
32.84
32.68
34.130001
32.75
31.629999
31.379999
30.85
31.18
29.799999
29.610001
29.950001
29.17
29.790001
30.5
30.549999
31.030001
30.379999
30.23
30.870001
31.120001
30.25
30.32
30.549999
30.059999
30.290001
30.040001
29.83
29.83
29.92
29.690001
31.34
30.75
31.049999
31.1
30.190001
30.82
30.860001
29.799999
28.799999
29.4
29.0
28.85
28.780001
28.059999
27.92
28.309999
28.280001
27.98
27.530001
28.32
28.25
28.23
28.17
29.059999
29.98
30.27
30.33
increase
