50.220001
50.650002
51.470001
51.810001
51.450001
51.619999
51.41
51.32
50.41
49.959999
51.52
52.299999
52.200001
51.849998
51.040001
50.880001
50.98
52.290001
51.77
51.549999
51.48
52.009998
52.27
52.799999
52.610001
52.130001
51.41
51.790001
52.139999
52.439999
53.0
53.200001
52.689999
53.459999
53.580002
53.970001
54.02
53.790001
53.66
53.959999
54.049999
54.169998
53.880001
53.540001
53.849998
54.330002
54.68
54.5
54.970001
54.900002
55.43
55.450001
54.939999
54.380001
54.950001
54.610001
54.34
55.32
55.84
56.099998
56.720001
56.419998
57.07
56.93
57.619999
57.720001
57.209999
56.889999
56.869999
56.93
56.73
59.299999
59.919998
59.560001
60.02
60.040001
59.84
59.709999
58.98
59.119999
59.880001
59.860001
59.93
58.950001
59.029999
59.310001
59.959999
59.990002
60.099998
60.48
61.16
61.110001
61.549999
62.07
61.970001
61.900002
62.02
62.48
62.779999
62.970001
62.93
63.009998
63.009998
63.299999
63.66
63.830002
64.040001
63.93
64.75
64.459999
63.34
63.0
62.450001
62.630001
63.32
63.93
64.519997
64.470001
64.559998
64.650002
64.629997
64.309998
64.879997
64.709999
65.959999
63.23
63.68
63.889999
64.230003
63.68
64.830002
64.529999
64.809998
64.860001
64.639999
66.529999
66.150002
67.059998
66.57
66.540001
66.610001
66.550003
66.279999
66.25
66.029999
66.339996
65.900002
66.480003
66.419998
66.989998
67.410004
67.349998
67.690002
67.639999
68.519997
68.199997
69.339996
69.010002
68.769997
67.839996
67.980003
68.379997
68.190002
67.279999
67.540001
67.489998
66.699997
67.57
67.900002
67.860001
67.82
67.75
67.580002
67.5
68.230003
68.25
68.199997
68.07
68.900002
69.360001
69.230003
69.480003
69.5
69.0
69.970001
70.459999
70.540001
71.019997
71.110001
71.910004
72.650002
72.610001
72.57
73.239998
74.410004
73.410004
73.07
72.260002
74.839996
75.660004
72.660004
71.330002
71.790001
70.239998
70.82
71.93
72.769997
73.309998
74.730003
75.230003
74.730003
75.18
75.050003
75.93
76.260002
75.75
74.580002
73.269997
73.510002
73.860001
75.279999
76.379997
77.190002
79.480003
78.089996
77.980003
77.110001
77.639999
78.449997
78.169998
79.019997
79.339996
77.379997
75.690002
77.879997
76.32
75.809998
76.919998
75.099998
76.699997
76.760002
77.599998
75.400002
75.709999
76.779999
76.190002
77.120003
76.830002
77.790001
78.879997
79.220001
78.75
increase
