65.040001
64.82
65.720001
65.980003
65.879997
66.010002
65.75
65.75
66.339996
68.25
68.980003
69.300003
69.139999
68.760002
68.879997
69.129997
68.900002
69.220001
69.349998
69.160004
69.099998
70.07
71.010002
70.919998
71.949997
72.129997
72.089996
72.410004
72.639999
73.830002
73.989998
74.199997
74.32
74.260002
73.970001
73.099998
71.910004
72.669998
73.040001
72.610001
72.779999
73.93
73.910004
74.400002
74.540001
74.82
74.739998
73.970001
74.150002
73.449997
73.760002
73.349998
73.080002
72.650002
73.489998
73.540001
73.970001
74.099998
73.419998
73.599998
73.57
73.760002
74.150002
74.620003
74.739998
74.589996
74.800003
74.589996
75.610001
75.0
75.480003
75.529999
76.620003
74.860001
75.029999
74.989998
74.199997
75.07
75.360001
75.559998
76.279999
76.389999
76.419998
75.540001
75.410004
75.849998
76.550003
76.410004
76.260002
75.830002
76.209999
76.089996
76.019997
76.82
76.629997
76.32
76.209999
76.470001
76.480003
77.800003
77.169998
77.129997
77.160004
75.25
75.709999
75.760002
76.370003
76.480003
75.970001
73.949997
73.400002
73.099998
73.5
73.610001
73.75
73.919998
74.099998
74.580002
75.93
76.0
76.18
76.639999
76.410004
76.199997
76.209999
76.190002
76.019997
75.82
76.169998
75.550003
75.339996
74.669998
75.870003
75.239998
74.959999
74.449997
74.309998
79.150002
78.910004
79.870003
81.010002
81.129997
79.529999
79.589996
79.739998
79.43
78.800003
78.540001
78.599998
78.790001
79.529999
79.230003
79.18
79.580002
81.029999
81.809998
83.470001
83.400002
83.309998
83.099998
83.239998
83.050003
83.32
82.449997
81.989998
82.190002
82.040001
82.300003
83.110001
82.860001
82.129997
82.5
82.400002
82.190002
82.400002
82.669998
81.610001
81.599998
81.529999
82.360001
82.839996
82.980003
82.760002
82.550003
82.489998
83.620003
82.93
83.089996
83.099998
83.809998
84.910004
85.839996
85.239998
85.660004
86.199997
86.480003
84.589996
84.589996
83.980003
82.629997
79.800003
80.580002
80.129997
76.300003
79.309998
78.07
77.769997
77.879997
78.970001
78.25
78.080002
77.809998
78.32
79.800003
80.57
80.18
81.379997
79.699997
80.290001
80.629997
81.379997
81.410004
82.419998
82.949997
82.410004
82.349998
82.269997
82.879997
83.5
82.139999
83.089996
82.809998
82.18
81.68
84.029999
83.879997
84.25
85.129997
83.739998
84.110001
85.419998
86.010002
84.459999
84.449997
85.580002
85.440002
85.75
85.419998
86.260002
86.599998
86.989998
86.440002
decrease
