121.849998
121.190002
123.269997
124.489998
125.32
118.099998
119.650002
120.82
120.629997
119.43
116.849998
116.540001
116.910004
118.660004
119.489998
121.019997
121.260002
122.330002
119.779999
117.720001
117.260002
117.669998
117.790001
117.809998
119.099998
119.300003
119.230003
118.43
119.209999
122.669998
123.940002
123.93
124.169998
124.349998
125.169998
125.010002
125.0
125.470001
125.599998
125.839996
125.919998
127.089996
127.220001
128.520004
129.389999
129.089996
129.059998
128.25
128.509995
127.889999
128.399994
128.380005
127.769997
125.629997
127.110001
127.400002
126.489998
126.360001
128.979996
132.490005
132.610001
131.179993
131.070007
129.470001
129.610001
128.789993
128.770004
128.699997
125.440002
123.779999
121.32
120.32
117.690002
117.160004
117.93
117.190002
115.040001
112.860001
110.129997
111.699997
112.510002
112.970001
113.080002
112.419998
111.379997
112.769997
113.959999
112.279999
112.849998
113.190002
112.889999
112.82
113.010002
114.269997
114.330002
114.239998
115.629997
115.669998
115.699997
115.800003
116.43
115.889999
115.989998
115.470001
116.300003
115.480003
116.220001
113.059998
114.400002
114.370003
114.75
116.25
115.660004
117.089996
117.699997
116.150002
117.529999
119.160004
119.269997
117.519997
118.410004
118.639999
120.629997
119.699997
119.510002
119.93
120.690002
121.879997
122.349998
121.699997
121.209999
121.459999
121.0
124.459999
121.349998
121.620003
115.089996
112.32
109.25
109.339996
108.720001
109.169998
111.839996
110.75
111.059998
112.209999
111.080002
112.239998
111.610001
112.18
113.559998
113.07
113.07
113.389999
115.209999
116.519997
117.099998
114.57
114.82
115.489998
115.779999
114.779999
113.379997
113.510002
113.540001
113.519997
112.82
115.239998
114.43
121.379997
121.18
119.949997
120.120003
119.959999
120.139999
121.75
120.669998
124.059998
124.919998
124.739998
125.980003
126.220001
124.190002
122.529999
122.290001
122.099998
121.68
122.489998
122.190002
123.480003
126.199997
124.510002
125.019997
124.739998
126.230003
127.389999
125.940002
127.120003
128.190002
125.790001
123.18
122.300003
120.779999
115.529999
116.389999
116.519997
115.93
117.699997
119.790001
120.480003
118.720001
118.68
117.580002
118.849998
119.879997
118.139999
116.25
113.550003
117.050003
118.129997
118.089996
121.0
120.209999
120.860001
118.260002
117.919998
116.239998
115.919998
116.830002
114.75
114.400002
114.379997
111.379997
107.440002
109.760002
108.480003
108.160004
109.040001
106.400002
107.139999
107.360001
108.349998
105.18
106.199997
107.290001
106.029999
106.419998
105.57
107.239998
108.82
110.080002
110.739998
decrease
