41.080002
40.849998
41.959999
40.490002
41.18
40.66
40.029999
40.52
39.98
40.580002
40.669998
40.75
41.200001
40.93
40.939999
40.400002
40.150002
40.540001
40.66
38.990002
39.580002
40.099998
40.209999
41.34
40.700001
40.880001
40.450001
39.869999
40.07
40.549999
40.099998
40.459999
40.259998
40.459999
41.389999
42.34
42.93
43.130001
43.23
42.869999
43.09
43.360001
42.959999
42.330002
42.299999
41.93
42.34
42.540001
42.970001
43.990002
43.91
44.73
44.740002
44.119999
44.439999
44.66
45.200001
44.790001
45.0
44.720001
44.34
44.080002
43.98
43.84
43.540001
44.32
44.650002
45.669998
45.139999
45.259998
45.32
45.380001
45.720001
45.490002
46.119999
45.759998
45.810001
45.290001
44.439999
44.110001
44.990002
45.130001
45.119999
43.849998
43.919998
43.540001
43.990002
43.93
44.380001
44.700001
44.279999
43.709999
43.82
43.66
44.32
42.759998
42.610001
41.330002
41.639999
42.73
43.330002
43.049999
42.66
43.279999
43.959999
44.41
45.110001
45.360001
45.119999
45.450001
45.84
46.59
46.939999
47.18
47.279999
46.93
46.689999
47.66
47.880001
47.34
47.709999
47.279999
46.720001
46.599998
46.790001
45.990002
46.169998
46.049999
46.759998
46.389999
46.349998
45.990002
46.93
47.110001
46.799999
46.459999
46.220001
46.849998
46.810001
46.450001
44.880001
44.540001
43.970001
43.93
45.43
46.490002
46.5
46.110001
46.299999
47.099998
46.889999
46.349998
46.349998
46.419998
48.09
49.490002
49.549999
50.080002
51.740002
50.880001
49.919998
50.470001
50.93
49.939999
50.459999
49.759998
49.220001
50.009998
50.98
50.889999
50.73
51.459999
51.330002
50.860001
50.709999
51.34
50.830002
50.700001
50.639999
50.849998
50.869999
50.619999
51.810001
52.349998
53.110001
53.279999
52.900002
53.32
52.860001
53.73
54.16
54.169998
53.740002
53.02
54.02
54.189999
53.93
54.029999
54.98
54.150002
51.650002
52.52
54.02
50.709999
51.639999
52.060001
51.959999
54.509998
54.77
55.07
54.970001
55.860001
54.720001
55.68
56.290001
55.740002
54.970001
54.380001
54.810001
55.709999
56.540001
56.93
56.099998
57.040001
56.580002
55.75
54.779999
54.75
55.52
54.990002
54.799999
55.099998
53.07
51.23
53.240002
52.02
52.169998
52.73
51.369999
51.939999
52.849998
52.889999
51.439999
51.630001
52.400002
52.139999
54.130001
52.849998
53.310001
51.919998
52.080002
53.209999
increase
