54.290001
54.189999
54.990002
55.119999
55.57
56.459999
56.110001
56.279999
56.470001
55.59
58.869999
59.470001
58.810001
59.43
59.900002
59.720001
59.880001
60.0
60.330002
59.73
59.91
60.310001
60.310001
61.43
62.299999
62.580002
62.610001
62.259998
62.279999
62.639999
62.5
62.669998
62.98
63.259998
62.580002
62.59
61.849998
61.959999
62.23
62.389999
62.549999
63.029999
63.0
63.0
63.509998
62.779999
62.720001
62.759998
62.950001
62.5
62.380001
62.669998
62.549999
61.790001
62.59
62.470001
62.209999
62.560001
63.049999
63.349998
63.07
62.459999
62.419998
62.75
63.16
63.290001
61.279999
62.060001
62.009998
62.209999
62.52
62.27
61.540001
62.279999
62.119999
61.830002
60.0
60.810001
59.740002
59.73
60.740002
61.029999
61.5
60.900002
60.75
61.349998
61.599998
61.360001
61.389999
61.330002
61.540001
61.5
61.939999
62.700001
62.869999
63.169998
63.389999
64.849998
64.699997
65.279999
65.400002
65.279999
65.25
65.199997
65.199997
64.779999
64.480003
64.239998
64.160004
63.669998
63.330002
63.209999
63.32
63.759998
63.75
63.59
63.57
63.75
63.75
63.73
63.990002
64.279999
64.910004
65.440002
65.709999
65.809998
65.559998
65.580002
65.940002
65.279999
64.980003
64.379997
63.740002
64.050003
63.240002
63.82
64.510002
67.309998
68.690002
69.709999
68.449997
69.510002
69.300003
69.129997
68.879997
69.900002
69.620003
70.410004
70.790001
70.949997
71.360001
71.07
71.290001
71.540001
71.389999
71.610001
72.290001
72.300003
71.019997
70.849998
70.970001
71.639999
71.879997
71.769997
72.230003
72.379997
71.760002
71.959999
72.629997
72.800003
72.709999
72.279999
71.989998
72.339996
72.449997
72.389999
72.040001
71.769997
72.099998
72.529999
73.360001
74.239998
75.110001
73.910004
74.589996
75.389999
75.540001
76.769997
76.330002
76.620003
77.480003
77.589996
78.330002
79.25
80.089996
79.18
78.349998
76.730003
77.82
76.779999
73.830002
73.269997
73.860001
71.510002
72.349998
73.190002
73.239998
74.459999
78.5
79.730003
80.349998
80.5
80.760002
82.790001
83.300003
81.669998
80.860001
80.440002
81.279999
81.889999
81.510002
81.760002
82.540001
84.519997
84.410004
84.589996
84.349998
84.690002
84.599998
83.150002
84.660004
84.099998
82.059998
80.599998
83.730003
81.860001
81.0
83.510002
81.209999
82.870003
82.849998
83.519997
80.970001
81.870003
83.089996
83.07
83.959999
83.57
84.400002
85.669998
85.970001
85.410004
increase
